"account","period","start_date","end_date","commodity","value"
"Financial:Commissions","2012-01-03","2012-01-03","2012-01-03","USD","0"
"Financial:Commissions","2012-01-04","2012-01-04","2012-01-04","USD","0"
"Financial:Commissions","2012-01-05","2012-01-05","2012-01-05","USD","0"
"Financial:Commissions","2012-01-06","2012-01-06","2012-01-06","USD","0"
"Financial:Commissions","2012-01-07","2012-01-07","2012-01-07","USD","0"
"Financial:Commissions","2012-01-08","2012-01-08","2012-01-08","USD","0"
"Financial:Commissions","2012-01-09","2012-01-09","2012-01-09","USD","0"
"Financial:Commissions","2012-01-10","2012-01-10","2012-01-10","USD","0"
"Financial:Commissions","2012-01-11","2012-01-11","2012-01-11","USD","0"
"Financial:Commissions","2012-01-12","2012-01-12","2012-01-12","USD","0"
"Financial:Commissions","2012-01-13","2012-01-13","2012-01-13","USD","0"
"Financial:Commissions","2012-01-14","2012-01-14","2012-01-14","USD","0"
"Financial:Commissions","2012-01-15","2012-01-15","2012-01-15","USD","0"
"Financial:Commissions","2012-01-16","2012-01-16","2012-01-16","USD","0"
"Financial:Commissions","2012-01-17","2012-01-17","2012-01-17","USD","0"
"Financial:Commissions","2012-01-18","2012-01-18","2012-01-18","USD","0"
"Financial:Commissions","2012-01-19","2012-01-19","2012-01-19","USD","0"
"Financial:Commissions","2012-01-20","2012-01-20","2012-01-20","USD","0"
"Financial:Commissions","2012-01-21","2012-01-21","2012-01-21","USD","0"
"Financial:Commissions","2012-01-22","2012-01-22","2012-01-22","USD","0"
"Financial:Commissions","2012-01-23","2012-01-23","2012-01-23","USD","0"
"Financial:Commissions","2012-01-24","2012-01-24","2012-01-24","USD","0"
"Financial:Commissions","2012-01-25","2012-01-25","2012-01-25","USD","0"
"Financial:Commissions","2012-01-26","2012-01-26","2012-01-26","USD","0"
"Financial:Commissions","2012-01-27","2012-01-27","2012-01-27","USD","0"
"Financial:Commissions","2012-01-28","2012-01-28","2012-01-28","USD","0"
"Financial:Commissions","2012-01-29","2012-01-29","2012-01-29","USD","0"
"Financial:Commissions","2012-01-30","2012-01-30","2012-01-30","USD","0"
"Financial:Commissions","2012-01-31","2012-01-31","2012-01-31","USD","0"
"Financial:Commissions","2012-02-01","2012-02-01","2012-02-01","USD","0"
"Financial:Commissions","2012-02-02","2012-02-02","2012-02-02","USD","0"
"Financial:Commissions","2012-02-03","2012-02-03","2012-02-03","USD","0"
"Financial:Commissions","2012-02-04","2012-02-04","2012-02-04","USD","0"
"Financial:Commissions","2012-02-05","2012-02-05","2012-02-05","USD","0"
"Financial:Commissions","2012-02-06","2012-02-06","2012-02-06","USD","0"
"Financial:Commissions","2012-02-07","2012-02-07","2012-02-07","USD","0"
"Financial:Commissions","2012-02-08","2012-02-08","2012-02-08","USD","0"
"Financial:Commissions","2012-02-09","2012-02-09","2012-02-09","USD","0"
"Financial:Commissions","2012-02-10","2012-02-10","2012-02-10","USD","0"
"Financial:Commissions","2012-02-11","2012-02-11","2012-02-11","USD","0"
"Financial:Commissions","2012-02-12","2012-02-12","2012-02-12","USD","0"
"Financial:Commissions","2012-02-13","2012-02-13","2012-02-13","USD","0"
"Financial:Commissions","2012-02-14","2012-02-14","2012-02-14","USD","0"
"Financial:Commissions","2012-02-15","2012-02-15","2012-02-15","USD","0"
"Financial:Commissions","2012-02-16","2012-02-16","2012-02-16","USD","0"
"Financial:Commissions","2012-02-17","2012-02-17","2012-02-17","USD","0"
"Financial:Commissions","2012-02-18","2012-02-18","2012-02-18","USD","0"
"Financial:Commissions","2012-02-19","2012-02-19","2012-02-19","USD","0"
"Financial:Commissions","2012-02-20","2012-02-20","2012-02-20","USD","0"
"Financial:Commissions","2012-02-21","2012-02-21","2012-02-21","USD","0"
"Financial:Commissions","2012-02-22","2012-02-22","2012-02-22","USD","0"
"Financial:Commissions","2012-02-23","2012-02-23","2012-02-23","USD","0"
"Financial:Commissions","2012-02-24","2012-02-24","2012-02-24","USD","0"
"Financial:Commissions","2012-02-25","2012-02-25","2012-02-25","USD","0"
"Financial:Commissions","2012-02-26","2012-02-26","2012-02-26","USD","0"
"Financial:Commissions","2012-02-27","2012-02-27","2012-02-27","USD","0"
"Financial:Commissions","2012-02-28","2012-02-28","2012-02-28","USD","0"
"Financial:Commissions","2012-02-29","2012-02-29","2012-02-29","USD","0"
"Financial:Commissions","2012-03-01","2012-03-01","2012-03-01","USD","0"
"Financial:Commissions","2012-03-02","2012-03-02","2012-03-02","USD","0"
"Financial:Commissions","2012-03-03","2012-03-03","2012-03-03","USD","0"
"Financial:Commissions","2012-03-04","2012-03-04","2012-03-04","USD","0"
"Financial:Commissions","2012-03-05","2012-03-05","2012-03-05","USD","0"
"Financial:Commissions","2012-03-06","2012-03-06","2012-03-06","USD","0"
"Financial:Commissions","2012-03-07","2012-03-07","2012-03-07","USD","0"
"Financial:Commissions","2012-03-08","2012-03-08","2012-03-08","USD","0"
"Financial:Commissions","2012-03-09","2012-03-09","2012-03-09","USD","0"
"Financial:Commissions","2012-03-10","2012-03-10","2012-03-10","USD","0"
"Financial:Commissions","2012-03-11","2012-03-11","2012-03-11","USD","0"
"Financial:Commissions","2012-03-12","2012-03-12","2012-03-12","USD","0"
"Financial:Commissions","2012-03-13","2012-03-13","2012-03-13","USD","0"
"Financial:Commissions","2012-03-14","2012-03-14","2012-03-14","USD","0"
"Financial:Commissions","2012-03-15","2012-03-15","2012-03-15","USD","0"
"Financial:Commissions","2012-03-16","2012-03-16","2012-03-16","USD","0"
"Financial:Commissions","2012-03-17","2012-03-17","2012-03-17","USD","0"
"Financial:Commissions","2012-03-18","2012-03-18","2012-03-18","USD","0"
"Financial:Commissions","2012-03-19","2012-03-19","2012-03-19","USD","0"
"Financial:Commissions","2012-03-20","2012-03-20","2012-03-20","USD","0"
"Financial:Commissions","2012-03-21","2012-03-21","2012-03-21","USD","0"
"Financial:Commissions","2012-03-22","2012-03-22","2012-03-22","USD","0"
"Financial:Commissions","2012-03-23","2012-03-23","2012-03-23","USD","0"
"Financial:Commissions","2012-03-24","2012-03-24","2012-03-24","USD","0"
"Financial:Commissions","2012-03-25","2012-03-25","2012-03-25","USD","0"
"Financial:Commissions","2012-03-26","2012-03-26","2012-03-26","USD","0"
"Financial:Commissions","2012-03-27","2012-03-27","2012-03-27","USD","0"
"Financial:Commissions","2012-03-28","2012-03-28","2012-03-28","USD","0"
"Financial:Commissions","2012-03-29","2012-03-29","2012-03-29","USD","0"
"Financial:Commissions","2012-03-30","2012-03-30","2012-03-30","USD","0"
"Financial:Commissions","2012-03-31","2012-03-31","2012-03-31","USD","0"
"Financial:Commissions","2012-04-01","2012-04-01","2012-04-01","USD","0"
"Financial:Commissions","2012-04-02","2012-04-02","2012-04-02","USD","0"
"Financial:Commissions","2012-04-03","2012-04-03","2012-04-03","USD","0"
"Financial:Commissions","2012-04-04","2012-04-04","2012-04-04","USD","0"
"Financial:Commissions","2012-04-05","2012-04-05","2012-04-05","USD","0"
"Financial:Commissions","2012-04-06","2012-04-06","2012-04-06","USD","0"
"Financial:Commissions","2012-04-07","2012-04-07","2012-04-07","USD","0"
"Financial:Commissions","2012-04-08","2012-04-08","2012-04-08","USD","0"
"Financial:Commissions","2012-04-09","2012-04-09","2012-04-09","USD","0"
"Financial:Commissions","2012-04-10","2012-04-10","2012-04-10","USD","0"
"Financial:Commissions","2012-04-11","2012-04-11","2012-04-11","USD","0"
"Financial:Commissions","2012-04-12","2012-04-12","2012-04-12","USD","0"
"Financial:Commissions","2012-04-13","2012-04-13","2012-04-13","USD","0"
"Financial:Commissions","2012-04-14","2012-04-14","2012-04-14","USD","0"
"Financial:Commissions","2012-04-15","2012-04-15","2012-04-15","USD","0"
"Financial:Commissions","2012-04-16","2012-04-16","2012-04-16","USD","0"
"Financial:Commissions","2012-04-17","2012-04-17","2012-04-17","USD","0"
"Financial:Commissions","2012-04-18","2012-04-18","2012-04-18","USD","0"
"Financial:Commissions","2012-04-19","2012-04-19","2012-04-19","USD","0"
"Financial:Commissions","2012-04-20","2012-04-20","2012-04-20","USD","0"
"Financial:Commissions","2012-04-21","2012-04-21","2012-04-21","USD","0"
"Financial:Commissions","2012-04-22","2012-04-22","2012-04-22","USD","0"
"Financial:Commissions","2012-04-23","2012-04-23","2012-04-23","USD","0"
"Financial:Commissions","2012-04-24","2012-04-24","2012-04-24","USD","0"
"Financial:Commissions","2012-04-25","2012-04-25","2012-04-25","USD","0"
"Financial:Commissions","2012-04-26","2012-04-26","2012-04-26","USD","0"
"Financial:Commissions","2012-04-27","2012-04-27","2012-04-27","USD","0"
"Financial:Commissions","2012-04-28","2012-04-28","2012-04-28","USD","0"
"Financial:Commissions","2012-04-29","2012-04-29","2012-04-29","USD","0"
"Financial:Commissions","2012-04-30","2012-04-30","2012-04-30","USD","0"
"Financial:Commissions","2012-05-01","2012-05-01","2012-05-01","USD","0"
"Financial:Commissions","2012-05-02","2012-05-02","2012-05-02","USD","0"
"Financial:Commissions","2012-05-03","2012-05-03","2012-05-03","USD","0"
"Financial:Commissions","2012-05-04","2012-05-04","2012-05-04","USD","0"
"Financial:Commissions","2012-05-05","2012-05-05","2012-05-05","USD","0"
"Financial:Commissions","2012-05-06","2012-05-06","2012-05-06","USD","0"
"Financial:Commissions","2012-05-07","2012-05-07","2012-05-07","USD","0"
"Financial:Commissions","2012-05-08","2012-05-08","2012-05-08","USD","0"
"Financial:Commissions","2012-05-09","2012-05-09","2012-05-09","USD","0"
"Financial:Commissions","2012-05-10","2012-05-10","2012-05-10","USD","0"
"Financial:Commissions","2012-05-11","2012-05-11","2012-05-11","USD","0"
"Financial:Commissions","2012-05-12","2012-05-12","2012-05-12","USD","0"
"Financial:Commissions","2012-05-13","2012-05-13","2012-05-13","USD","0"
"Financial:Commissions","2012-05-14","2012-05-14","2012-05-14","USD","0"
"Financial:Commissions","2012-05-15","2012-05-15","2012-05-15","USD","0"
"Financial:Commissions","2012-05-16","2012-05-16","2012-05-16","USD","0"
"Financial:Commissions","2012-05-17","2012-05-17","2012-05-17","USD","0"
"Financial:Commissions","2012-05-18","2012-05-18","2012-05-18","USD","0"
"Financial:Commissions","2012-05-19","2012-05-19","2012-05-19","USD","0"
"Financial:Commissions","2012-05-20","2012-05-20","2012-05-20","USD","0"
"Financial:Commissions","2012-05-21","2012-05-21","2012-05-21","USD","0"
"Financial:Commissions","2012-05-22","2012-05-22","2012-05-22","USD","0"
"Financial:Commissions","2012-05-23","2012-05-23","2012-05-23","USD","0"
"Financial:Commissions","2012-05-24","2012-05-24","2012-05-24","USD","0"
"Financial:Commissions","2012-05-25","2012-05-25","2012-05-25","USD","0"
"Financial:Commissions","2012-05-26","2012-05-26","2012-05-26","USD","0"
"Financial:Commissions","2012-05-27","2012-05-27","2012-05-27","USD","0"
"Financial:Commissions","2012-05-28","2012-05-28","2012-05-28","USD","0"
"Financial:Commissions","2012-05-29","2012-05-29","2012-05-29","USD","0"
"Financial:Commissions","2012-05-30","2012-05-30","2012-05-30","USD","0"
"Financial:Commissions","2012-05-31","2012-05-31","2012-05-31","USD","0"
"Financial:Commissions","2012-06-01","2012-06-01","2012-06-01","USD","0"
"Financial:Commissions","2012-06-02","2012-06-02","2012-06-02","USD","0"
"Financial:Commissions","2012-06-03","2012-06-03","2012-06-03","USD","0"
"Financial:Commissions","2012-06-04","2012-06-04","2012-06-04","USD","0"
"Financial:Commissions","2012-06-05","2012-06-05","2012-06-05","USD","0"
"Financial:Commissions","2012-06-06","2012-06-06","2012-06-06","USD","0"
"Financial:Commissions","2012-06-07","2012-06-07","2012-06-07","USD","0"
"Financial:Commissions","2012-06-08","2012-06-08","2012-06-08","USD","0"
"Financial:Commissions","2012-06-09","2012-06-09","2012-06-09","USD","0"
"Financial:Commissions","2012-06-10","2012-06-10","2012-06-10","USD","0"
"Financial:Commissions","2012-06-11","2012-06-11","2012-06-11","USD","0"
"Financial:Commissions","2012-06-12","2012-06-12","2012-06-12","USD","0"
"Financial:Commissions","2012-06-13","2012-06-13","2012-06-13","USD","0"
"Financial:Commissions","2012-06-14","2012-06-14","2012-06-14","USD","0"
"Financial:Commissions","2012-06-15","2012-06-15","2012-06-15","USD","0"
"Financial:Commissions","2012-06-16","2012-06-16","2012-06-16","USD","0"
"Financial:Commissions","2012-06-17","2012-06-17","2012-06-17","USD","0"
"Financial:Commissions","2012-06-18","2012-06-18","2012-06-18","USD","0"
"Financial:Commissions","2012-06-19","2012-06-19","2012-06-19","USD","0"
"Financial:Commissions","2012-06-20","2012-06-20","2012-06-20","USD","0"
"Financial:Commissions","2012-06-21","2012-06-21","2012-06-21","USD","0"
"Financial:Commissions","2012-06-22","2012-06-22","2012-06-22","USD","0"
"Financial:Commissions","2012-06-23","2012-06-23","2012-06-23","USD","0"
"Financial:Commissions","2012-06-24","2012-06-24","2012-06-24","USD","0"
"Financial:Commissions","2012-06-25","2012-06-25","2012-06-25","USD","0"
"Financial:Commissions","2012-06-26","2012-06-26","2012-06-26","USD","0"
"Financial:Commissions","2012-06-27","2012-06-27","2012-06-27","USD","0"
"Financial:Commissions","2012-06-28","2012-06-28","2012-06-28","USD","0"
"Financial:Commissions","2012-06-29","2012-06-29","2012-06-29","USD","0"
"Financial:Commissions","2012-06-30","2012-06-30","2012-06-30","USD","0"
"Financial:Commissions","2012-07-01","2012-07-01","2012-07-01","USD","0"
"Financial:Commissions","2012-07-02","2012-07-02","2012-07-02","USD","0"
"Financial:Commissions","2012-07-03","2012-07-03","2012-07-03","USD","0"
"Financial:Commissions","2012-07-04","2012-07-04","2012-07-04","USD","0"
"Financial:Commissions","2012-07-05","2012-07-05","2012-07-05","USD","0"
"Financial:Commissions","2012-07-06","2012-07-06","2012-07-06","USD","0"
"Financial:Commissions","2012-07-07","2012-07-07","2012-07-07","USD","0"
"Financial:Commissions","2012-07-08","2012-07-08","2012-07-08","USD","0"
"Financial:Commissions","2012-07-09","2012-07-09","2012-07-09","USD","0"
"Financial:Commissions","2012-07-10","2012-07-10","2012-07-10","USD","0"
"Financial:Commissions","2012-07-11","2012-07-11","2012-07-11","USD","0"
"Financial:Commissions","2012-07-12","2012-07-12","2012-07-12","USD","0"
"Financial:Commissions","2012-07-13","2012-07-13","2012-07-13","USD","0"
"Financial:Commissions","2012-07-14","2012-07-14","2012-07-14","USD","0"
"Financial:Commissions","2012-07-15","2012-07-15","2012-07-15","USD","0"
"Financial:Commissions","2012-07-16","2012-07-16","2012-07-16","USD","0"
"Financial:Commissions","2012-07-17","2012-07-17","2012-07-17","USD","0"
"Financial:Commissions","2012-07-18","2012-07-18","2012-07-18","USD","0"
"Financial:Commissions","2012-07-19","2012-07-19","2012-07-19","USD","0"
"Financial:Commissions","2012-07-20","2012-07-20","2012-07-20","USD","0"
"Financial:Commissions","2012-07-21","2012-07-21","2012-07-21","USD","0"
"Financial:Commissions","2012-07-22","2012-07-22","2012-07-22","USD","0"
"Financial:Commissions","2012-07-23","2012-07-23","2012-07-23","USD","0"
"Financial:Commissions","2012-07-24","2012-07-24","2012-07-24","USD","0"
"Financial:Commissions","2012-07-25","2012-07-25","2012-07-25","USD","0"
"Financial:Commissions","2012-07-26","2012-07-26","2012-07-26","USD","0"
"Financial:Commissions","2012-07-27","2012-07-27","2012-07-27","USD","0"
"Financial:Commissions","2012-07-28","2012-07-28","2012-07-28","USD","0"
"Financial:Commissions","2012-07-29","2012-07-29","2012-07-29","USD","0"
"Financial:Commissions","2012-07-30","2012-07-30","2012-07-30","USD","0"
"Financial:Commissions","2012-07-31","2012-07-31","2012-07-31","USD","0"
"Financial:Commissions","2012-08-01","2012-08-01","2012-08-01","USD","0"
"Financial:Commissions","2012-08-02","2012-08-02","2012-08-02","USD","0"
"Financial:Commissions","2012-08-03","2012-08-03","2012-08-03","USD","0"
"Financial:Commissions","2012-08-04","2012-08-04","2012-08-04","USD","0"
"Financial:Commissions","2012-08-05","2012-08-05","2012-08-05","USD","0"
"Financial:Commissions","2012-08-06","2012-08-06","2012-08-06","USD","0"
"Financial:Commissions","2012-08-07","2012-08-07","2012-08-07","USD","0"
"Financial:Commissions","2012-08-08","2012-08-08","2012-08-08","USD","0"
"Financial:Commissions","2012-08-09","2012-08-09","2012-08-09","USD","0"
"Financial:Commissions","2012-08-10","2012-08-10","2012-08-10","USD","0"
"Financial:Commissions","2012-08-11","2012-08-11","2012-08-11","USD","0"
"Financial:Commissions","2012-08-12","2012-08-12","2012-08-12","USD","0"
"Financial:Commissions","2012-08-13","2012-08-13","2012-08-13","USD","0"
"Financial:Commissions","2012-08-14","2012-08-14","2012-08-14","USD","0"
"Financial:Commissions","2012-08-15","2012-08-15","2012-08-15","USD","0"
"Financial:Commissions","2012-08-16","2012-08-16","2012-08-16","USD","0"
"Financial:Commissions","2012-08-17","2012-08-17","2012-08-17","USD","0"
"Financial:Commissions","2012-08-18","2012-08-18","2012-08-18","USD","0"
"Financial:Commissions","2012-08-19","2012-08-19","2012-08-19","USD","0"
"Financial:Commissions","2012-08-20","2012-08-20","2012-08-20","USD","0"
"Financial:Commissions","2012-08-21","2012-08-21","2012-08-21","USD","0"
"Financial:Commissions","2012-08-22","2012-08-22","2012-08-22","USD","0"
"Financial:Commissions","2012-08-23","2012-08-23","2012-08-23","USD","0"
"Financial:Commissions","2012-08-24","2012-08-24","2012-08-24","USD","0"
"Financial:Commissions","2012-08-25","2012-08-25","2012-08-25","USD","0"
"Financial:Commissions","2012-08-26","2012-08-26","2012-08-26","USD","0"
"Financial:Commissions","2012-08-27","2012-08-27","2012-08-27","USD","0"
"Financial:Commissions","2012-08-28","2012-08-28","2012-08-28","USD","0"
"Financial:Commissions","2012-08-29","2012-08-29","2012-08-29","USD","0"
"Financial:Commissions","2012-08-30","2012-08-30","2012-08-30","USD","0"
"Financial:Commissions","2012-08-31","2012-08-31","2012-08-31","USD","0"
"Financial:Commissions","2012-09-01","2012-09-01","2012-09-01","USD","0"
"Financial:Commissions","2012-09-02","2012-09-02","2012-09-02","USD","0"
"Financial:Commissions","2012-09-03","2012-09-03","2012-09-03","USD","0"
"Financial:Commissions","2012-09-04","2012-09-04","2012-09-04","USD","0"
"Financial:Commissions","2012-09-05","2012-09-05","2012-09-05","USD","0"
"Financial:Commissions","2012-09-06","2012-09-06","2012-09-06","USD","0"
"Financial:Commissions","2012-09-07","2012-09-07","2012-09-07","USD","0"
"Financial:Commissions","2012-09-08","2012-09-08","2012-09-08","USD","0"
"Financial:Commissions","2012-09-09","2012-09-09","2012-09-09","USD","0"
"Financial:Commissions","2012-09-10","2012-09-10","2012-09-10","USD","0"
"Financial:Commissions","2012-09-11","2012-09-11","2012-09-11","USD","0"
"Financial:Commissions","2012-09-12","2012-09-12","2012-09-12","USD","0"
"Financial:Commissions","2012-09-13","2012-09-13","2012-09-13","USD","0"
"Financial:Commissions","2012-09-14","2012-09-14","2012-09-14","USD","0"
"Financial:Commissions","2012-09-15","2012-09-15","2012-09-15","USD","0"
"Financial:Commissions","2012-09-16","2012-09-16","2012-09-16","USD","0"
"Financial:Commissions","2012-09-17","2012-09-17","2012-09-17","USD","0"
"Financial:Commissions","2012-09-18","2012-09-18","2012-09-18","USD","8.95"
"Financial:Commissions","2012-09-19","2012-09-19","2012-09-19","USD","0"
"Financial:Commissions","2012-09-20","2012-09-20","2012-09-20","USD","0"
"Financial:Commissions","2012-09-21","2012-09-21","2012-09-21","USD","0"
"Financial:Commissions","2012-09-22","2012-09-22","2012-09-22","USD","0"
"Financial:Commissions","2012-09-23","2012-09-23","2012-09-23","USD","0"
"Financial:Commissions","2012-09-24","2012-09-24","2012-09-24","USD","0"
"Financial:Commissions","2012-09-25","2012-09-25","2012-09-25","USD","0"
"Financial:Commissions","2012-09-26","2012-09-26","2012-09-26","USD","0"
"Financial:Commissions","2012-09-27","2012-09-27","2012-09-27","USD","0"
"Financial:Commissions","2012-09-28","2012-09-28","2012-09-28","USD","0"
"Financial:Commissions","2012-09-29","2012-09-29","2012-09-29","USD","0"
"Financial:Commissions","2012-09-30","2012-09-30","2012-09-30","USD","0"
"Financial:Commissions","2012-10-01","2012-10-01","2012-10-01","USD","0"
"Financial:Commissions","2012-10-02","2012-10-02","2012-10-02","USD","0"
"Financial:Commissions","2012-10-03","2012-10-03","2012-10-03","USD","0"
"Financial:Commissions","2012-10-04","2012-10-04","2012-10-04","USD","0"
"Financial:Commissions","2012-10-05","2012-10-05","2012-10-05","USD","0"
"Financial:Commissions","2012-10-06","2012-10-06","2012-10-06","USD","0"
"Financial:Commissions","2012-10-07","2012-10-07","2012-10-07","USD","0"
"Financial:Commissions","2012-10-08","2012-10-08","2012-10-08","USD","0"
"Financial:Commissions","2012-10-09","2012-10-09","2012-10-09","USD","0"
"Financial:Commissions","2012-10-10","2012-10-10","2012-10-10","USD","0"
"Financial:Commissions","2012-10-11","2012-10-11","2012-10-11","USD","0"
"Financial:Commissions","2012-10-12","2012-10-12","2012-10-12","USD","0"
"Financial:Commissions","2012-10-13","2012-10-13","2012-10-13","USD","0"
"Financial:Commissions","2012-10-14","2012-10-14","2012-10-14","USD","0"
"Financial:Commissions","2012-10-15","2012-10-15","2012-10-15","USD","0"
"Financial:Commissions","2012-10-16","2012-10-16","2012-10-16","USD","0"
"Financial:Commissions","2012-10-17","2012-10-17","2012-10-17","USD","0"
"Financial:Commissions","2012-10-18","2012-10-18","2012-10-18","USD","0"
"Financial:Commissions","2012-10-19","2012-10-19","2012-10-19","USD","0"
"Financial:Commissions","2012-10-20","2012-10-20","2012-10-20","USD","0"
"Financial:Commissions","2012-10-21","2012-10-21","2012-10-21","USD","0"
"Financial:Commissions","2012-10-22","2012-10-22","2012-10-22","USD","0"
"Financial:Commissions","2012-10-23","2012-10-23","2012-10-23","USD","0"
"Financial:Commissions","2012-10-24","2012-10-24","2012-10-24","USD","0"
"Financial:Commissions","2012-10-25","2012-10-25","2012-10-25","USD","26.85"
"Financial:Commissions","2012-10-26","2012-10-26","2012-10-26","USD","0"
"Financial:Commissions","2012-10-27","2012-10-27","2012-10-27","USD","0"
"Financial:Commissions","2012-10-28","2012-10-28","2012-10-28","USD","0"
"Financial:Commissions","2012-10-29","2012-10-29","2012-10-29","USD","0"
"Financial:Commissions","2012-10-30","2012-10-30","2012-10-30","USD","0"
"Financial:Commissions","2012-10-31","2012-10-31","2012-10-31","USD","0"
"Financial:Commissions","2012-11-01","2012-11-01","2012-11-01","USD","0"
"Financial:Commissions","2012-11-02","2012-11-02","2012-11-02","USD","0"
"Financial:Commissions","2012-11-03","2012-11-03","2012-11-03","USD","0"
"Financial:Commissions","2012-11-04","2012-11-04","2012-11-04","USD","0"
"Financial:Commissions","2012-11-05","2012-11-05","2012-11-05","USD","0"
"Financial:Commissions","2012-11-06","2012-11-06","2012-11-06","USD","0"
"Financial:Commissions","2012-11-07","2012-11-07","2012-11-07","USD","0"
"Financial:Commissions","2012-11-08","2012-11-08","2012-11-08","USD","0"
"Financial:Commissions","2012-11-09","2012-11-09","2012-11-09","USD","0"
"Financial:Commissions","2012-11-10","2012-11-10","2012-11-10","USD","0"
"Financial:Commissions","2012-11-11","2012-11-11","2012-11-11","USD","0"
"Financial:Commissions","2012-11-12","2012-11-12","2012-11-12","USD","0"
"Financial:Commissions","2012-11-13","2012-11-13","2012-11-13","USD","0"
"Financial:Commissions","2012-11-14","2012-11-14","2012-11-14","USD","0"
"Financial:Commissions","2012-11-15","2012-11-15","2012-11-15","USD","0"
"Financial:Commissions","2012-11-16","2012-11-16","2012-11-16","USD","0"
"Financial:Commissions","2012-11-17","2012-11-17","2012-11-17","USD","0"
"Financial:Commissions","2012-11-18","2012-11-18","2012-11-18","USD","0"
"Financial:Commissions","2012-11-19","2012-11-19","2012-11-19","USD","0"
"Financial:Commissions","2012-11-20","2012-11-20","2012-11-20","USD","0"
"Financial:Commissions","2012-11-21","2012-11-21","2012-11-21","USD","0"
"Financial:Commissions","2012-11-22","2012-11-22","2012-11-22","USD","0"
"Financial:Commissions","2012-11-23","2012-11-23","2012-11-23","USD","0"
"Financial:Commissions","2012-11-24","2012-11-24","2012-11-24","USD","0"
"Financial:Commissions","2012-11-25","2012-11-25","2012-11-25","USD","0"
"Financial:Commissions","2012-11-26","2012-11-26","2012-11-26","USD","0"
"Financial:Commissions","2012-11-27","2012-11-27","2012-11-27","USD","0"
"Financial:Commissions","2012-11-28","2012-11-28","2012-11-28","USD","0"
"Financial:Commissions","2012-11-29","2012-11-29","2012-11-29","USD","0"
"Financial:Commissions","2012-11-30","2012-11-30","2012-11-30","USD","0"
"Financial:Commissions","2012-12-01","2012-12-01","2012-12-01","USD","0"
"Financial:Commissions","2012-12-02","2012-12-02","2012-12-02","USD","0"
"Financial:Commissions","2012-12-03","2012-12-03","2012-12-03","USD","0"
"Financial:Commissions","2012-12-04","2012-12-04","2012-12-04","USD","0"
"Financial:Commissions","2012-12-05","2012-12-05","2012-12-05","USD","0"
"Financial:Commissions","2012-12-06","2012-12-06","2012-12-06","USD","0"
"Financial:Commissions","2012-12-07","2012-12-07","2012-12-07","USD","0"
"Financial:Commissions","2012-12-08","2012-12-08","2012-12-08","USD","0"
"Financial:Commissions","2012-12-09","2012-12-09","2012-12-09","USD","0"
"Financial:Commissions","2012-12-10","2012-12-10","2012-12-10","USD","0"
"Financial:Commissions","2012-12-11","2012-12-11","2012-12-11","USD","0"
"Financial:Commissions","2012-12-12","2012-12-12","2012-12-12","USD","0"
"Financial:Commissions","2012-12-13","2012-12-13","2012-12-13","USD","0"
"Financial:Commissions","2012-12-14","2012-12-14","2012-12-14","USD","0"
"Financial:Commissions","2012-12-15","2012-12-15","2012-12-15","USD","0"
"Financial:Commissions","2012-12-16","2012-12-16","2012-12-16","USD","0"
"Financial:Commissions","2012-12-17","2012-12-17","2012-12-17","USD","0"
"Financial:Commissions","2012-12-18","2012-12-18","2012-12-18","USD","0"
"Financial:Commissions","2012-12-19","2012-12-19","2012-12-19","USD","0"
"Financial:Commissions","2012-12-20","2012-12-20","2012-12-20","USD","0"
"Financial:Commissions","2012-12-21","2012-12-21","2012-12-21","USD","0"
"Financial:Commissions","2012-12-22","2012-12-22","2012-12-22","USD","0"
"Financial:Commissions","2012-12-23","2012-12-23","2012-12-23","USD","0"
"Financial:Commissions","2012-12-24","2012-12-24","2012-12-24","USD","0"
"Financial:Commissions","2012-12-25","2012-12-25","2012-12-25","USD","0"
"Financial:Commissions","2012-12-26","2012-12-26","2012-12-26","USD","0"
"Financial:Commissions","2012-12-27","2012-12-27","2012-12-27","USD","0"
"Financial:Commissions","2012-12-28","2012-12-28","2012-12-28","USD","0"
"Financial:Commissions","2012-12-29","2012-12-29","2012-12-29","USD","0"
"Financial:Commissions","2012-12-30","2012-12-30","2012-12-30","USD","0"
"Financial:Commissions","2012-12-31","2012-12-31","2012-12-31","USD","0"
"Financial:Commissions","2013-01-01","2013-01-01","2013-01-01","USD","0"
"Financial:Commissions","2013-01-02","2013-01-02","2013-01-02","USD","0"
"Financial:Commissions","2013-01-03","2013-01-03","2013-01-03","USD","0"
"Financial:Commissions","2013-01-04","2013-01-04","2013-01-04","USD","0"
"Financial:Commissions","2013-01-05","2013-01-05","2013-01-05","USD","0"
"Financial:Commissions","2013-01-06","2013-01-06","2013-01-06","USD","0"
"Financial:Commissions","2013-01-07","2013-01-07","2013-01-07","USD","0"
"Financial:Commissions","2013-01-08","2013-01-08","2013-01-08","USD","0"
"Financial:Commissions","2013-01-09","2013-01-09","2013-01-09","USD","0"
"Financial:Commissions","2013-01-10","2013-01-10","2013-01-10","USD","0"
"Financial:Commissions","2013-01-11","2013-01-11","2013-01-11","USD","0"
"Financial:Commissions","2013-01-12","2013-01-12","2013-01-12","USD","0"
"Financial:Commissions","2013-01-13","2013-01-13","2013-01-13","USD","0"
"Financial:Commissions","2013-01-14","2013-01-14","2013-01-14","USD","0"
"Financial:Commissions","2013-01-15","2013-01-15","2013-01-15","USD","0"
"Financial:Commissions","2013-01-16","2013-01-16","2013-01-16","USD","0"
"Financial:Commissions","2013-01-17","2013-01-17","2013-01-17","USD","0"
"Financial:Commissions","2013-01-18","2013-01-18","2013-01-18","USD","0"
"Financial:Commissions","2013-01-19","2013-01-19","2013-01-19","USD","0"
"Financial:Commissions","2013-01-20","2013-01-20","2013-01-20","USD","0"
"Financial:Commissions","2013-01-21","2013-01-21","2013-01-21","USD","0"
"Financial:Commissions","2013-01-22","2013-01-22","2013-01-22","USD","0"
"Financial:Commissions","2013-01-23","2013-01-23","2013-01-23","USD","0"
"Financial:Commissions","2013-01-24","2013-01-24","2013-01-24","USD","0"
"Financial:Commissions","2013-01-25","2013-01-25","2013-01-25","USD","0"
"Financial:Commissions","2013-01-26","2013-01-26","2013-01-26","USD","0"
"Financial:Commissions","2013-01-27","2013-01-27","2013-01-27","USD","0"
"Financial:Commissions","2013-01-28","2013-01-28","2013-01-28","USD","0"
"Financial:Commissions","2013-01-29","2013-01-29","2013-01-29","USD","0"
"Financial:Commissions","2013-01-30","2013-01-30","2013-01-30","USD","0"
"Financial:Commissions","2013-01-31","2013-01-31","2013-01-31","USD","0"
"Financial:Commissions","2013-02-01","2013-02-01","2013-02-01","USD","0"
"Financial:Commissions","2013-02-02","2013-02-02","2013-02-02","USD","0"
"Financial:Commissions","2013-02-03","2013-02-03","2013-02-03","USD","0"
"Financial:Commissions","2013-02-04","2013-02-04","2013-02-04","USD","0"
"Financial:Commissions","2013-02-05","2013-02-05","2013-02-05","USD","0"
"Financial:Commissions","2013-02-06","2013-02-06","2013-02-06","USD","0"
"Financial:Commissions","2013-02-07","2013-02-07","2013-02-07","USD","0"
"Financial:Commissions","2013-02-08","2013-02-08","2013-02-08","USD","0"
"Financial:Commissions","2013-02-09","2013-02-09","2013-02-09","USD","0"
"Financial:Commissions","2013-02-10","2013-02-10","2013-02-10","USD","0"
"Financial:Commissions","2013-02-11","2013-02-11","2013-02-11","USD","0"
"Financial:Commissions","2013-02-12","2013-02-12","2013-02-12","USD","0"
"Financial:Commissions","2013-02-13","2013-02-13","2013-02-13","USD","0"
"Financial:Commissions","2013-02-14","2013-02-14","2013-02-14","USD","0"
"Financial:Commissions","2013-02-15","2013-02-15","2013-02-15","USD","0"
"Financial:Commissions","2013-02-16","2013-02-16","2013-02-16","USD","0"
"Financial:Commissions","2013-02-17","2013-02-17","2013-02-17","USD","8.95"
"Financial:Commissions","2013-02-18","2013-02-18","2013-02-18","USD","0"
"Financial:Commissions","2013-02-19","2013-02-19","2013-02-19","USD","0"
"Financial:Commissions","2013-02-20","2013-02-20","2013-02-20","USD","0"
"Financial:Commissions","2013-02-21","2013-02-21","2013-02-21","USD","0"
"Financial:Commissions","2013-02-22","2013-02-22","2013-02-22","USD","0"
"Financial:Commissions","2013-02-23","2013-02-23","2013-02-23","USD","0"
"Financial:Commissions","2013-02-24","2013-02-24","2013-02-24","USD","0"
"Financial:Commissions","2013-02-25","2013-02-25","2013-02-25","USD","0"
"Financial:Commissions","2013-02-26","2013-02-26","2013-02-26","USD","0"
"Financial:Commissions","2013-02-27","2013-02-27","2013-02-27","USD","0"
"Financial:Commissions","2013-02-28","2013-02-28","2013-02-28","USD","0"
"Financial:Commissions","2013-03-01","2013-03-01","2013-03-01","USD","0"
"Financial:Commissions","2013-03-02","2013-03-02","2013-03-02","USD","0"
"Financial:Commissions","2013-03-03","2013-03-03","2013-03-03","USD","0"
"Financial:Commissions","2013-03-04","2013-03-04","2013-03-04","USD","0"
"Financial:Commissions","2013-03-05","2013-03-05","2013-03-05","USD","0"
"Financial:Commissions","2013-03-06","2013-03-06","2013-03-06","USD","0"
"Financial:Commissions","2013-03-07","2013-03-07","2013-03-07","USD","0"
"Financial:Commissions","2013-03-08","2013-03-08","2013-03-08","USD","0"
"Financial:Commissions","2013-03-09","2013-03-09","2013-03-09","USD","0"
"Financial:Commissions","2013-03-10","2013-03-10","2013-03-10","USD","0"
"Financial:Commissions","2013-03-11","2013-03-11","2013-03-11","USD","0"
"Financial:Commissions","2013-03-12","2013-03-12","2013-03-12","USD","0"
"Financial:Commissions","2013-03-13","2013-03-13","2013-03-13","USD","0"
"Financial:Commissions","2013-03-14","2013-03-14","2013-03-14","USD","0"
"Financial:Commissions","2013-03-15","2013-03-15","2013-03-15","USD","0"
"Financial:Commissions","2013-03-16","2013-03-16","2013-03-16","USD","0"
"Financial:Commissions","2013-03-17","2013-03-17","2013-03-17","USD","0"
"Financial:Commissions","2013-03-18","2013-03-18","2013-03-18","USD","0"
"Financial:Commissions","2013-03-19","2013-03-19","2013-03-19","USD","0"
"Financial:Commissions","2013-03-20","2013-03-20","2013-03-20","USD","35.80"
"Financial:Commissions","2013-03-21","2013-03-21","2013-03-21","USD","0"
"Financial:Commissions","2013-03-22","2013-03-22","2013-03-22","USD","0"
"Financial:Commissions","2013-03-23","2013-03-23","2013-03-23","USD","0"
"Financial:Commissions","2013-03-24","2013-03-24","2013-03-24","USD","0"
"Financial:Commissions","2013-03-25","2013-03-25","2013-03-25","USD","0"
"Financial:Commissions","2013-03-26","2013-03-26","2013-03-26","USD","0"
"Financial:Commissions","2013-03-27","2013-03-27","2013-03-27","USD","0"
"Financial:Commissions","2013-03-28","2013-03-28","2013-03-28","USD","0"
"Financial:Commissions","2013-03-29","2013-03-29","2013-03-29","USD","0"
"Financial:Commissions","2013-03-30","2013-03-30","2013-03-30","USD","0"
"Financial:Commissions","2013-03-31","2013-03-31","2013-03-31","USD","0"
"Financial:Commissions","2013-04-01","2013-04-01","2013-04-01","USD","0"
"Financial:Commissions","2013-04-02","2013-04-02","2013-04-02","USD","0"
"Financial:Commissions","2013-04-03","2013-04-03","2013-04-03","USD","0"
"Financial:Commissions","2013-04-04","2013-04-04","2013-04-04","USD","8.95"
"Financial:Commissions","2013-04-05","2013-04-05","2013-04-05","USD","0"
"Financial:Commissions","2013-04-06","2013-04-06","2013-04-06","USD","0"
"Financial:Commissions","2013-04-07","2013-04-07","2013-04-07","USD","0"
"Financial:Commissions","2013-04-08","2013-04-08","2013-04-08","USD","0"
"Financial:Commissions","2013-04-09","2013-04-09","2013-04-09","USD","0"
"Financial:Commissions","2013-04-10","2013-04-10","2013-04-10","USD","17.90"
"Financial:Commissions","2013-04-11","2013-04-11","2013-04-11","USD","0"
"Financial:Commissions","2013-04-12","2013-04-12","2013-04-12","USD","0"
"Financial:Commissions","2013-04-13","2013-04-13","2013-04-13","USD","0"
"Financial:Commissions","2013-04-14","2013-04-14","2013-04-14","USD","0"
"Financial:Commissions","2013-04-15","2013-04-15","2013-04-15","USD","0"
"Financial:Commissions","2013-04-16","2013-04-16","2013-04-16","USD","0"
"Financial:Commissions","2013-04-17","2013-04-17","2013-04-17","USD","0"
"Financial:Commissions","2013-04-18","2013-04-18","2013-04-18","USD","0"
"Financial:Commissions","2013-04-19","2013-04-19","2013-04-19","USD","0"
"Financial:Commissions","2013-04-20","2013-04-20","2013-04-20","USD","0"
"Financial:Commissions","2013-04-21","2013-04-21","2013-04-21","USD","0"
"Financial:Commissions","2013-04-22","2013-04-22","2013-04-22","USD","0"
"Financial:Commissions","2013-04-23","2013-04-23","2013-04-23","USD","0"
"Financial:Commissions","2013-04-24","2013-04-24","2013-04-24","USD","0"
"Financial:Commissions","2013-04-25","2013-04-25","2013-04-25","USD","0"
"Financial:Commissions","2013-04-26","2013-04-26","2013-04-26","USD","0"
"Financial:Commissions","2013-04-27","2013-04-27","2013-04-27","USD","0"
"Financial:Commissions","2013-04-28","2013-04-28","2013-04-28","USD","0"
"Financial:Commissions","2013-04-29","2013-04-29","2013-04-29","USD","0"
"Financial:Commissions","2013-04-30","2013-04-30","2013-04-30","USD","0"
"Financial:Commissions","2013-05-01","2013-05-01","2013-05-01","USD","0"
"Financial:Commissions","2013-05-02","2013-05-02","2013-05-02","USD","0"
"Financial:Commissions","2013-05-03","2013-05-03","2013-05-03","USD","0"
"Financial:Commissions","2013-05-04","2013-05-04","2013-05-04","USD","0"
"Financial:Commissions","2013-05-05","2013-05-05","2013-05-05","USD","0"
"Financial:Commissions","2013-05-06","2013-05-06","2013-05-06","USD","0"
"Financial:Commissions","2013-05-07","2013-05-07","2013-05-07","USD","0"
"Financial:Commissions","2013-05-08","2013-05-08","2013-05-08","USD","0"
"Financial:Commissions","2013-05-09","2013-05-09","2013-05-09","USD","0"
"Financial:Commissions","2013-05-10","2013-05-10","2013-05-10","USD","8.95"
"Financial:Commissions","2013-05-11","2013-05-11","2013-05-11","USD","0"
"Financial:Commissions","2013-05-12","2013-05-12","2013-05-12","USD","0"
"Financial:Commissions","2013-05-13","2013-05-13","2013-05-13","USD","0"
"Financial:Commissions","2013-05-14","2013-05-14","2013-05-14","USD","0"
"Financial:Commissions","2013-05-15","2013-05-15","2013-05-15","USD","0"
"Financial:Commissions","2013-05-16","2013-05-16","2013-05-16","USD","0"
"Financial:Commissions","2013-05-17","2013-05-17","2013-05-17","USD","0"
"Financial:Commissions","2013-05-18","2013-05-18","2013-05-18","USD","0"
"Financial:Commissions","2013-05-19","2013-05-19","2013-05-19","USD","0"
"Financial:Commissions","2013-05-20","2013-05-20","2013-05-20","USD","17.90"
"Financial:Commissions","2013-05-21","2013-05-21","2013-05-21","USD","0"
"Financial:Commissions","2013-05-22","2013-05-22","2013-05-22","USD","0"
"Financial:Commissions","2013-05-23","2013-05-23","2013-05-23","USD","0"
"Financial:Commissions","2013-05-24","2013-05-24","2013-05-24","USD","0"
"Financial:Commissions","2013-05-25","2013-05-25","2013-05-25","USD","0"
"Financial:Commissions","2013-05-26","2013-05-26","2013-05-26","USD","0"
"Financial:Commissions","2013-05-27","2013-05-27","2013-05-27","USD","0"
"Financial:Commissions","2013-05-28","2013-05-28","2013-05-28","USD","0"
"Financial:Commissions","2013-05-29","2013-05-29","2013-05-29","USD","0"
"Financial:Commissions","2013-05-30","2013-05-30","2013-05-30","USD","0"
"Financial:Commissions","2013-05-31","2013-05-31","2013-05-31","USD","0"
"Financial:Commissions","2013-06-01","2013-06-01","2013-06-01","USD","0"
"Financial:Commissions","2013-06-02","2013-06-02","2013-06-02","USD","0"
"Financial:Commissions","2013-06-03","2013-06-03","2013-06-03","USD","0"
"Financial:Commissions","2013-06-04","2013-06-04","2013-06-04","USD","0"
"Financial:Commissions","2013-06-05","2013-06-05","2013-06-05","USD","0"
"Financial:Commissions","2013-06-06","2013-06-06","2013-06-06","USD","0"
"Financial:Commissions","2013-06-07","2013-06-07","2013-06-07","USD","0"
"Financial:Commissions","2013-06-08","2013-06-08","2013-06-08","USD","0"
"Financial:Commissions","2013-06-09","2013-06-09","2013-06-09","USD","0"
"Financial:Commissions","2013-06-10","2013-06-10","2013-06-10","USD","0"
"Financial:Commissions","2013-06-11","2013-06-11","2013-06-11","USD","0"
"Financial:Commissions","2013-06-12","2013-06-12","2013-06-12","USD","0"
"Financial:Commissions","2013-06-13","2013-06-13","2013-06-13","USD","0"
"Financial:Commissions","2013-06-14","2013-06-14","2013-06-14","USD","17.90"
"Financial:Commissions","2013-06-15","2013-06-15","2013-06-15","USD","0"
"Financial:Commissions","2013-06-16","2013-06-16","2013-06-16","USD","0"
"Financial:Commissions","2013-06-17","2013-06-17","2013-06-17","USD","0"
"Financial:Commissions","2013-06-18","2013-06-18","2013-06-18","USD","0"
"Financial:Commissions","2013-06-19","2013-06-19","2013-06-19","USD","0"
"Financial:Commissions","2013-06-20","2013-06-20","2013-06-20","USD","0"
"Financial:Commissions","2013-06-21","2013-06-21","2013-06-21","USD","0"
"Financial:Commissions","2013-06-22","2013-06-22","2013-06-22","USD","0"
"Financial:Commissions","2013-06-23","2013-06-23","2013-06-23","USD","0"
"Financial:Commissions","2013-06-24","2013-06-24","2013-06-24","USD","0"
"Financial:Commissions","2013-06-25","2013-06-25","2013-06-25","USD","0"
"Financial:Commissions","2013-06-26","2013-06-26","2013-06-26","USD","0"
"Financial:Commissions","2013-06-27","2013-06-27","2013-06-27","USD","0"
"Financial:Commissions","2013-06-28","2013-06-28","2013-06-28","USD","0"
"Financial:Commissions","2013-06-29","2013-06-29","2013-06-29","USD","0"
"Financial:Commissions","2013-06-30","2013-06-30","2013-06-30","USD","0"
"Financial:Commissions","2013-07-01","2013-07-01","2013-07-01","USD","0"
"Financial:Commissions","2013-07-02","2013-07-02","2013-07-02","USD","0"
"Financial:Commissions","2013-07-03","2013-07-03","2013-07-03","USD","0"
"Financial:Commissions","2013-07-04","2013-07-04","2013-07-04","USD","0"
"Financial:Commissions","2013-07-05","2013-07-05","2013-07-05","USD","0"
"Financial:Commissions","2013-07-06","2013-07-06","2013-07-06","USD","0"
"Financial:Commissions","2013-07-07","2013-07-07","2013-07-07","USD","0"
"Financial:Commissions","2013-07-08","2013-07-08","2013-07-08","USD","0"
"Financial:Commissions","2013-07-09","2013-07-09","2013-07-09","USD","0"
"Financial:Commissions","2013-07-10","2013-07-10","2013-07-10","USD","0"
"Financial:Commissions","2013-07-11","2013-07-11","2013-07-11","USD","0"
"Financial:Commissions","2013-07-12","2013-07-12","2013-07-12","USD","0"
"Financial:Commissions","2013-07-13","2013-07-13","2013-07-13","USD","0"
"Financial:Commissions","2013-07-14","2013-07-14","2013-07-14","USD","0"
"Financial:Commissions","2013-07-15","2013-07-15","2013-07-15","USD","0"
"Financial:Commissions","2013-07-16","2013-07-16","2013-07-16","USD","0"
"Financial:Commissions","2013-07-17","2013-07-17","2013-07-17","USD","0"
"Financial:Commissions","2013-07-18","2013-07-18","2013-07-18","USD","0"
"Financial:Commissions","2013-07-19","2013-07-19","2013-07-19","USD","0"
"Financial:Commissions","2013-07-20","2013-07-20","2013-07-20","USD","0"
"Financial:Commissions","2013-07-21","2013-07-21","2013-07-21","USD","0"
"Financial:Commissions","2013-07-22","2013-07-22","2013-07-22","USD","0"
"Financial:Commissions","2013-07-23","2013-07-23","2013-07-23","USD","0"
"Financial:Commissions","2013-07-24","2013-07-24","2013-07-24","USD","0"
"Financial:Commissions","2013-07-25","2013-07-25","2013-07-25","USD","0"
"Financial:Commissions","2013-07-26","2013-07-26","2013-07-26","USD","0"
"Financial:Commissions","2013-07-27","2013-07-27","2013-07-27","USD","0"
"Financial:Commissions","2013-07-28","2013-07-28","2013-07-28","USD","0"
"Financial:Commissions","2013-07-29","2013-07-29","2013-07-29","USD","0"
"Financial:Commissions","2013-07-30","2013-07-30","2013-07-30","USD","0"
"Financial:Commissions","2013-07-31","2013-07-31","2013-07-31","USD","0"
"Financial:Commissions","2013-08-01","2013-08-01","2013-08-01","USD","0"
"Financial:Commissions","2013-08-02","2013-08-02","2013-08-02","USD","0"
"Financial:Commissions","2013-08-03","2013-08-03","2013-08-03","USD","0"
"Financial:Commissions","2013-08-04","2013-08-04","2013-08-04","USD","0"
"Financial:Commissions","2013-08-05","2013-08-05","2013-08-05","USD","0"
"Financial:Commissions","2013-08-06","2013-08-06","2013-08-06","USD","0"
"Financial:Commissions","2013-08-07","2013-08-07","2013-08-07","USD","0"
"Financial:Commissions","2013-08-08","2013-08-08","2013-08-08","USD","0"
"Financial:Commissions","2013-08-09","2013-08-09","2013-08-09","USD","0"
"Financial:Commissions","2013-08-10","2013-08-10","2013-08-10","USD","0"
"Financial:Commissions","2013-08-11","2013-08-11","2013-08-11","USD","0"
"Financial:Commissions","2013-08-12","2013-08-12","2013-08-12","USD","0"
"Financial:Commissions","2013-08-13","2013-08-13","2013-08-13","USD","0"
"Financial:Commissions","2013-08-14","2013-08-14","2013-08-14","USD","0"
"Financial:Commissions","2013-08-15","2013-08-15","2013-08-15","USD","0"
"Financial:Commissions","2013-08-16","2013-08-16","2013-08-16","USD","0"
"Financial:Commissions","2013-08-17","2013-08-17","2013-08-17","USD","0"
"Financial:Commissions","2013-08-18","2013-08-18","2013-08-18","USD","0"
"Financial:Commissions","2013-08-19","2013-08-19","2013-08-19","USD","0"
"Financial:Commissions","2013-08-20","2013-08-20","2013-08-20","USD","17.90"
"Financial:Commissions","2013-08-21","2013-08-21","2013-08-21","USD","0"
"Financial:Commissions","2013-08-22","2013-08-22","2013-08-22","USD","0"
"Financial:Commissions","2013-08-23","2013-08-23","2013-08-23","USD","0"
"Financial:Commissions","2013-08-24","2013-08-24","2013-08-24","USD","0"
"Financial:Commissions","2013-08-25","2013-08-25","2013-08-25","USD","0"
"Financial:Commissions","2013-08-26","2013-08-26","2013-08-26","USD","0"
"Financial:Commissions","2013-08-27","2013-08-27","2013-08-27","USD","0"
"Financial:Commissions","2013-08-28","2013-08-28","2013-08-28","USD","0"
"Financial:Commissions","2013-08-29","2013-08-29","2013-08-29","USD","0"
"Financial:Commissions","2013-08-30","2013-08-30","2013-08-30","USD","0"
"Financial:Commissions","2013-08-31","2013-08-31","2013-08-31","USD","0"
"Financial:Commissions","2013-09-01","2013-09-01","2013-09-01","USD","0"
"Financial:Commissions","2013-09-02","2013-09-02","2013-09-02","USD","0"
"Financial:Commissions","2013-09-03","2013-09-03","2013-09-03","USD","0"
"Financial:Commissions","2013-09-04","2013-09-04","2013-09-04","USD","0"
"Financial:Commissions","2013-09-05","2013-09-05","2013-09-05","USD","0"
"Financial:Commissions","2013-09-06","2013-09-06","2013-09-06","USD","0"
"Financial:Commissions","2013-09-07","2013-09-07","2013-09-07","USD","0"
"Financial:Commissions","2013-09-08","2013-09-08","2013-09-08","USD","0"
"Financial:Commissions","2013-09-09","2013-09-09","2013-09-09","USD","0"
"Financial:Commissions","2013-09-10","2013-09-10","2013-09-10","USD","0"
"Financial:Commissions","2013-09-11","2013-09-11","2013-09-11","USD","0"
"Financial:Commissions","2013-09-12","2013-09-12","2013-09-12","USD","0"
"Financial:Commissions","2013-09-13","2013-09-13","2013-09-13","USD","0"
"Financial:Commissions","2013-09-14","2013-09-14","2013-09-14","USD","0"
"Financial:Commissions","2013-09-15","2013-09-15","2013-09-15","USD","0"
"Financial:Commissions","2013-09-16","2013-09-16","2013-09-16","USD","0"
"Financial:Commissions","2013-09-17","2013-09-17","2013-09-17","USD","0"
"Financial:Commissions","2013-09-18","2013-09-18","2013-09-18","USD","0"
"Financial:Commissions","2013-09-19","2013-09-19","2013-09-19","USD","0"
"Financial:Commissions","2013-09-20","2013-09-20","2013-09-20","USD","8.95"
"Financial:Commissions","2013-09-21","2013-09-21","2013-09-21","USD","0"
"Financial:Commissions","2013-09-22","2013-09-22","2013-09-22","USD","35.80"
"Financial:Commissions","2013-09-23","2013-09-23","2013-09-23","USD","0"
"Financial:Commissions","2013-09-24","2013-09-24","2013-09-24","USD","0"
"Financial:Commissions","2013-09-25","2013-09-25","2013-09-25","USD","0"
"Financial:Commissions","2013-09-26","2013-09-26","2013-09-26","USD","0"
"Financial:Commissions","2013-09-27","2013-09-27","2013-09-27","USD","0"
"Financial:Commissions","2013-09-28","2013-09-28","2013-09-28","USD","0"
"Financial:Commissions","2013-09-29","2013-09-29","2013-09-29","USD","0"
"Financial:Commissions","2013-09-30","2013-09-30","2013-09-30","USD","0"
"Financial:Commissions","2013-10-01","2013-10-01","2013-10-01","USD","0"
"Financial:Commissions","2013-10-02","2013-10-02","2013-10-02","USD","0"
"Financial:Commissions","2013-10-03","2013-10-03","2013-10-03","USD","0"
"Financial:Commissions","2013-10-04","2013-10-04","2013-10-04","USD","8.95"
"Financial:Commissions","2013-10-05","2013-10-05","2013-10-05","USD","0"
"Financial:Commissions","2013-10-06","2013-10-06","2013-10-06","USD","8.95"
"Financial:Commissions","2013-10-07","2013-10-07","2013-10-07","USD","0"
"Financial:Commissions","2013-10-08","2013-10-08","2013-10-08","USD","0"
"Financial:Commissions","2013-10-09","2013-10-09","2013-10-09","USD","0"
"Financial:Commissions","2013-10-10","2013-10-10","2013-10-10","USD","0"
"Financial:Commissions","2013-10-11","2013-10-11","2013-10-11","USD","0"
"Financial:Commissions","2013-10-12","2013-10-12","2013-10-12","USD","0"
"Financial:Commissions","2013-10-13","2013-10-13","2013-10-13","USD","0"
"Financial:Commissions","2013-10-14","2013-10-14","2013-10-14","USD","0"
"Financial:Commissions","2013-10-15","2013-10-15","2013-10-15","USD","0"
"Financial:Commissions","2013-10-16","2013-10-16","2013-10-16","USD","0"
"Financial:Commissions","2013-10-17","2013-10-17","2013-10-17","USD","0"
"Financial:Commissions","2013-10-18","2013-10-18","2013-10-18","USD","0"
"Financial:Commissions","2013-10-19","2013-10-19","2013-10-19","USD","0"
"Financial:Commissions","2013-10-20","2013-10-20","2013-10-20","USD","0"
"Financial:Commissions","2013-10-21","2013-10-21","2013-10-21","USD","0"
"Financial:Commissions","2013-10-22","2013-10-22","2013-10-22","USD","0"
"Financial:Commissions","2013-10-23","2013-10-23","2013-10-23","USD","17.90"
"Financial:Commissions","2013-10-24","2013-10-24","2013-10-24","USD","0"
"Financial:Commissions","2013-10-25","2013-10-25","2013-10-25","USD","0"
"Financial:Commissions","2013-10-26","2013-10-26","2013-10-26","USD","0"
"Financial:Commissions","2013-10-27","2013-10-27","2013-10-27","USD","0"
"Financial:Commissions","2013-10-28","2013-10-28","2013-10-28","USD","0"
"Financial:Commissions","2013-10-29","2013-10-29","2013-10-29","USD","0"
"Financial:Commissions","2013-10-30","2013-10-30","2013-10-30","USD","0"
"Financial:Commissions","2013-10-31","2013-10-31","2013-10-31","USD","0"
"Financial:Commissions","2013-11-01","2013-11-01","2013-11-01","USD","0"
"Financial:Commissions","2013-11-02","2013-11-02","2013-11-02","USD","0"
"Financial:Commissions","2013-11-03","2013-11-03","2013-11-03","USD","0"
"Financial:Commissions","2013-11-04","2013-11-04","2013-11-04","USD","0"
"Financial:Commissions","2013-11-05","2013-11-05","2013-11-05","USD","0"
"Financial:Commissions","2013-11-06","2013-11-06","2013-11-06","USD","0"
"Financial:Commissions","2013-11-07","2013-11-07","2013-11-07","USD","0"
"Financial:Commissions","2013-11-08","2013-11-08","2013-11-08","USD","0"
"Financial:Commissions","2013-11-09","2013-11-09","2013-11-09","USD","0"
"Financial:Commissions","2013-11-10","2013-11-10","2013-11-10","USD","0"
"Financial:Commissions","2013-11-11","2013-11-11","2013-11-11","USD","0"
"Financial:Commissions","2013-11-12","2013-11-12","2013-11-12","USD","0"
"Financial:Commissions","2013-11-13","2013-11-13","2013-11-13","USD","0"
"Financial:Commissions","2013-11-14","2013-11-14","2013-11-14","USD","0"
"Financial:Commissions","2013-11-15","2013-11-15","2013-11-15","USD","0"
"Financial:Commissions","2013-11-16","2013-11-16","2013-11-16","USD","0"
"Financial:Commissions","2013-11-17","2013-11-17","2013-11-17","USD","0"
"Financial:Commissions","2013-11-18","2013-11-18","2013-11-18","USD","0"
"Financial:Commissions","2013-11-19","2013-11-19","2013-11-19","USD","0"
"Financial:Commissions","2013-11-20","2013-11-20","2013-11-20","USD","0"
"Financial:Commissions","2013-11-21","2013-11-21","2013-11-21","USD","0"
"Financial:Commissions","2013-11-22","2013-11-22","2013-11-22","USD","0"
"Financial:Commissions","2013-11-23","2013-11-23","2013-11-23","USD","0"
"Financial:Commissions","2013-11-24","2013-11-24","2013-11-24","USD","0"
"Financial:Commissions","2013-11-25","2013-11-25","2013-11-25","USD","0"
"Financial:Commissions","2013-11-26","2013-11-26","2013-11-26","USD","0"
"Financial:Commissions","2013-11-27","2013-11-27","2013-11-27","USD","0"
"Financial:Commissions","2013-11-28","2013-11-28","2013-11-28","USD","0"
"Financial:Commissions","2013-11-29","2013-11-29","2013-11-29","USD","0"
"Financial:Commissions","2013-11-30","2013-11-30","2013-11-30","USD","0"
"Financial:Commissions","2013-12-01","2013-12-01","2013-12-01","USD","0"
"Financial:Commissions","2013-12-02","2013-12-02","2013-12-02","USD","0"
"Financial:Commissions","2013-12-03","2013-12-03","2013-12-03","USD","0"
"Financial:Commissions","2013-12-04","2013-12-04","2013-12-04","USD","0"
"Financial:Commissions","2013-12-05","2013-12-05","2013-12-05","USD","0"
"Financial:Commissions","2013-12-06","2013-12-06","2013-12-06","USD","0"
"Financial:Commissions","2013-12-07","2013-12-07","2013-12-07","USD","0"
"Financial:Commissions","2013-12-08","2013-12-08","2013-12-08","USD","0"
"Financial:Commissions","2013-12-09","2013-12-09","2013-12-09","USD","0"
"Financial:Commissions","2013-12-10","2013-12-10","2013-12-10","USD","0"
"Financial:Commissions","2013-12-11","2013-12-11","2013-12-11","USD","0"
"Financial:Commissions","2013-12-12","2013-12-12","2013-12-12","USD","0"
"Financial:Commissions","2013-12-13","2013-12-13","2013-12-13","USD","0"
"Financial:Commissions","2013-12-14","2013-12-14","2013-12-14","USD","0"
"Financial:Commissions","2013-12-15","2013-12-15","2013-12-15","USD","0"
"Financial:Commissions","2013-12-16","2013-12-16","2013-12-16","USD","0"
"Financial:Commissions","2013-12-17","2013-12-17","2013-12-17","USD","0"
"Financial:Commissions","2013-12-18","2013-12-18","2013-12-18","USD","0"
"Financial:Commissions","2013-12-19","2013-12-19","2013-12-19","USD","0"
"Financial:Commissions","2013-12-20","2013-12-20","2013-12-20","USD","0"
"Financial:Commissions","2013-12-21","2013-12-21","2013-12-21","USD","0"
"Financial:Commissions","2013-12-22","2013-12-22","2013-12-22","USD","0"
"Financial:Commissions","2013-12-23","2013-12-23","2013-12-23","USD","0"
"Financial:Commissions","2013-12-24","2013-12-24","2013-12-24","USD","0"
"Financial:Commissions","2013-12-25","2013-12-25","2013-12-25","USD","0"
"Financial:Commissions","2013-12-26","2013-12-26","2013-12-26","USD","0"
"Financial:Commissions","2013-12-27","2013-12-27","2013-12-27","USD","0"
"Financial:Commissions","2013-12-28","2013-12-28","2013-12-28","USD","0"
"Financial:Commissions","2013-12-29","2013-12-29","2013-12-29","USD","0"
"Financial:Commissions","2013-12-30","2013-12-30","2013-12-30","USD","0"
"Financial:Commissions","2013-12-31","2013-12-31","2013-12-31","USD","0"
"Financial:Commissions","2014-01-01","2014-01-01","2014-01-01","USD","0"
"Financial:Commissions","2014-01-02","2014-01-02","2014-01-02","USD","0"
"Financial:Commissions","2014-01-03","2014-01-03","2014-01-03","USD","0"
"Financial:Commissions","2014-01-04","2014-01-04","2014-01-04","USD","0"
"Financial:Commissions","2014-01-05","2014-01-05","2014-01-05","USD","0"
"Financial:Commissions","2014-01-06","2014-01-06","2014-01-06","USD","0"
"Financial:Commissions","2014-01-07","2014-01-07","2014-01-07","USD","0"
"Financial:Commissions","2014-01-08","2014-01-08","2014-01-08","USD","0"
"Financial:Commissions","2014-01-09","2014-01-09","2014-01-09","USD","0"
"Financial:Commissions","2014-01-10","2014-01-10","2014-01-10","USD","0"
"Financial:Commissions","2014-01-11","2014-01-11","2014-01-11","USD","0"
"Financial:Commissions","2014-01-12","2014-01-12","2014-01-12","USD","0"
"Financial:Commissions","2014-01-13","2014-01-13","2014-01-13","USD","0"
"Financial:Commissions","2014-01-14","2014-01-14","2014-01-14","USD","0"
"Financial:Commissions","2014-01-15","2014-01-15","2014-01-15","USD","0"
"Financial:Commissions","2014-01-16","2014-01-16","2014-01-16","USD","0"
"Financial:Commissions","2014-01-17","2014-01-17","2014-01-17","USD","0"
"Financial:Commissions","2014-01-18","2014-01-18","2014-01-18","USD","0"
"Financial:Commissions","2014-01-19","2014-01-19","2014-01-19","USD","0"
"Financial:Commissions","2014-01-20","2014-01-20","2014-01-20","USD","0"
"Financial:Commissions","2014-01-21","2014-01-21","2014-01-21","USD","0"
"Financial:Commissions","2014-01-22","2014-01-22","2014-01-22","USD","0"
"Financial:Commissions","2014-01-23","2014-01-23","2014-01-23","USD","0"
"Financial:Commissions","2014-01-24","2014-01-24","2014-01-24","USD","0"
"Financial:Commissions","2014-01-25","2014-01-25","2014-01-25","USD","0"
"Financial:Commissions","2014-01-26","2014-01-26","2014-01-26","USD","0"
"Financial:Commissions","2014-01-27","2014-01-27","2014-01-27","USD","0"
"Financial:Commissions","2014-01-28","2014-01-28","2014-01-28","USD","0"
"Financial:Commissions","2014-01-29","2014-01-29","2014-01-29","USD","0"
"Financial:Commissions","2014-01-30","2014-01-30","2014-01-30","USD","0"
"Financial:Commissions","2014-01-31","2014-01-31","2014-01-31","USD","0"
"Financial:Commissions","2014-02-01","2014-02-01","2014-02-01","USD","0"
"Financial:Commissions","2014-02-02","2014-02-02","2014-02-02","USD","0"
"Financial:Commissions","2014-02-03","2014-02-03","2014-02-03","USD","0"
"Financial:Commissions","2014-02-04","2014-02-04","2014-02-04","USD","0"
"Financial:Commissions","2014-02-05","2014-02-05","2014-02-05","USD","0"
"Financial:Commissions","2014-02-06","2014-02-06","2014-02-06","USD","0"
"Financial:Commissions","2014-02-07","2014-02-07","2014-02-07","USD","0"
"Financial:Commissions","2014-02-08","2014-02-08","2014-02-08","USD","0"
"Financial:Commissions","2014-02-09","2014-02-09","2014-02-09","USD","0"
"Financial:Commissions","2014-02-10","2014-02-10","2014-02-10","USD","0"
"Financial:Commissions","2014-02-11","2014-02-11","2014-02-11","USD","0"
"Financial:Commissions","2014-02-12","2014-02-12","2014-02-12","USD","0"
"Financial:Commissions","2014-02-13","2014-02-13","2014-02-13","USD","0"
"Financial:Commissions","2014-02-14","2014-02-14","2014-02-14","USD","0"
"Financial:Commissions","2014-02-15","2014-02-15","2014-02-15","USD","0"
"Financial:Commissions","2014-02-16","2014-02-16","2014-02-16","USD","0"
"Financial:Commissions","2014-02-17","2014-02-17","2014-02-17","USD","0"
"Financial:Commissions","2014-02-18","2014-02-18","2014-02-18","USD","0"
"Financial:Commissions","2014-02-19","2014-02-19","2014-02-19","USD","0"
"Financial:Commissions","2014-02-20","2014-02-20","2014-02-20","USD","0"
"Financial:Commissions","2014-02-21","2014-02-21","2014-02-21","USD","0"
"Financial:Commissions","2014-02-22","2014-02-22","2014-02-22","USD","0"
"Financial:Commissions","2014-02-23","2014-02-23","2014-02-23","USD","0"
"Financial:Commissions","2014-02-24","2014-02-24","2014-02-24","USD","0"
"Financial:Commissions","2014-02-25","2014-02-25","2014-02-25","USD","0"
"Financial:Commissions","2014-02-26","2014-02-26","2014-02-26","USD","0"
"Financial:Commissions","2014-02-27","2014-02-27","2014-02-27","USD","0"
"Financial:Commissions","2014-02-28","2014-02-28","2014-02-28","USD","0"
"Financial:Commissions","2014-03-01","2014-03-01","2014-03-01","USD","0"
"Financial:Commissions","2014-03-02","2014-03-02","2014-03-02","USD","0"
"Financial:Commissions","2014-03-03","2014-03-03","2014-03-03","USD","0"
"Financial:Commissions","2014-03-04","2014-03-04","2014-03-04","USD","0"
"Financial:Commissions","2014-03-05","2014-03-05","2014-03-05","USD","0"
"Financial:Commissions","2014-03-06","2014-03-06","2014-03-06","USD","0"
"Financial:Commissions","2014-03-07","2014-03-07","2014-03-07","USD","0"
"Financial:Commissions","2014-03-08","2014-03-08","2014-03-08","USD","0"
"Financial:Commissions","2014-03-09","2014-03-09","2014-03-09","USD","0"
"Financial:Commissions","2014-03-10","2014-03-10","2014-03-10","USD","0"
"Financial:Commissions","2014-03-11","2014-03-11","2014-03-11","USD","8.95"
"Financial:Commissions","2014-03-12","2014-03-12","2014-03-12","USD","8.95"
"Financial:Commissions","2014-03-13","2014-03-13","2014-03-13","USD","0"
"Financial:Commissions","2014-03-14","2014-03-14","2014-03-14","USD","0"
"Financial:Commissions","2014-03-15","2014-03-15","2014-03-15","USD","0"
"Financial:Commissions","2014-03-16","2014-03-16","2014-03-16","USD","0"
"Financial:Commissions","2014-03-17","2014-03-17","2014-03-17","USD","0"
"Financial:Commissions","2014-03-18","2014-03-18","2014-03-18","USD","8.95"
"Financial:Commissions","2014-03-19","2014-03-19","2014-03-19","USD","0"
"Financial:Commissions","2014-03-20","2014-03-20","2014-03-20","USD","0"
"Financial:Commissions","2014-03-21","2014-03-21","2014-03-21","USD","0"
"Financial:Commissions","2014-03-22","2014-03-22","2014-03-22","USD","0"
"Financial:Commissions","2014-03-23","2014-03-23","2014-03-23","USD","0"
"Financial:Commissions","2014-03-24","2014-03-24","2014-03-24","USD","0"
"Financial:Commissions","2014-03-25","2014-03-25","2014-03-25","USD","0"
"Financial:Commissions","2014-03-26","2014-03-26","2014-03-26","USD","0"
"Financial:Commissions","2014-03-27","2014-03-27","2014-03-27","USD","8.95"
"Financial:Commissions","2014-03-28","2014-03-28","2014-03-28","USD","0"
"Financial:Commissions","2014-03-29","2014-03-29","2014-03-29","USD","0"
"Financial:Commissions","2014-03-30","2014-03-30","2014-03-30","USD","0"
"Financial:Commissions","2014-03-31","2014-03-31","2014-03-31","USD","0"
"Financial:Commissions","2014-04-01","2014-04-01","2014-04-01","USD","0"
"Financial:Commissions","2014-04-02","2014-04-02","2014-04-02","USD","0"
"Financial:Commissions","2014-04-03","2014-04-03","2014-04-03","USD","0"
"Financial:Commissions","2014-04-04","2014-04-04","2014-04-04","USD","0"
"Financial:Commissions","2014-04-05","2014-04-05","2014-04-05","USD","0"
"Financial:Commissions","2014-04-06","2014-04-06","2014-04-06","USD","0"
"Financial:Commissions","2014-04-07","2014-04-07","2014-04-07","USD","0"
"Financial:Commissions","2014-04-08","2014-04-08","2014-04-08","USD","0"
"Financial:Commissions","2014-04-09","2014-04-09","2014-04-09","USD","0"
"Financial:Commissions","2014-04-10","2014-04-10","2014-04-10","USD","0"
"Financial:Commissions","2014-04-11","2014-04-11","2014-04-11","USD","0"
"Financial:Commissions","2014-04-12","2014-04-12","2014-04-12","USD","0"
"Financial:Commissions","2014-04-13","2014-04-13","2014-04-13","USD","0"
"Financial:Commissions","2014-04-14","2014-04-14","2014-04-14","USD","0"
"Financial:Commissions","2014-04-15","2014-04-15","2014-04-15","USD","0"
"Financial:Commissions","2014-04-16","2014-04-16","2014-04-16","USD","0"
"Financial:Commissions","2014-04-17","2014-04-17","2014-04-17","USD","0"
"Financial:Commissions","2014-04-18","2014-04-18","2014-04-18","USD","0"
"Financial:Commissions","2014-04-19","2014-04-19","2014-04-19","USD","0"
"Financial:Commissions","2014-04-20","2014-04-20","2014-04-20","USD","0"
"Financial:Commissions","2014-04-21","2014-04-21","2014-04-21","USD","0"
"Financial:Commissions","2014-04-22","2014-04-22","2014-04-22","USD","0"
"Financial:Commissions","2014-04-23","2014-04-23","2014-04-23","USD","0"
"Financial:Commissions","2014-04-24","2014-04-24","2014-04-24","USD","0"
"Financial:Commissions","2014-04-25","2014-04-25","2014-04-25","USD","0"
"Financial:Commissions","2014-04-26","2014-04-26","2014-04-26","USD","0"
"Financial:Commissions","2014-04-27","2014-04-27","2014-04-27","USD","0"
"Financial:Commissions","2014-04-28","2014-04-28","2014-04-28","USD","0"
"Financial:Commissions","2014-04-29","2014-04-29","2014-04-29","USD","0"
"Financial:Commissions","2014-04-30","2014-04-30","2014-04-30","USD","0"
"Financial:Commissions","2014-05-01","2014-05-01","2014-05-01","USD","0"
"Financial:Commissions","2014-05-02","2014-05-02","2014-05-02","USD","0"
"Financial:Commissions","2014-05-03","2014-05-03","2014-05-03","USD","0"
"Financial:Commissions","2014-05-04","2014-05-04","2014-05-04","USD","0"
"Financial:Commissions","2014-05-05","2014-05-05","2014-05-05","USD","0"
"Financial:Commissions","2014-05-06","2014-05-06","2014-05-06","USD","0"
"Financial:Commissions","2014-05-07","2014-05-07","2014-05-07","USD","0"
"Financial:Commissions","2014-05-08","2014-05-08","2014-05-08","USD","0"
"Financial:Commissions","2014-05-09","2014-05-09","2014-05-09","USD","0"
"Financial:Commissions","2014-05-10","2014-05-10","2014-05-10","USD","0"
"Financial:Commissions","2014-05-11","2014-05-11","2014-05-11","USD","0"
"Financial:Commissions","2014-05-12","2014-05-12","2014-05-12","USD","0"
"Financial:Commissions","2014-05-13","2014-05-13","2014-05-13","USD","0"
"Financial:Commissions","2014-05-14","2014-05-14","2014-05-14","USD","0"
"Financial:Commissions","2014-05-15","2014-05-15","2014-05-15","USD","0"
"Financial:Commissions","2014-05-16","2014-05-16","2014-05-16","USD","0"
"Financial:Commissions","2014-05-17","2014-05-17","2014-05-17","USD","0"
"Financial:Commissions","2014-05-18","2014-05-18","2014-05-18","USD","0"
"Financial:Commissions","2014-05-19","2014-05-19","2014-05-19","USD","0"
"Financial:Commissions","2014-05-20","2014-05-20","2014-05-20","USD","0"
"Financial:Commissions","2014-05-21","2014-05-21","2014-05-21","USD","0"
"Financial:Commissions","2014-05-22","2014-05-22","2014-05-22","USD","0"
"Financial:Commissions","2014-05-23","2014-05-23","2014-05-23","USD","0"
"Financial:Commissions","2014-05-24","2014-05-24","2014-05-24","USD","0"
"Financial:Commissions","2014-05-25","2014-05-25","2014-05-25","USD","0"
"Financial:Commissions","2014-05-26","2014-05-26","2014-05-26","USD","0"
"Financial:Commissions","2014-05-27","2014-05-27","2014-05-27","USD","0"
"Financial:Commissions","2014-05-28","2014-05-28","2014-05-28","USD","0"
"Financial:Commissions","2014-05-29","2014-05-29","2014-05-29","USD","0"
"Financial:Commissions","2014-05-30","2014-05-30","2014-05-30","USD","0"
"Financial:Commissions","2014-05-31","2014-05-31","2014-05-31","USD","0"
"Financial:Commissions","2014-06-01","2014-06-01","2014-06-01","USD","0"
"Financial:Commissions","2014-06-02","2014-06-02","2014-06-02","USD","0"
"Financial:Commissions","2014-06-03","2014-06-03","2014-06-03","USD","0"
"Financial:Commissions","2014-06-04","2014-06-04","2014-06-04","USD","0"
"Financial:Commissions","2014-06-05","2014-06-05","2014-06-05","USD","0"
"Financial:Commissions","2014-06-06","2014-06-06","2014-06-06","USD","0"
"Financial:Commissions","2014-06-07","2014-06-07","2014-06-07","USD","0"
"Financial:Commissions","2014-06-08","2014-06-08","2014-06-08","USD","0"
"Financial:Commissions","2014-06-09","2014-06-09","2014-06-09","USD","0"
"Financial:Commissions","2014-06-10","2014-06-10","2014-06-10","USD","0"
"Financial:Commissions","2014-06-11","2014-06-11","2014-06-11","USD","0"
"Financial:Commissions","2014-06-12","2014-06-12","2014-06-12","USD","0"
"Financial:Commissions","2014-06-13","2014-06-13","2014-06-13","USD","0"
"Financial:Commissions","2014-06-14","2014-06-14","2014-06-14","USD","0"
"Financial:Commissions","2014-06-15","2014-06-15","2014-06-15","USD","0"
"Financial:Commissions","2014-06-16","2014-06-16","2014-06-16","USD","0"
"Financial:Commissions","2014-06-17","2014-06-17","2014-06-17","USD","0"
"Financial:Commissions","2014-06-18","2014-06-18","2014-06-18","USD","0"
"Financial:Commissions","2014-06-19","2014-06-19","2014-06-19","USD","0"
"Financial:Commissions","2014-06-20","2014-06-20","2014-06-20","USD","0"
"Financial:Commissions","2014-06-21","2014-06-21","2014-06-21","USD","0"
"Financial:Commissions","2014-06-22","2014-06-22","2014-06-22","USD","0"
"Financial:Commissions","2014-06-23","2014-06-23","2014-06-23","USD","0"
"Financial:Commissions","2014-06-24","2014-06-24","2014-06-24","USD","0"
"Financial:Commissions","2014-06-25","2014-06-25","2014-06-25","USD","0"
"Financial:Commissions","2014-06-26","2014-06-26","2014-06-26","USD","0"
"Financial:Commissions","2014-06-27","2014-06-27","2014-06-27","USD","0"
"Financial:Commissions","2014-06-28","2014-06-28","2014-06-28","USD","0"
"Financial:Commissions","2014-06-29","2014-06-29","2014-06-29","USD","0"
"Financial:Commissions","2014-06-30","2014-06-30","2014-06-30","USD","0"
"Financial:Commissions","2014-07-01","2014-07-01","2014-07-01","USD","0"
"Financial:Commissions","2014-07-02","2014-07-02","2014-07-02","USD","0"
"Financial:Commissions","2014-07-03","2014-07-03","2014-07-03","USD","0"
"Financial:Commissions","2014-07-04","2014-07-04","2014-07-04","USD","0"
"Financial:Commissions","2014-07-05","2014-07-05","2014-07-05","USD","0"
"Financial:Commissions","2014-07-06","2014-07-06","2014-07-06","USD","0"
"Financial:Commissions","2014-07-07","2014-07-07","2014-07-07","USD","0"
"Financial:Commissions","2014-07-08","2014-07-08","2014-07-08","USD","0"
"Financial:Commissions","2014-07-09","2014-07-09","2014-07-09","USD","0"
"Financial:Commissions","2014-07-10","2014-07-10","2014-07-10","USD","0"
"Financial:Commissions","2014-07-11","2014-07-11","2014-07-11","USD","0"
"Financial:Commissions","2014-07-12","2014-07-12","2014-07-12","USD","0"
"Financial:Commissions","2014-07-13","2014-07-13","2014-07-13","USD","0"
"Financial:Commissions","2014-07-14","2014-07-14","2014-07-14","USD","0"
"Financial:Commissions","2014-07-15","2014-07-15","2014-07-15","USD","0"
"Financial:Commissions","2014-07-16","2014-07-16","2014-07-16","USD","0"
"Financial:Commissions","2014-07-17","2014-07-17","2014-07-17","USD","0"
"Financial:Commissions","2014-07-18","2014-07-18","2014-07-18","USD","0"
"Financial:Commissions","2014-07-19","2014-07-19","2014-07-19","USD","0"
"Financial:Commissions","2014-07-20","2014-07-20","2014-07-20","USD","0"
"Financial:Commissions","2014-07-21","2014-07-21","2014-07-21","USD","0"
"Financial:Commissions","2014-07-22","2014-07-22","2014-07-22","USD","0"
"Financial:Commissions","2014-07-23","2014-07-23","2014-07-23","USD","0"
"Financial:Commissions","2014-07-24","2014-07-24","2014-07-24","USD","0"
"Financial:Commissions","2014-07-25","2014-07-25","2014-07-25","USD","0"
"Financial:Commissions","2014-07-26","2014-07-26","2014-07-26","USD","26.85"
"Financial:Commissions","2014-07-27","2014-07-27","2014-07-27","USD","0"
"Financial:Commissions","2014-07-28","2014-07-28","2014-07-28","USD","0"
"Financial:Commissions","2014-07-29","2014-07-29","2014-07-29","USD","0"
"Financial:Commissions","2014-07-30","2014-07-30","2014-07-30","USD","0"
"Financial:Commissions","2014-07-31","2014-07-31","2014-07-31","USD","0"
"Financial:Commissions","2014-08-01","2014-08-01","2014-08-01","USD","0"
"Financial:Commissions","2014-08-02","2014-08-02","2014-08-02","USD","0"
"Financial:Commissions","2014-08-03","2014-08-03","2014-08-03","USD","0"
"Financial:Commissions","2014-08-04","2014-08-04","2014-08-04","USD","0"
"Financial:Commissions","2014-08-05","2014-08-05","2014-08-05","USD","0"
"Financial:Commissions","2014-08-06","2014-08-06","2014-08-06","USD","0"
"Financial:Commissions","2014-08-07","2014-08-07","2014-08-07","USD","0"
"Financial:Commissions","2014-08-08","2014-08-08","2014-08-08","USD","0"
"Financial:Commissions","2014-08-09","2014-08-09","2014-08-09","USD","0"
"Financial:Commissions","2014-08-10","2014-08-10","2014-08-10","USD","0"
"Financial:Commissions","2014-08-11","2014-08-11","2014-08-11","USD","0"
"Financial:Commissions","2014-08-12","2014-08-12","2014-08-12","USD","0"
"Financial:Commissions","2014-08-13","2014-08-13","2014-08-13","USD","0"
"Financial:Commissions","2014-08-14","2014-08-14","2014-08-14","USD","0"
"Financial:Commissions","2014-08-15","2014-08-15","2014-08-15","USD","8.95"
"Financial:Commissions","2014-08-16","2014-08-16","2014-08-16","USD","0"
"Financial:Commissions","2014-08-17","2014-08-17","2014-08-17","USD","0"
"Financial:Commissions","2014-08-18","2014-08-18","2014-08-18","USD","8.95"
"Financial:Commissions","2014-08-19","2014-08-19","2014-08-19","USD","0"
"Financial:Commissions","2014-08-20","2014-08-20","2014-08-20","USD","0"
"Financial:Commissions","2014-08-21","2014-08-21","2014-08-21","USD","0"
"Financial:Commissions","2014-08-22","2014-08-22","2014-08-22","USD","0"
"Financial:Commissions","2014-08-23","2014-08-23","2014-08-23","USD","0"
"Financial:Commissions","2014-08-24","2014-08-24","2014-08-24","USD","0"
"Financial:Commissions","2014-08-25","2014-08-25","2014-08-25","USD","0"
"Financial:Commissions","2014-08-26","2014-08-26","2014-08-26","USD","0"
"Financial:Commissions","2014-08-27","2014-08-27","2014-08-27","USD","0"
"Financial:Commissions","2014-08-28","2014-08-28","2014-08-28","USD","0"
"Financial:Commissions","2014-08-29","2014-08-29","2014-08-29","USD","0"
"Financial:Commissions","2014-08-30","2014-08-30","2014-08-30","USD","0"
"Financial:Commissions","2014-08-31","2014-08-31","2014-08-31","USD","0"
"Financial:Commissions","2014-09-01","2014-09-01","2014-09-01","USD","0"
"Financial:Commissions","2014-09-02","2014-09-02","2014-09-02","USD","0"
"Financial:Commissions","2014-09-03","2014-09-03","2014-09-03","USD","0"
"Financial:Commissions","2014-09-04","2014-09-04","2014-09-04","USD","0"
"Financial:Commissions","2014-09-05","2014-09-05","2014-09-05","USD","0"
"Financial:Commissions","2014-09-06","2014-09-06","2014-09-06","USD","0"
"Financial:Commissions","2014-09-07","2014-09-07","2014-09-07","USD","0"
"Financial:Commissions","2014-09-08","2014-09-08","2014-09-08","USD","0"
"Financial:Commissions","2014-09-09","2014-09-09","2014-09-09","USD","0"
"Financial:Commissions","2014-09-10","2014-09-10","2014-09-10","USD","0"
"Financial:Commissions","2014-09-11","2014-09-11","2014-09-11","USD","0"
"Financial:Commissions","2014-09-12","2014-09-12","2014-09-12","USD","0"
"Financial:Commissions","2014-09-13","2014-09-13","2014-09-13","USD","0"
"Financial:Commissions","2014-09-14","2014-09-14","2014-09-14","USD","8.95"
"Financial:Commissions","2014-09-15","2014-09-15","2014-09-15","USD","0"
"Financial:Commissions","2014-09-16","2014-09-16","2014-09-16","USD","0"
"Financial:Commissions","2014-09-17","2014-09-17","2014-09-17","USD","0"
"Financial:Commissions","2014-09-18","2014-09-18","2014-09-18","USD","0"
"Financial:Commissions","2014-09-19","2014-09-19","2014-09-19","USD","0"
"Financial:Commissions","2014-09-20","2014-09-20","2014-09-20","USD","0"
"Financial:Commissions","2014-09-21","2014-09-21","2014-09-21","USD","0"
"Financial:Commissions","2014-09-22","2014-09-22","2014-09-22","USD","0"
"Financial:Commissions","2014-09-23","2014-09-23","2014-09-23","USD","0"
"Financial:Commissions","2014-09-24","2014-09-24","2014-09-24","USD","0"
"Financial:Commissions","2014-09-25","2014-09-25","2014-09-25","USD","0"
"Financial:Commissions","2014-09-26","2014-09-26","2014-09-26","USD","0"
"Financial:Commissions","2014-09-27","2014-09-27","2014-09-27","USD","0"
"Financial:Commissions","2014-09-28","2014-09-28","2014-09-28","USD","0"
"Financial:Commissions","2014-09-29","2014-09-29","2014-09-29","USD","0"
"Financial:Commissions","2014-09-30","2014-09-30","2014-09-30","USD","0"
"Financial:Commissions","2014-10-01","2014-10-01","2014-10-01","USD","0"
"Financial:Commissions","2014-10-02","2014-10-02","2014-10-02","USD","0"
"Financial:Commissions","2014-10-03","2014-10-03","2014-10-03","USD","0"
"Financial:Commissions","2014-10-04","2014-10-04","2014-10-04","USD","0"
"Financial:Commissions","2014-10-05","2014-10-05","2014-10-05","USD","0"
"Financial:Commissions","2014-10-06","2014-10-06","2014-10-06","USD","0"
"Financial:Commissions","2014-10-07","2014-10-07","2014-10-07","USD","0"
"Financial:Commissions","2014-10-08","2014-10-08","2014-10-08","USD","0"
"Financial:Commissions","2014-10-09","2014-10-09","2014-10-09","USD","0"
"Financial:Commissions","2014-10-10","2014-10-10","2014-10-10","USD","0"
"Financial:Commissions","2014-10-11","2014-10-11","2014-10-11","USD","0"
"Financial:Fees","2012-01-03","2012-01-03","2012-01-03","USD","0"
"Financial:Fees","2012-01-04","2012-01-04","2012-01-04","USD","4.00"
"Financial:Fees","2012-01-05","2012-01-05","2012-01-05","USD","0"
"Financial:Fees","2012-01-06","2012-01-06","2012-01-06","USD","0"
"Financial:Fees","2012-01-07","2012-01-07","2012-01-07","USD","0"
"Financial:Fees","2012-01-08","2012-01-08","2012-01-08","USD","0"
"Financial:Fees","2012-01-09","2012-01-09","2012-01-09","USD","0"
"Financial:Fees","2012-01-10","2012-01-10","2012-01-10","USD","0"
"Financial:Fees","2012-01-11","2012-01-11","2012-01-11","USD","0"
"Financial:Fees","2012-01-12","2012-01-12","2012-01-12","USD","0"
"Financial:Fees","2012-01-13","2012-01-13","2012-01-13","USD","0"
"Financial:Fees","2012-01-14","2012-01-14","2012-01-14","USD","0"
"Financial:Fees","2012-01-15","2012-01-15","2012-01-15","USD","0"
"Financial:Fees","2012-01-16","2012-01-16","2012-01-16","USD","0"
"Financial:Fees","2012-01-17","2012-01-17","2012-01-17","USD","0"
"Financial:Fees","2012-01-18","2012-01-18","2012-01-18","USD","0"
"Financial:Fees","2012-01-19","2012-01-19","2012-01-19","USD","0"
"Financial:Fees","2012-01-20","2012-01-20","2012-01-20","USD","0"
"Financial:Fees","2012-01-21","2012-01-21","2012-01-21","USD","0"
"Financial:Fees","2012-01-22","2012-01-22","2012-01-22","USD","0"
"Financial:Fees","2012-01-23","2012-01-23","2012-01-23","USD","0"
"Financial:Fees","2012-01-24","2012-01-24","2012-01-24","USD","0"
"Financial:Fees","2012-01-25","2012-01-25","2012-01-25","USD","0"
"Financial:Fees","2012-01-26","2012-01-26","2012-01-26","USD","0"
"Financial:Fees","2012-01-27","2012-01-27","2012-01-27","USD","0"
"Financial:Fees","2012-01-28","2012-01-28","2012-01-28","USD","0"
"Financial:Fees","2012-01-29","2012-01-29","2012-01-29","USD","0"
"Financial:Fees","2012-01-30","2012-01-30","2012-01-30","USD","0"
"Financial:Fees","2012-01-31","2012-01-31","2012-01-31","USD","0"
"Financial:Fees","2012-02-01","2012-02-01","2012-02-01","USD","0"
"Financial:Fees","2012-02-02","2012-02-02","2012-02-02","USD","0"
"Financial:Fees","2012-02-03","2012-02-03","2012-02-03","USD","0"
"Financial:Fees","2012-02-04","2012-02-04","2012-02-04","USD","4.00"
"Financial:Fees","2012-02-05","2012-02-05","2012-02-05","USD","0"
"Financial:Fees","2012-02-06","2012-02-06","2012-02-06","USD","0"
"Financial:Fees","2012-02-07","2012-02-07","2012-02-07","USD","0"
"Financial:Fees","2012-02-08","2012-02-08","2012-02-08","USD","0"
"Financial:Fees","2012-02-09","2012-02-09","2012-02-09","USD","0"
"Financial:Fees","2012-02-10","2012-02-10","2012-02-10","USD","0"
"Financial:Fees","2012-02-11","2012-02-11","2012-02-11","USD","0"
"Financial:Fees","2012-02-12","2012-02-12","2012-02-12","USD","0"
"Financial:Fees","2012-02-13","2012-02-13","2012-02-13","USD","0"
"Financial:Fees","2012-02-14","2012-02-14","2012-02-14","USD","0"
"Financial:Fees","2012-02-15","2012-02-15","2012-02-15","USD","0"
"Financial:Fees","2012-02-16","2012-02-16","2012-02-16","USD","0"
"Financial:Fees","2012-02-17","2012-02-17","2012-02-17","USD","0"
"Financial:Fees","2012-02-18","2012-02-18","2012-02-18","USD","0"
"Financial:Fees","2012-02-19","2012-02-19","2012-02-19","USD","0"
"Financial:Fees","2012-02-20","2012-02-20","2012-02-20","USD","0"
"Financial:Fees","2012-02-21","2012-02-21","2012-02-21","USD","0"
"Financial:Fees","2012-02-22","2012-02-22","2012-02-22","USD","0"
"Financial:Fees","2012-02-23","2012-02-23","2012-02-23","USD","0"
"Financial:Fees","2012-02-24","2012-02-24","2012-02-24","USD","0"
"Financial:Fees","2012-02-25","2012-02-25","2012-02-25","USD","0"
"Financial:Fees","2012-02-26","2012-02-26","2012-02-26","USD","0"
"Financial:Fees","2012-02-27","2012-02-27","2012-02-27","USD","0"
"Financial:Fees","2012-02-28","2012-02-28","2012-02-28","USD","0"
"Financial:Fees","2012-02-29","2012-02-29","2012-02-29","USD","0"
"Financial:Fees","2012-03-01","2012-03-01","2012-03-01","USD","0"
"Financial:Fees","2012-03-02","2012-03-02","2012-03-02","USD","0"
"Financial:Fees","2012-03-03","2012-03-03","2012-03-03","USD","0"
"Financial:Fees","2012-03-04","2012-03-04","2012-03-04","USD","4.00"
"Financial:Fees","2012-03-05","2012-03-05","2012-03-05","USD","0"
"Financial:Fees","2012-03-06","2012-03-06","2012-03-06","USD","0"
"Financial:Fees","2012-03-07","2012-03-07","2012-03-07","USD","0"
"Financial:Fees","2012-03-08","2012-03-08","2012-03-08","USD","0"
"Financial:Fees","2012-03-09","2012-03-09","2012-03-09","USD","0"
"Financial:Fees","2012-03-10","2012-03-10","2012-03-10","USD","0"
"Financial:Fees","2012-03-11","2012-03-11","2012-03-11","USD","0"
"Financial:Fees","2012-03-12","2012-03-12","2012-03-12","USD","0"
"Financial:Fees","2012-03-13","2012-03-13","2012-03-13","USD","0"
"Financial:Fees","2012-03-14","2012-03-14","2012-03-14","USD","0"
"Financial:Fees","2012-03-15","2012-03-15","2012-03-15","USD","0"
"Financial:Fees","2012-03-16","2012-03-16","2012-03-16","USD","0"
"Financial:Fees","2012-03-17","2012-03-17","2012-03-17","USD","0"
"Financial:Fees","2012-03-18","2012-03-18","2012-03-18","USD","0"
"Financial:Fees","2012-03-19","2012-03-19","2012-03-19","USD","0"
"Financial:Fees","2012-03-20","2012-03-20","2012-03-20","USD","0"
"Financial:Fees","2012-03-21","2012-03-21","2012-03-21","USD","0"
"Financial:Fees","2012-03-22","2012-03-22","2012-03-22","USD","0"
"Financial:Fees","2012-03-23","2012-03-23","2012-03-23","USD","0"
"Financial:Fees","2012-03-24","2012-03-24","2012-03-24","USD","0"
"Financial:Fees","2012-03-25","2012-03-25","2012-03-25","USD","0"
"Financial:Fees","2012-03-26","2012-03-26","2012-03-26","USD","0"
"Financial:Fees","2012-03-27","2012-03-27","2012-03-27","USD","0"
"Financial:Fees","2012-03-28","2012-03-28","2012-03-28","USD","0"
"Financial:Fees","2012-03-29","2012-03-29","2012-03-29","USD","0"
"Financial:Fees","2012-03-30","2012-03-30","2012-03-30","USD","0"
"Financial:Fees","2012-03-31","2012-03-31","2012-03-31","USD","0"
"Financial:Fees","2012-04-01","2012-04-01","2012-04-01","USD","0"
"Financial:Fees","2012-04-02","2012-04-02","2012-04-02","USD","0"
"Financial:Fees","2012-04-03","2012-04-03","2012-04-03","USD","0"
"Financial:Fees","2012-04-04","2012-04-04","2012-04-04","USD","4.00"
"Financial:Fees","2012-04-05","2012-04-05","2012-04-05","USD","0"
"Financial:Fees","2012-04-06","2012-04-06","2012-04-06","USD","0"
"Financial:Fees","2012-04-07","2012-04-07","2012-04-07","USD","0"
"Financial:Fees","2012-04-08","2012-04-08","2012-04-08","USD","0"
"Financial:Fees","2012-04-09","2012-04-09","2012-04-09","USD","0"
"Financial:Fees","2012-04-10","2012-04-10","2012-04-10","USD","0"
"Financial:Fees","2012-04-11","2012-04-11","2012-04-11","USD","0"
"Financial:Fees","2012-04-12","2012-04-12","2012-04-12","USD","0"
"Financial:Fees","2012-04-13","2012-04-13","2012-04-13","USD","0"
"Financial:Fees","2012-04-14","2012-04-14","2012-04-14","USD","0"
"Financial:Fees","2012-04-15","2012-04-15","2012-04-15","USD","0"
"Financial:Fees","2012-04-16","2012-04-16","2012-04-16","USD","0"
"Financial:Fees","2012-04-17","2012-04-17","2012-04-17","USD","0"
"Financial:Fees","2012-04-18","2012-04-18","2012-04-18","USD","0"
"Financial:Fees","2012-04-19","2012-04-19","2012-04-19","USD","0"
"Financial:Fees","2012-04-20","2012-04-20","2012-04-20","USD","0"
"Financial:Fees","2012-04-21","2012-04-21","2012-04-21","USD","0"
"Financial:Fees","2012-04-22","2012-04-22","2012-04-22","USD","0"
"Financial:Fees","2012-04-23","2012-04-23","2012-04-23","USD","0"
"Financial:Fees","2012-04-24","2012-04-24","2012-04-24","USD","0"
"Financial:Fees","2012-04-25","2012-04-25","2012-04-25","USD","0"
"Financial:Fees","2012-04-26","2012-04-26","2012-04-26","USD","0"
"Financial:Fees","2012-04-27","2012-04-27","2012-04-27","USD","0"
"Financial:Fees","2012-04-28","2012-04-28","2012-04-28","USD","0"
"Financial:Fees","2012-04-29","2012-04-29","2012-04-29","USD","0"
"Financial:Fees","2012-04-30","2012-04-30","2012-04-30","USD","0"
"Financial:Fees","2012-05-01","2012-05-01","2012-05-01","USD","0"
"Financial:Fees","2012-05-02","2012-05-02","2012-05-02","USD","0"
"Financial:Fees","2012-05-03","2012-05-03","2012-05-03","USD","0"
"Financial:Fees","2012-05-04","2012-05-04","2012-05-04","USD","4.00"
"Financial:Fees","2012-05-05","2012-05-05","2012-05-05","USD","0"
"Financial:Fees","2012-05-06","2012-05-06","2012-05-06","USD","0"
"Financial:Fees","2012-05-07","2012-05-07","2012-05-07","USD","0"
"Financial:Fees","2012-05-08","2012-05-08","2012-05-08","USD","0"
"Financial:Fees","2012-05-09","2012-05-09","2012-05-09","USD","0"
"Financial:Fees","2012-05-10","2012-05-10","2012-05-10","USD","0"
"Financial:Fees","2012-05-11","2012-05-11","2012-05-11","USD","0"
"Financial:Fees","2012-05-12","2012-05-12","2012-05-12","USD","0"
"Financial:Fees","2012-05-13","2012-05-13","2012-05-13","USD","0"
"Financial:Fees","2012-05-14","2012-05-14","2012-05-14","USD","0"
"Financial:Fees","2012-05-15","2012-05-15","2012-05-15","USD","0"
"Financial:Fees","2012-05-16","2012-05-16","2012-05-16","USD","0"
"Financial:Fees","2012-05-17","2012-05-17","2012-05-17","USD","0"
"Financial:Fees","2012-05-18","2012-05-18","2012-05-18","USD","0"
"Financial:Fees","2012-05-19","2012-05-19","2012-05-19","USD","0"
"Financial:Fees","2012-05-20","2012-05-20","2012-05-20","USD","0"
"Financial:Fees","2012-05-21","2012-05-21","2012-05-21","USD","0"
"Financial:Fees","2012-05-22","2012-05-22","2012-05-22","USD","0"
"Financial:Fees","2012-05-23","2012-05-23","2012-05-23","USD","0"
"Financial:Fees","2012-05-24","2012-05-24","2012-05-24","USD","0"
"Financial:Fees","2012-05-25","2012-05-25","2012-05-25","USD","0"
"Financial:Fees","2012-05-26","2012-05-26","2012-05-26","USD","0"
"Financial:Fees","2012-05-27","2012-05-27","2012-05-27","USD","0"
"Financial:Fees","2012-05-28","2012-05-28","2012-05-28","USD","0"
"Financial:Fees","2012-05-29","2012-05-29","2012-05-29","USD","0"
"Financial:Fees","2012-05-30","2012-05-30","2012-05-30","USD","0"
"Financial:Fees","2012-05-31","2012-05-31","2012-05-31","USD","0"
"Financial:Fees","2012-06-01","2012-06-01","2012-06-01","USD","0"
"Financial:Fees","2012-06-02","2012-06-02","2012-06-02","USD","0"
"Financial:Fees","2012-06-03","2012-06-03","2012-06-03","USD","0"
"Financial:Fees","2012-06-04","2012-06-04","2012-06-04","USD","4.00"
"Financial:Fees","2012-06-05","2012-06-05","2012-06-05","USD","0"
"Financial:Fees","2012-06-06","2012-06-06","2012-06-06","USD","0"
"Financial:Fees","2012-06-07","2012-06-07","2012-06-07","USD","0"
"Financial:Fees","2012-06-08","2012-06-08","2012-06-08","USD","0"
"Financial:Fees","2012-06-09","2012-06-09","2012-06-09","USD","0"
"Financial:Fees","2012-06-10","2012-06-10","2012-06-10","USD","0"
"Financial:Fees","2012-06-11","2012-06-11","2012-06-11","USD","0"
"Financial:Fees","2012-06-12","2012-06-12","2012-06-12","USD","0"
"Financial:Fees","2012-06-13","2012-06-13","2012-06-13","USD","0"
"Financial:Fees","2012-06-14","2012-06-14","2012-06-14","USD","0"
"Financial:Fees","2012-06-15","2012-06-15","2012-06-15","USD","0"
"Financial:Fees","2012-06-16","2012-06-16","2012-06-16","USD","0"
"Financial:Fees","2012-06-17","2012-06-17","2012-06-17","USD","0"
"Financial:Fees","2012-06-18","2012-06-18","2012-06-18","USD","0"
"Financial:Fees","2012-06-19","2012-06-19","2012-06-19","USD","0"
"Financial:Fees","2012-06-20","2012-06-20","2012-06-20","USD","0"
"Financial:Fees","2012-06-21","2012-06-21","2012-06-21","USD","0"
"Financial:Fees","2012-06-22","2012-06-22","2012-06-22","USD","0"
"Financial:Fees","2012-06-23","2012-06-23","2012-06-23","USD","0"
"Financial:Fees","2012-06-24","2012-06-24","2012-06-24","USD","0"
"Financial:Fees","2012-06-25","2012-06-25","2012-06-25","USD","0"
"Financial:Fees","2012-06-26","2012-06-26","2012-06-26","USD","0"
"Financial:Fees","2012-06-27","2012-06-27","2012-06-27","USD","0"
"Financial:Fees","2012-06-28","2012-06-28","2012-06-28","USD","0"
"Financial:Fees","2012-06-29","2012-06-29","2012-06-29","USD","0"
"Financial:Fees","2012-06-30","2012-06-30","2012-06-30","USD","0"
"Financial:Fees","2012-07-01","2012-07-01","2012-07-01","USD","0"
"Financial:Fees","2012-07-02","2012-07-02","2012-07-02","USD","0"
"Financial:Fees","2012-07-03","2012-07-03","2012-07-03","USD","0"
"Financial:Fees","2012-07-04","2012-07-04","2012-07-04","USD","4.00"
"Financial:Fees","2012-07-05","2012-07-05","2012-07-05","USD","0"
"Financial:Fees","2012-07-06","2012-07-06","2012-07-06","USD","0"
"Financial:Fees","2012-07-07","2012-07-07","2012-07-07","USD","0"
"Financial:Fees","2012-07-08","2012-07-08","2012-07-08","USD","0"
"Financial:Fees","2012-07-09","2012-07-09","2012-07-09","USD","0"
"Financial:Fees","2012-07-10","2012-07-10","2012-07-10","USD","0"
"Financial:Fees","2012-07-11","2012-07-11","2012-07-11","USD","0"
"Financial:Fees","2012-07-12","2012-07-12","2012-07-12","USD","0"
"Financial:Fees","2012-07-13","2012-07-13","2012-07-13","USD","0"
"Financial:Fees","2012-07-14","2012-07-14","2012-07-14","USD","0"
"Financial:Fees","2012-07-15","2012-07-15","2012-07-15","USD","0"
"Financial:Fees","2012-07-16","2012-07-16","2012-07-16","USD","0"
"Financial:Fees","2012-07-17","2012-07-17","2012-07-17","USD","0"
"Financial:Fees","2012-07-18","2012-07-18","2012-07-18","USD","0"
"Financial:Fees","2012-07-19","2012-07-19","2012-07-19","USD","0"
"Financial:Fees","2012-07-20","2012-07-20","2012-07-20","USD","0"
"Financial:Fees","2012-07-21","2012-07-21","2012-07-21","USD","0"
"Financial:Fees","2012-07-22","2012-07-22","2012-07-22","USD","0"
"Financial:Fees","2012-07-23","2012-07-23","2012-07-23","USD","0"
"Financial:Fees","2012-07-24","2012-07-24","2012-07-24","USD","0"
"Financial:Fees","2012-07-25","2012-07-25","2012-07-25","USD","0"
"Financial:Fees","2012-07-26","2012-07-26","2012-07-26","USD","0"
"Financial:Fees","2012-07-27","2012-07-27","2012-07-27","USD","0"
"Financial:Fees","2012-07-28","2012-07-28","2012-07-28","USD","0"
"Financial:Fees","2012-07-29","2012-07-29","2012-07-29","USD","0"
"Financial:Fees","2012-07-30","2012-07-30","2012-07-30","USD","0"
"Financial:Fees","2012-07-31","2012-07-31","2012-07-31","USD","0"
"Financial:Fees","2012-08-01","2012-08-01","2012-08-01","USD","0"
"Financial:Fees","2012-08-02","2012-08-02","2012-08-02","USD","0"
"Financial:Fees","2012-08-03","2012-08-03","2012-08-03","USD","0"
"Financial:Fees","2012-08-04","2012-08-04","2012-08-04","USD","4.00"
"Financial:Fees","2012-08-05","2012-08-05","2012-08-05","USD","0"
"Financial:Fees","2012-08-06","2012-08-06","2012-08-06","USD","0"
"Financial:Fees","2012-08-07","2012-08-07","2012-08-07","USD","0"
"Financial:Fees","2012-08-08","2012-08-08","2012-08-08","USD","0"
"Financial:Fees","2012-08-09","2012-08-09","2012-08-09","USD","0"
"Financial:Fees","2012-08-10","2012-08-10","2012-08-10","USD","0"
"Financial:Fees","2012-08-11","2012-08-11","2012-08-11","USD","0"
"Financial:Fees","2012-08-12","2012-08-12","2012-08-12","USD","0"
"Financial:Fees","2012-08-13","2012-08-13","2012-08-13","USD","0"
"Financial:Fees","2012-08-14","2012-08-14","2012-08-14","USD","0"
"Financial:Fees","2012-08-15","2012-08-15","2012-08-15","USD","0"
"Financial:Fees","2012-08-16","2012-08-16","2012-08-16","USD","0"
"Financial:Fees","2012-08-17","2012-08-17","2012-08-17","USD","0"
"Financial:Fees","2012-08-18","2012-08-18","2012-08-18","USD","0"
"Financial:Fees","2012-08-19","2012-08-19","2012-08-19","USD","0"
"Financial:Fees","2012-08-20","2012-08-20","2012-08-20","USD","0"
"Financial:Fees","2012-08-21","2012-08-21","2012-08-21","USD","0"
"Financial:Fees","2012-08-22","2012-08-22","2012-08-22","USD","0"
"Financial:Fees","2012-08-23","2012-08-23","2012-08-23","USD","0"
"Financial:Fees","2012-08-24","2012-08-24","2012-08-24","USD","0"
"Financial:Fees","2012-08-25","2012-08-25","2012-08-25","USD","0"
"Financial:Fees","2012-08-26","2012-08-26","2012-08-26","USD","0"
"Financial:Fees","2012-08-27","2012-08-27","2012-08-27","USD","0"
"Financial:Fees","2012-08-28","2012-08-28","2012-08-28","USD","0"
"Financial:Fees","2012-08-29","2012-08-29","2012-08-29","USD","0"
"Financial:Fees","2012-08-30","2012-08-30","2012-08-30","USD","0"
"Financial:Fees","2012-08-31","2012-08-31","2012-08-31","USD","0"
"Financial:Fees","2012-09-01","2012-09-01","2012-09-01","USD","0"
"Financial:Fees","2012-09-02","2012-09-02","2012-09-02","USD","0"
"Financial:Fees","2012-09-03","2012-09-03","2012-09-03","USD","0"
"Financial:Fees","2012-09-04","2012-09-04","2012-09-04","USD","4.00"
"Financial:Fees","2012-09-05","2012-09-05","2012-09-05","USD","0"
"Financial:Fees","2012-09-06","2012-09-06","2012-09-06","USD","0"
"Financial:Fees","2012-09-07","2012-09-07","2012-09-07","USD","0"
"Financial:Fees","2012-09-08","2012-09-08","2012-09-08","USD","0"
"Financial:Fees","2012-09-09","2012-09-09","2012-09-09","USD","0"
"Financial:Fees","2012-09-10","2012-09-10","2012-09-10","USD","0"
"Financial:Fees","2012-09-11","2012-09-11","2012-09-11","USD","0"
"Financial:Fees","2012-09-12","2012-09-12","2012-09-12","USD","0"
"Financial:Fees","2012-09-13","2012-09-13","2012-09-13","USD","0"
"Financial:Fees","2012-09-14","2012-09-14","2012-09-14","USD","0"
"Financial:Fees","2012-09-15","2012-09-15","2012-09-15","USD","0"
"Financial:Fees","2012-09-16","2012-09-16","2012-09-16","USD","0"
"Financial:Fees","2012-09-17","2012-09-17","2012-09-17","USD","0"
"Financial:Fees","2012-09-18","2012-09-18","2012-09-18","USD","0"
"Financial:Fees","2012-09-19","2012-09-19","2012-09-19","USD","0"
"Financial:Fees","2012-09-20","2012-09-20","2012-09-20","USD","0"
"Financial:Fees","2012-09-21","2012-09-21","2012-09-21","USD","0"
"Financial:Fees","2012-09-22","2012-09-22","2012-09-22","USD","0"
"Financial:Fees","2012-09-23","2012-09-23","2012-09-23","USD","0"
"Financial:Fees","2012-09-24","2012-09-24","2012-09-24","USD","0"
"Financial:Fees","2012-09-25","2012-09-25","2012-09-25","USD","0"
"Financial:Fees","2012-09-26","2012-09-26","2012-09-26","USD","0"
"Financial:Fees","2012-09-27","2012-09-27","2012-09-27","USD","0"
"Financial:Fees","2012-09-28","2012-09-28","2012-09-28","USD","0"
"Financial:Fees","2012-09-29","2012-09-29","2012-09-29","USD","0"
"Financial:Fees","2012-09-30","2012-09-30","2012-09-30","USD","0"
"Financial:Fees","2012-10-01","2012-10-01","2012-10-01","USD","0"
"Financial:Fees","2012-10-02","2012-10-02","2012-10-02","USD","0"
"Financial:Fees","2012-10-03","2012-10-03","2012-10-03","USD","0"
"Financial:Fees","2012-10-04","2012-10-04","2012-10-04","USD","4.00"
"Financial:Fees","2012-10-05","2012-10-05","2012-10-05","USD","0"
"Financial:Fees","2012-10-06","2012-10-06","2012-10-06","USD","0"
"Financial:Fees","2012-10-07","2012-10-07","2012-10-07","USD","0"
"Financial:Fees","2012-10-08","2012-10-08","2012-10-08","USD","0"
"Financial:Fees","2012-10-09","2012-10-09","2012-10-09","USD","0"
"Financial:Fees","2012-10-10","2012-10-10","2012-10-10","USD","0"
"Financial:Fees","2012-10-11","2012-10-11","2012-10-11","USD","0"
"Financial:Fees","2012-10-12","2012-10-12","2012-10-12","USD","0"
"Financial:Fees","2012-10-13","2012-10-13","2012-10-13","USD","0"
"Financial:Fees","2012-10-14","2012-10-14","2012-10-14","USD","0"
"Financial:Fees","2012-10-15","2012-10-15","2012-10-15","USD","0"
"Financial:Fees","2012-10-16","2012-10-16","2012-10-16","USD","0"
"Financial:Fees","2012-10-17","2012-10-17","2012-10-17","USD","0"
"Financial:Fees","2012-10-18","2012-10-18","2012-10-18","USD","0"
"Financial:Fees","2012-10-19","2012-10-19","2012-10-19","USD","0"
"Financial:Fees","2012-10-20","2012-10-20","2012-10-20","USD","0"
"Financial:Fees","2012-10-21","2012-10-21","2012-10-21","USD","0"
"Financial:Fees","2012-10-22","2012-10-22","2012-10-22","USD","0"
"Financial:Fees","2012-10-23","2012-10-23","2012-10-23","USD","0"
"Financial:Fees","2012-10-24","2012-10-24","2012-10-24","USD","0"
"Financial:Fees","2012-10-25","2012-10-25","2012-10-25","USD","0"
"Financial:Fees","2012-10-26","2012-10-26","2012-10-26","USD","0"
"Financial:Fees","2012-10-27","2012-10-27","2012-10-27","USD","0"
"Financial:Fees","2012-10-28","2012-10-28","2012-10-28","USD","0"
"Financial:Fees","2012-10-29","2012-10-29","2012-10-29","USD","0"
"Financial:Fees","2012-10-30","2012-10-30","2012-10-30","USD","0"
"Financial:Fees","2012-10-31","2012-10-31","2012-10-31","USD","0"
"Financial:Fees","2012-11-01","2012-11-01","2012-11-01","USD","0"
"Financial:Fees","2012-11-02","2012-11-02","2012-11-02","USD","0"
"Financial:Fees","2012-11-03","2012-11-03","2012-11-03","USD","0"
"Financial:Fees","2012-11-04","2012-11-04","2012-11-04","USD","4.00"
"Financial:Fees","2012-11-05","2012-11-05","2012-11-05","USD","0"
"Financial:Fees","2012-11-06","2012-11-06","2012-11-06","USD","0"
"Financial:Fees","2012-11-07","2012-11-07","2012-11-07","USD","0"
"Financial:Fees","2012-11-08","2012-11-08","2012-11-08","USD","0"
"Financial:Fees","2012-11-09","2012-11-09","2012-11-09","USD","0"
"Financial:Fees","2012-11-10","2012-11-10","2012-11-10","USD","0"
"Financial:Fees","2012-11-11","2012-11-11","2012-11-11","USD","0"
"Financial:Fees","2012-11-12","2012-11-12","2012-11-12","USD","0"
"Financial:Fees","2012-11-13","2012-11-13","2012-11-13","USD","0"
"Financial:Fees","2012-11-14","2012-11-14","2012-11-14","USD","0"
"Financial:Fees","2012-11-15","2012-11-15","2012-11-15","USD","0"
"Financial:Fees","2012-11-16","2012-11-16","2012-11-16","USD","0"
"Financial:Fees","2012-11-17","2012-11-17","2012-11-17","USD","0"
"Financial:Fees","2012-11-18","2012-11-18","2012-11-18","USD","0"
"Financial:Fees","2012-11-19","2012-11-19","2012-11-19","USD","0"
"Financial:Fees","2012-11-20","2012-11-20","2012-11-20","USD","0"
"Financial:Fees","2012-11-21","2012-11-21","2012-11-21","USD","0"
"Financial:Fees","2012-11-22","2012-11-22","2012-11-22","USD","0"
"Financial:Fees","2012-11-23","2012-11-23","2012-11-23","USD","0"
"Financial:Fees","2012-11-24","2012-11-24","2012-11-24","USD","0"
"Financial:Fees","2012-11-25","2012-11-25","2012-11-25","USD","0"
"Financial:Fees","2012-11-26","2012-11-26","2012-11-26","USD","0"
"Financial:Fees","2012-11-27","2012-11-27","2012-11-27","USD","0"
"Financial:Fees","2012-11-28","2012-11-28","2012-11-28","USD","0"
"Financial:Fees","2012-11-29","2012-11-29","2012-11-29","USD","0"
"Financial:Fees","2012-11-30","2012-11-30","2012-11-30","USD","0"
"Financial:Fees","2012-12-01","2012-12-01","2012-12-01","USD","0"
"Financial:Fees","2012-12-02","2012-12-02","2012-12-02","USD","0"
"Financial:Fees","2012-12-03","2012-12-03","2012-12-03","USD","0"
"Financial:Fees","2012-12-04","2012-12-04","2012-12-04","USD","4.00"
"Financial:Fees","2012-12-05","2012-12-05","2012-12-05","USD","0"
"Financial:Fees","2012-12-06","2012-12-06","2012-12-06","USD","0"
"Financial:Fees","2012-12-07","2012-12-07","2012-12-07","USD","0"
"Financial:Fees","2012-12-08","2012-12-08","2012-12-08","USD","0"
"Financial:Fees","2012-12-09","2012-12-09","2012-12-09","USD","0"
"Financial:Fees","2012-12-10","2012-12-10","2012-12-10","USD","0"
"Financial:Fees","2012-12-11","2012-12-11","2012-12-11","USD","0"
"Financial:Fees","2012-12-12","2012-12-12","2012-12-12","USD","0"
"Financial:Fees","2012-12-13","2012-12-13","2012-12-13","USD","0"
"Financial:Fees","2012-12-14","2012-12-14","2012-12-14","USD","0"
"Financial:Fees","2012-12-15","2012-12-15","2012-12-15","USD","0"
"Financial:Fees","2012-12-16","2012-12-16","2012-12-16","USD","0"
"Financial:Fees","2012-12-17","2012-12-17","2012-12-17","USD","0"
"Financial:Fees","2012-12-18","2012-12-18","2012-12-18","USD","0"
"Financial:Fees","2012-12-19","2012-12-19","2012-12-19","USD","0"
"Financial:Fees","2012-12-20","2012-12-20","2012-12-20","USD","0"
"Financial:Fees","2012-12-21","2012-12-21","2012-12-21","USD","0"
"Financial:Fees","2012-12-22","2012-12-22","2012-12-22","USD","0"
"Financial:Fees","2012-12-23","2012-12-23","2012-12-23","USD","0"
"Financial:Fees","2012-12-24","2012-12-24","2012-12-24","USD","0"
"Financial:Fees","2012-12-25","2012-12-25","2012-12-25","USD","0"
"Financial:Fees","2012-12-26","2012-12-26","2012-12-26","USD","0"
"Financial:Fees","2012-12-27","2012-12-27","2012-12-27","USD","0"
"Financial:Fees","2012-12-28","2012-12-28","2012-12-28","USD","0"
"Financial:Fees","2012-12-29","2012-12-29","2012-12-29","USD","0"
"Financial:Fees","2012-12-30","2012-12-30","2012-12-30","USD","0"
"Financial:Fees","2012-12-31","2012-12-31","2012-12-31","USD","0"
"Financial:Fees","2013-01-01","2013-01-01","2013-01-01","USD","0"
"Financial:Fees","2013-01-02","2013-01-02","2013-01-02","USD","0"
"Financial:Fees","2013-01-03","2013-01-03","2013-01-03","USD","0"
"Financial:Fees","2013-01-04","2013-01-04","2013-01-04","USD","4.00"
"Financial:Fees","2013-01-05","2013-01-05","2013-01-05","USD","0"
"Financial:Fees","2013-01-06","2013-01-06","2013-01-06","USD","0"
"Financial:Fees","2013-01-07","2013-01-07","2013-01-07","USD","0"
"Financial:Fees","2013-01-08","2013-01-08","2013-01-08","USD","0"
"Financial:Fees","2013-01-09","2013-01-09","2013-01-09","USD","0"
"Financial:Fees","2013-01-10","2013-01-10","2013-01-10","USD","0"
"Financial:Fees","2013-01-11","2013-01-11","2013-01-11","USD","0"
"Financial:Fees","2013-01-12","2013-01-12","2013-01-12","USD","0"
"Financial:Fees","2013-01-13","2013-01-13","2013-01-13","USD","0"
"Financial:Fees","2013-01-14","2013-01-14","2013-01-14","USD","0"
"Financial:Fees","2013-01-15","2013-01-15","2013-01-15","USD","0"
"Financial:Fees","2013-01-16","2013-01-16","2013-01-16","USD","0"
"Financial:Fees","2013-01-17","2013-01-17","2013-01-17","USD","0"
"Financial:Fees","2013-01-18","2013-01-18","2013-01-18","USD","0"
"Financial:Fees","2013-01-19","2013-01-19","2013-01-19","USD","0"
"Financial:Fees","2013-01-20","2013-01-20","2013-01-20","USD","0"
"Financial:Fees","2013-01-21","2013-01-21","2013-01-21","USD","0"
"Financial:Fees","2013-01-22","2013-01-22","2013-01-22","USD","0"
"Financial:Fees","2013-01-23","2013-01-23","2013-01-23","USD","0"
"Financial:Fees","2013-01-24","2013-01-24","2013-01-24","USD","0"
"Financial:Fees","2013-01-25","2013-01-25","2013-01-25","USD","0"
"Financial:Fees","2013-01-26","2013-01-26","2013-01-26","USD","0"
"Financial:Fees","2013-01-27","2013-01-27","2013-01-27","USD","0"
"Financial:Fees","2013-01-28","2013-01-28","2013-01-28","USD","0"
"Financial:Fees","2013-01-29","2013-01-29","2013-01-29","USD","0"
"Financial:Fees","2013-01-30","2013-01-30","2013-01-30","USD","0"
"Financial:Fees","2013-01-31","2013-01-31","2013-01-31","USD","0"
"Financial:Fees","2013-02-01","2013-02-01","2013-02-01","USD","0"
"Financial:Fees","2013-02-02","2013-02-02","2013-02-02","USD","0"
"Financial:Fees","2013-02-03","2013-02-03","2013-02-03","USD","0"
"Financial:Fees","2013-02-04","2013-02-04","2013-02-04","USD","4.00"
"Financial:Fees","2013-02-05","2013-02-05","2013-02-05","USD","0"
"Financial:Fees","2013-02-06","2013-02-06","2013-02-06","USD","0"
"Financial:Fees","2013-02-07","2013-02-07","2013-02-07","USD","0"
"Financial:Fees","2013-02-08","2013-02-08","2013-02-08","USD","0"
"Financial:Fees","2013-02-09","2013-02-09","2013-02-09","USD","0"
"Financial:Fees","2013-02-10","2013-02-10","2013-02-10","USD","0"
"Financial:Fees","2013-02-11","2013-02-11","2013-02-11","USD","0"
"Financial:Fees","2013-02-12","2013-02-12","2013-02-12","USD","0"
"Financial:Fees","2013-02-13","2013-02-13","2013-02-13","USD","0"
"Financial:Fees","2013-02-14","2013-02-14","2013-02-14","USD","0"
"Financial:Fees","2013-02-15","2013-02-15","2013-02-15","USD","0"
"Financial:Fees","2013-02-16","2013-02-16","2013-02-16","USD","0"
"Financial:Fees","2013-02-17","2013-02-17","2013-02-17","USD","0"
"Financial:Fees","2013-02-18","2013-02-18","2013-02-18","USD","0"
"Financial:Fees","2013-02-19","2013-02-19","2013-02-19","USD","0"
"Financial:Fees","2013-02-20","2013-02-20","2013-02-20","USD","0"
"Financial:Fees","2013-02-21","2013-02-21","2013-02-21","USD","0"
"Financial:Fees","2013-02-22","2013-02-22","2013-02-22","USD","0"
"Financial:Fees","2013-02-23","2013-02-23","2013-02-23","USD","0"
"Financial:Fees","2013-02-24","2013-02-24","2013-02-24","USD","0"
"Financial:Fees","2013-02-25","2013-02-25","2013-02-25","USD","0"
"Financial:Fees","2013-02-26","2013-02-26","2013-02-26","USD","0"
"Financial:Fees","2013-02-27","2013-02-27","2013-02-27","USD","0"
"Financial:Fees","2013-02-28","2013-02-28","2013-02-28","USD","0"
"Financial:Fees","2013-03-01","2013-03-01","2013-03-01","USD","0"
"Financial:Fees","2013-03-02","2013-03-02","2013-03-02","USD","0"
"Financial:Fees","2013-03-03","2013-03-03","2013-03-03","USD","0"
"Financial:Fees","2013-03-04","2013-03-04","2013-03-04","USD","4.00"
"Financial:Fees","2013-03-05","2013-03-05","2013-03-05","USD","0"
"Financial:Fees","2013-03-06","2013-03-06","2013-03-06","USD","0"
"Financial:Fees","2013-03-07","2013-03-07","2013-03-07","USD","0"
"Financial:Fees","2013-03-08","2013-03-08","2013-03-08","USD","0"
"Financial:Fees","2013-03-09","2013-03-09","2013-03-09","USD","0"
"Financial:Fees","2013-03-10","2013-03-10","2013-03-10","USD","0"
"Financial:Fees","2013-03-11","2013-03-11","2013-03-11","USD","0"
"Financial:Fees","2013-03-12","2013-03-12","2013-03-12","USD","0"
"Financial:Fees","2013-03-13","2013-03-13","2013-03-13","USD","0"
"Financial:Fees","2013-03-14","2013-03-14","2013-03-14","USD","0"
"Financial:Fees","2013-03-15","2013-03-15","2013-03-15","USD","0"
"Financial:Fees","2013-03-16","2013-03-16","2013-03-16","USD","0"
"Financial:Fees","2013-03-17","2013-03-17","2013-03-17","USD","0"
"Financial:Fees","2013-03-18","2013-03-18","2013-03-18","USD","0"
"Financial:Fees","2013-03-19","2013-03-19","2013-03-19","USD","0"
"Financial:Fees","2013-03-20","2013-03-20","2013-03-20","USD","0"
"Financial:Fees","2013-03-21","2013-03-21","2013-03-21","USD","0"
"Financial:Fees","2013-03-22","2013-03-22","2013-03-22","USD","0"
"Financial:Fees","2013-03-23","2013-03-23","2013-03-23","USD","0"
"Financial:Fees","2013-03-24","2013-03-24","2013-03-24","USD","0"
"Financial:Fees","2013-03-25","2013-03-25","2013-03-25","USD","0"
"Financial:Fees","2013-03-26","2013-03-26","2013-03-26","USD","0"
"Financial:Fees","2013-03-27","2013-03-27","2013-03-27","USD","0"
"Financial:Fees","2013-03-28","2013-03-28","2013-03-28","USD","0"
"Financial:Fees","2013-03-29","2013-03-29","2013-03-29","USD","0"
"Financial:Fees","2013-03-30","2013-03-30","2013-03-30","USD","0"
"Financial:Fees","2013-03-31","2013-03-31","2013-03-31","USD","0"
"Financial:Fees","2013-04-01","2013-04-01","2013-04-01","USD","0"
"Financial:Fees","2013-04-02","2013-04-02","2013-04-02","USD","0"
"Financial:Fees","2013-04-03","2013-04-03","2013-04-03","USD","0"
"Financial:Fees","2013-04-04","2013-04-04","2013-04-04","USD","4.00"
"Financial:Fees","2013-04-05","2013-04-05","2013-04-05","USD","0"
"Financial:Fees","2013-04-06","2013-04-06","2013-04-06","USD","0"
"Financial:Fees","2013-04-07","2013-04-07","2013-04-07","USD","0"
"Financial:Fees","2013-04-08","2013-04-08","2013-04-08","USD","0"
"Financial:Fees","2013-04-09","2013-04-09","2013-04-09","USD","0"
"Financial:Fees","2013-04-10","2013-04-10","2013-04-10","USD","0"
"Financial:Fees","2013-04-11","2013-04-11","2013-04-11","USD","0"
"Financial:Fees","2013-04-12","2013-04-12","2013-04-12","USD","0"
"Financial:Fees","2013-04-13","2013-04-13","2013-04-13","USD","0"
"Financial:Fees","2013-04-14","2013-04-14","2013-04-14","USD","0"
"Financial:Fees","2013-04-15","2013-04-15","2013-04-15","USD","0"
"Financial:Fees","2013-04-16","2013-04-16","2013-04-16","USD","0"
"Financial:Fees","2013-04-17","2013-04-17","2013-04-17","USD","0"
"Financial:Fees","2013-04-18","2013-04-18","2013-04-18","USD","0"
"Financial:Fees","2013-04-19","2013-04-19","2013-04-19","USD","0"
"Financial:Fees","2013-04-20","2013-04-20","2013-04-20","USD","0"
"Financial:Fees","2013-04-21","2013-04-21","2013-04-21","USD","0"
"Financial:Fees","2013-04-22","2013-04-22","2013-04-22","USD","0"
"Financial:Fees","2013-04-23","2013-04-23","2013-04-23","USD","0"
"Financial:Fees","2013-04-24","2013-04-24","2013-04-24","USD","0"
"Financial:Fees","2013-04-25","2013-04-25","2013-04-25","USD","0"
"Financial:Fees","2013-04-26","2013-04-26","2013-04-26","USD","0"
"Financial:Fees","2013-04-27","2013-04-27","2013-04-27","USD","0"
"Financial:Fees","2013-04-28","2013-04-28","2013-04-28","USD","0"
"Financial:Fees","2013-04-29","2013-04-29","2013-04-29","USD","0"
"Financial:Fees","2013-04-30","2013-04-30","2013-04-30","USD","0"
"Financial:Fees","2013-05-01","2013-05-01","2013-05-01","USD","0"
"Financial:Fees","2013-05-02","2013-05-02","2013-05-02","USD","0"
"Financial:Fees","2013-05-03","2013-05-03","2013-05-03","USD","0"
"Financial:Fees","2013-05-04","2013-05-04","2013-05-04","USD","4.00"
"Financial:Fees","2013-05-05","2013-05-05","2013-05-05","USD","0"
"Financial:Fees","2013-05-06","2013-05-06","2013-05-06","USD","0"
"Financial:Fees","2013-05-07","2013-05-07","2013-05-07","USD","0"
"Financial:Fees","2013-05-08","2013-05-08","2013-05-08","USD","0"
"Financial:Fees","2013-05-09","2013-05-09","2013-05-09","USD","0"
"Financial:Fees","2013-05-10","2013-05-10","2013-05-10","USD","0"
"Financial:Fees","2013-05-11","2013-05-11","2013-05-11","USD","0"
"Financial:Fees","2013-05-12","2013-05-12","2013-05-12","USD","0"
"Financial:Fees","2013-05-13","2013-05-13","2013-05-13","USD","0"
"Financial:Fees","2013-05-14","2013-05-14","2013-05-14","USD","0"
"Financial:Fees","2013-05-15","2013-05-15","2013-05-15","USD","0"
"Financial:Fees","2013-05-16","2013-05-16","2013-05-16","USD","0"
"Financial:Fees","2013-05-17","2013-05-17","2013-05-17","USD","0"
"Financial:Fees","2013-05-18","2013-05-18","2013-05-18","USD","0"
"Financial:Fees","2013-05-19","2013-05-19","2013-05-19","USD","0"
"Financial:Fees","2013-05-20","2013-05-20","2013-05-20","USD","0"
"Financial:Fees","2013-05-21","2013-05-21","2013-05-21","USD","0"
"Financial:Fees","2013-05-22","2013-05-22","2013-05-22","USD","0"
"Financial:Fees","2013-05-23","2013-05-23","2013-05-23","USD","0"
"Financial:Fees","2013-05-24","2013-05-24","2013-05-24","USD","0"
"Financial:Fees","2013-05-25","2013-05-25","2013-05-25","USD","0"
"Financial:Fees","2013-05-26","2013-05-26","2013-05-26","USD","0"
"Financial:Fees","2013-05-27","2013-05-27","2013-05-27","USD","0"
"Financial:Fees","2013-05-28","2013-05-28","2013-05-28","USD","0"
"Financial:Fees","2013-05-29","2013-05-29","2013-05-29","USD","0"
"Financial:Fees","2013-05-30","2013-05-30","2013-05-30","USD","0"
"Financial:Fees","2013-05-31","2013-05-31","2013-05-31","USD","0"
"Financial:Fees","2013-06-01","2013-06-01","2013-06-01","USD","0"
"Financial:Fees","2013-06-02","2013-06-02","2013-06-02","USD","0"
"Financial:Fees","2013-06-03","2013-06-03","2013-06-03","USD","0"
"Financial:Fees","2013-06-04","2013-06-04","2013-06-04","USD","4.00"
"Financial:Fees","2013-06-05","2013-06-05","2013-06-05","USD","0"
"Financial:Fees","2013-06-06","2013-06-06","2013-06-06","USD","0"
"Financial:Fees","2013-06-07","2013-06-07","2013-06-07","USD","0"
"Financial:Fees","2013-06-08","2013-06-08","2013-06-08","USD","0"
"Financial:Fees","2013-06-09","2013-06-09","2013-06-09","USD","0"
"Financial:Fees","2013-06-10","2013-06-10","2013-06-10","USD","0"
"Financial:Fees","2013-06-11","2013-06-11","2013-06-11","USD","0"
"Financial:Fees","2013-06-12","2013-06-12","2013-06-12","USD","0"
"Financial:Fees","2013-06-13","2013-06-13","2013-06-13","USD","0"
"Financial:Fees","2013-06-14","2013-06-14","2013-06-14","USD","0"
"Financial:Fees","2013-06-15","2013-06-15","2013-06-15","USD","0"
"Financial:Fees","2013-06-16","2013-06-16","2013-06-16","USD","0"
"Financial:Fees","2013-06-17","2013-06-17","2013-06-17","USD","0"
"Financial:Fees","2013-06-18","2013-06-18","2013-06-18","USD","0"
"Financial:Fees","2013-06-19","2013-06-19","2013-06-19","USD","0"
"Financial:Fees","2013-06-20","2013-06-20","2013-06-20","USD","0"
"Financial:Fees","2013-06-21","2013-06-21","2013-06-21","USD","0"
"Financial:Fees","2013-06-22","2013-06-22","2013-06-22","USD","0"
"Financial:Fees","2013-06-23","2013-06-23","2013-06-23","USD","0"
"Financial:Fees","2013-06-24","2013-06-24","2013-06-24","USD","0"
"Financial:Fees","2013-06-25","2013-06-25","2013-06-25","USD","0"
"Financial:Fees","2013-06-26","2013-06-26","2013-06-26","USD","0"
"Financial:Fees","2013-06-27","2013-06-27","2013-06-27","USD","0"
"Financial:Fees","2013-06-28","2013-06-28","2013-06-28","USD","0"
"Financial:Fees","2013-06-29","2013-06-29","2013-06-29","USD","0"
"Financial:Fees","2013-06-30","2013-06-30","2013-06-30","USD","0"
"Financial:Fees","2013-07-01","2013-07-01","2013-07-01","USD","0"
"Financial:Fees","2013-07-02","2013-07-02","2013-07-02","USD","0"
"Financial:Fees","2013-07-03","2013-07-03","2013-07-03","USD","0"
"Financial:Fees","2013-07-04","2013-07-04","2013-07-04","USD","4.00"
"Financial:Fees","2013-07-05","2013-07-05","2013-07-05","USD","0"
"Financial:Fees","2013-07-06","2013-07-06","2013-07-06","USD","0"
"Financial:Fees","2013-07-07","2013-07-07","2013-07-07","USD","0"
"Financial:Fees","2013-07-08","2013-07-08","2013-07-08","USD","0"
"Financial:Fees","2013-07-09","2013-07-09","2013-07-09","USD","0"
"Financial:Fees","2013-07-10","2013-07-10","2013-07-10","USD","0"
"Financial:Fees","2013-07-11","2013-07-11","2013-07-11","USD","0"
"Financial:Fees","2013-07-12","2013-07-12","2013-07-12","USD","0"
"Financial:Fees","2013-07-13","2013-07-13","2013-07-13","USD","0"
"Financial:Fees","2013-07-14","2013-07-14","2013-07-14","USD","0"
"Financial:Fees","2013-07-15","2013-07-15","2013-07-15","USD","0"
"Financial:Fees","2013-07-16","2013-07-16","2013-07-16","USD","0"
"Financial:Fees","2013-07-17","2013-07-17","2013-07-17","USD","0"
"Financial:Fees","2013-07-18","2013-07-18","2013-07-18","USD","0"
"Financial:Fees","2013-07-19","2013-07-19","2013-07-19","USD","0"
"Financial:Fees","2013-07-20","2013-07-20","2013-07-20","USD","0"
"Financial:Fees","2013-07-21","2013-07-21","2013-07-21","USD","0"
"Financial:Fees","2013-07-22","2013-07-22","2013-07-22","USD","0"
"Financial:Fees","2013-07-23","2013-07-23","2013-07-23","USD","0"
"Financial:Fees","2013-07-24","2013-07-24","2013-07-24","USD","0"
"Financial:Fees","2013-07-25","2013-07-25","2013-07-25","USD","0"
"Financial:Fees","2013-07-26","2013-07-26","2013-07-26","USD","0"
"Financial:Fees","2013-07-27","2013-07-27","2013-07-27","USD","0"
"Financial:Fees","2013-07-28","2013-07-28","2013-07-28","USD","0"
"Financial:Fees","2013-07-29","2013-07-29","2013-07-29","USD","0"
"Financial:Fees","2013-07-30","2013-07-30","2013-07-30","USD","0"
"Financial:Fees","2013-07-31","2013-07-31","2013-07-31","USD","0"
"Financial:Fees","2013-08-01","2013-08-01","2013-08-01","USD","0"
"Financial:Fees","2013-08-02","2013-08-02","2013-08-02","USD","0"
"Financial:Fees","2013-08-03","2013-08-03","2013-08-03","USD","0"
"Financial:Fees","2013-08-04","2013-08-04","2013-08-04","USD","4.00"
"Financial:Fees","2013-08-05","2013-08-05","2013-08-05","USD","0"
"Financial:Fees","2013-08-06","2013-08-06","2013-08-06","USD","0"
"Financial:Fees","2013-08-07","2013-08-07","2013-08-07","USD","0"
"Financial:Fees","2013-08-08","2013-08-08","2013-08-08","USD","0"
"Financial:Fees","2013-08-09","2013-08-09","2013-08-09","USD","0"
"Financial:Fees","2013-08-10","2013-08-10","2013-08-10","USD","0"
"Financial:Fees","2013-08-11","2013-08-11","2013-08-11","USD","0"
"Financial:Fees","2013-08-12","2013-08-12","2013-08-12","USD","0"
"Financial:Fees","2013-08-13","2013-08-13","2013-08-13","USD","0"
"Financial:Fees","2013-08-14","2013-08-14","2013-08-14","USD","0"
"Financial:Fees","2013-08-15","2013-08-15","2013-08-15","USD","0"
"Financial:Fees","2013-08-16","2013-08-16","2013-08-16","USD","0"
"Financial:Fees","2013-08-17","2013-08-17","2013-08-17","USD","0"
"Financial:Fees","2013-08-18","2013-08-18","2013-08-18","USD","0"
"Financial:Fees","2013-08-19","2013-08-19","2013-08-19","USD","0"
"Financial:Fees","2013-08-20","2013-08-20","2013-08-20","USD","0"
"Financial:Fees","2013-08-21","2013-08-21","2013-08-21","USD","0"
"Financial:Fees","2013-08-22","2013-08-22","2013-08-22","USD","0"
"Financial:Fees","2013-08-23","2013-08-23","2013-08-23","USD","0"
"Financial:Fees","2013-08-24","2013-08-24","2013-08-24","USD","0"
"Financial:Fees","2013-08-25","2013-08-25","2013-08-25","USD","0"
"Financial:Fees","2013-08-26","2013-08-26","2013-08-26","USD","0"
"Financial:Fees","2013-08-27","2013-08-27","2013-08-27","USD","0"
"Financial:Fees","2013-08-28","2013-08-28","2013-08-28","USD","0"
"Financial:Fees","2013-08-29","2013-08-29","2013-08-29","USD","0"
"Financial:Fees","2013-08-30","2013-08-30","2013-08-30","USD","0"
"Financial:Fees","2013-08-31","2013-08-31","2013-08-31","USD","0"
"Financial:Fees","2013-09-01","2013-09-01","2013-09-01","USD","0"
"Financial:Fees","2013-09-02","2013-09-02","2013-09-02","USD","0"
"Financial:Fees","2013-09-03","2013-09-03","2013-09-03","USD","0"
"Financial:Fees","2013-09-04","2013-09-04","2013-09-04","USD","4.00"
"Financial:Fees","2013-09-05","2013-09-05","2013-09-05","USD","0"
"Financial:Fees","2013-09-06","2013-09-06","2013-09-06","USD","0"
"Financial:Fees","2013-09-07","2013-09-07","2013-09-07","USD","0"
"Financial:Fees","2013-09-08","2013-09-08","2013-09-08","USD","0"
"Financial:Fees","2013-09-09","2013-09-09","2013-09-09","USD","0"
"Financial:Fees","2013-09-10","2013-09-10","2013-09-10","USD","0"
"Financial:Fees","2013-09-11","2013-09-11","2013-09-11","USD","0"
"Financial:Fees","2013-09-12","2013-09-12","2013-09-12","USD","0"
"Financial:Fees","2013-09-13","2013-09-13","2013-09-13","USD","0"
"Financial:Fees","2013-09-14","2013-09-14","2013-09-14","USD","0"
"Financial:Fees","2013-09-15","2013-09-15","2013-09-15","USD","0"
"Financial:Fees","2013-09-16","2013-09-16","2013-09-16","USD","0"
"Financial:Fees","2013-09-17","2013-09-17","2013-09-17","USD","0"
"Financial:Fees","2013-09-18","2013-09-18","2013-09-18","USD","0"
"Financial:Fees","2013-09-19","2013-09-19","2013-09-19","USD","0"
"Financial:Fees","2013-09-20","2013-09-20","2013-09-20","USD","0"
"Financial:Fees","2013-09-21","2013-09-21","2013-09-21","USD","0"
"Financial:Fees","2013-09-22","2013-09-22","2013-09-22","USD","0"
"Financial:Fees","2013-09-23","2013-09-23","2013-09-23","USD","0"
"Financial:Fees","2013-09-24","2013-09-24","2013-09-24","USD","0"
"Financial:Fees","2013-09-25","2013-09-25","2013-09-25","USD","0"
"Financial:Fees","2013-09-26","2013-09-26","2013-09-26","USD","0"
"Financial:Fees","2013-09-27","2013-09-27","2013-09-27","USD","0"
"Financial:Fees","2013-09-28","2013-09-28","2013-09-28","USD","0"
"Financial:Fees","2013-09-29","2013-09-29","2013-09-29","USD","0"
"Financial:Fees","2013-09-30","2013-09-30","2013-09-30","USD","0"
"Financial:Fees","2013-10-01","2013-10-01","2013-10-01","USD","0"
"Financial:Fees","2013-10-02","2013-10-02","2013-10-02","USD","0"
"Financial:Fees","2013-10-03","2013-10-03","2013-10-03","USD","0"
"Financial:Fees","2013-10-04","2013-10-04","2013-10-04","USD","4.00"
"Financial:Fees","2013-10-05","2013-10-05","2013-10-05","USD","0"
"Financial:Fees","2013-10-06","2013-10-06","2013-10-06","USD","0"
"Financial:Fees","2013-10-07","2013-10-07","2013-10-07","USD","0"
"Financial:Fees","2013-10-08","2013-10-08","2013-10-08","USD","0"
"Financial:Fees","2013-10-09","2013-10-09","2013-10-09","USD","0"
"Financial:Fees","2013-10-10","2013-10-10","2013-10-10","USD","0"
"Financial:Fees","2013-10-11","2013-10-11","2013-10-11","USD","0"
"Financial:Fees","2013-10-12","2013-10-12","2013-10-12","USD","0"
"Financial:Fees","2013-10-13","2013-10-13","2013-10-13","USD","0"
"Financial:Fees","2013-10-14","2013-10-14","2013-10-14","USD","0"
"Financial:Fees","2013-10-15","2013-10-15","2013-10-15","USD","0"
"Financial:Fees","2013-10-16","2013-10-16","2013-10-16","USD","0"
"Financial:Fees","2013-10-17","2013-10-17","2013-10-17","USD","0"
"Financial:Fees","2013-10-18","2013-10-18","2013-10-18","USD","0"
"Financial:Fees","2013-10-19","2013-10-19","2013-10-19","USD","0"
"Financial:Fees","2013-10-20","2013-10-20","2013-10-20","USD","0"
"Financial:Fees","2013-10-21","2013-10-21","2013-10-21","USD","0"
"Financial:Fees","2013-10-22","2013-10-22","2013-10-22","USD","0"
"Financial:Fees","2013-10-23","2013-10-23","2013-10-23","USD","0"
"Financial:Fees","2013-10-24","2013-10-24","2013-10-24","USD","0"
"Financial:Fees","2013-10-25","2013-10-25","2013-10-25","USD","0"
"Financial:Fees","2013-10-26","2013-10-26","2013-10-26","USD","0"
"Financial:Fees","2013-10-27","2013-10-27","2013-10-27","USD","0"
"Financial:Fees","2013-10-28","2013-10-28","2013-10-28","USD","0"
"Financial:Fees","2013-10-29","2013-10-29","2013-10-29","USD","0"
"Financial:Fees","2013-10-30","2013-10-30","2013-10-30","USD","0"
"Financial:Fees","2013-10-31","2013-10-31","2013-10-31","USD","0"
"Financial:Fees","2013-11-01","2013-11-01","2013-11-01","USD","0"
"Financial:Fees","2013-11-02","2013-11-02","2013-11-02","USD","0"
"Financial:Fees","2013-11-03","2013-11-03","2013-11-03","USD","0"
"Financial:Fees","2013-11-04","2013-11-04","2013-11-04","USD","4.00"
"Financial:Fees","2013-11-05","2013-11-05","2013-11-05","USD","0"
"Financial:Fees","2013-11-06","2013-11-06","2013-11-06","USD","0"
"Financial:Fees","2013-11-07","2013-11-07","2013-11-07","USD","0"
"Financial:Fees","2013-11-08","2013-11-08","2013-11-08","USD","0"
"Financial:Fees","2013-11-09","2013-11-09","2013-11-09","USD","0"
"Financial:Fees","2013-11-10","2013-11-10","2013-11-10","USD","0"
"Financial:Fees","2013-11-11","2013-11-11","2013-11-11","USD","0"
"Financial:Fees","2013-11-12","2013-11-12","2013-11-12","USD","0"
"Financial:Fees","2013-11-13","2013-11-13","2013-11-13","USD","0"
"Financial:Fees","2013-11-14","2013-11-14","2013-11-14","USD","0"
"Financial:Fees","2013-11-15","2013-11-15","2013-11-15","USD","0"
"Financial:Fees","2013-11-16","2013-11-16","2013-11-16","USD","0"
"Financial:Fees","2013-11-17","2013-11-17","2013-11-17","USD","0"
"Financial:Fees","2013-11-18","2013-11-18","2013-11-18","USD","0"
"Financial:Fees","2013-11-19","2013-11-19","2013-11-19","USD","0"
"Financial:Fees","2013-11-20","2013-11-20","2013-11-20","USD","0"
"Financial:Fees","2013-11-21","2013-11-21","2013-11-21","USD","0"
"Financial:Fees","2013-11-22","2013-11-22","2013-11-22","USD","0"
"Financial:Fees","2013-11-23","2013-11-23","2013-11-23","USD","0"
"Financial:Fees","2013-11-24","2013-11-24","2013-11-24","USD","0"
"Financial:Fees","2013-11-25","2013-11-25","2013-11-25","USD","0"
"Financial:Fees","2013-11-26","2013-11-26","2013-11-26","USD","0"
"Financial:Fees","2013-11-27","2013-11-27","2013-11-27","USD","0"
"Financial:Fees","2013-11-28","2013-11-28","2013-11-28","USD","0"
"Financial:Fees","2013-11-29","2013-11-29","2013-11-29","USD","0"
"Financial:Fees","2013-11-30","2013-11-30","2013-11-30","USD","0"
"Financial:Fees","2013-12-01","2013-12-01","2013-12-01","USD","0"
"Financial:Fees","2013-12-02","2013-12-02","2013-12-02","USD","0"
"Financial:Fees","2013-12-03","2013-12-03","2013-12-03","USD","0"
"Financial:Fees","2013-12-04","2013-12-04","2013-12-04","USD","4.00"
"Financial:Fees","2013-12-05","2013-12-05","2013-12-05","USD","0"
"Financial:Fees","2013-12-06","2013-12-06","2013-12-06","USD","0"
"Financial:Fees","2013-12-07","2013-12-07","2013-12-07","USD","0"
"Financial:Fees","2013-12-08","2013-12-08","2013-12-08","USD","0"
"Financial:Fees","2013-12-09","2013-12-09","2013-12-09","USD","0"
"Financial:Fees","2013-12-10","2013-12-10","2013-12-10","USD","0"
"Financial:Fees","2013-12-11","2013-12-11","2013-12-11","USD","0"
"Financial:Fees","2013-12-12","2013-12-12","2013-12-12","USD","0"
"Financial:Fees","2013-12-13","2013-12-13","2013-12-13","USD","0"
"Financial:Fees","2013-12-14","2013-12-14","2013-12-14","USD","0"
"Financial:Fees","2013-12-15","2013-12-15","2013-12-15","USD","0"
"Financial:Fees","2013-12-16","2013-12-16","2013-12-16","USD","0"
"Financial:Fees","2013-12-17","2013-12-17","2013-12-17","USD","0"
"Financial:Fees","2013-12-18","2013-12-18","2013-12-18","USD","0"
"Financial:Fees","2013-12-19","2013-12-19","2013-12-19","USD","0"
"Financial:Fees","2013-12-20","2013-12-20","2013-12-20","USD","0"
"Financial:Fees","2013-12-21","2013-12-21","2013-12-21","USD","0"
"Financial:Fees","2013-12-22","2013-12-22","2013-12-22","USD","0"
"Financial:Fees","2013-12-23","2013-12-23","2013-12-23","USD","0"
"Financial:Fees","2013-12-24","2013-12-24","2013-12-24","USD","0"
"Financial:Fees","2013-12-25","2013-12-25","2013-12-25","USD","0"
"Financial:Fees","2013-12-26","2013-12-26","2013-12-26","USD","0"
"Financial:Fees","2013-12-27","2013-12-27","2013-12-27","USD","0"
"Financial:Fees","2013-12-28","2013-12-28","2013-12-28","USD","0"
"Financial:Fees","2013-12-29","2013-12-29","2013-12-29","USD","0"
"Financial:Fees","2013-12-30","2013-12-30","2013-12-30","USD","0"
"Financial:Fees","2013-12-31","2013-12-31","2013-12-31","USD","0"
"Financial:Fees","2014-01-01","2014-01-01","2014-01-01","USD","0"
"Financial:Fees","2014-01-02","2014-01-02","2014-01-02","USD","0"
"Financial:Fees","2014-01-03","2014-01-03","2014-01-03","USD","0"
"Financial:Fees","2014-01-04","2014-01-04","2014-01-04","USD","4.00"
"Financial:Fees","2014-01-05","2014-01-05","2014-01-05","USD","0"
"Financial:Fees","2014-01-06","2014-01-06","2014-01-06","USD","0"
"Financial:Fees","2014-01-07","2014-01-07","2014-01-07","USD","0"
"Financial:Fees","2014-01-08","2014-01-08","2014-01-08","USD","0"
"Financial:Fees","2014-01-09","2014-01-09","2014-01-09","USD","0"
"Financial:Fees","2014-01-10","2014-01-10","2014-01-10","USD","0"
"Financial:Fees","2014-01-11","2014-01-11","2014-01-11","USD","0"
"Financial:Fees","2014-01-12","2014-01-12","2014-01-12","USD","0"
"Financial:Fees","2014-01-13","2014-01-13","2014-01-13","USD","0"
"Financial:Fees","2014-01-14","2014-01-14","2014-01-14","USD","0"
"Financial:Fees","2014-01-15","2014-01-15","2014-01-15","USD","0"
"Financial:Fees","2014-01-16","2014-01-16","2014-01-16","USD","0"
"Financial:Fees","2014-01-17","2014-01-17","2014-01-17","USD","0"
"Financial:Fees","2014-01-18","2014-01-18","2014-01-18","USD","0"
"Financial:Fees","2014-01-19","2014-01-19","2014-01-19","USD","0"
"Financial:Fees","2014-01-20","2014-01-20","2014-01-20","USD","0"
"Financial:Fees","2014-01-21","2014-01-21","2014-01-21","USD","0"
"Financial:Fees","2014-01-22","2014-01-22","2014-01-22","USD","0"
"Financial:Fees","2014-01-23","2014-01-23","2014-01-23","USD","0"
"Financial:Fees","2014-01-24","2014-01-24","2014-01-24","USD","0"
"Financial:Fees","2014-01-25","2014-01-25","2014-01-25","USD","0"
"Financial:Fees","2014-01-26","2014-01-26","2014-01-26","USD","0"
"Financial:Fees","2014-01-27","2014-01-27","2014-01-27","USD","0"
"Financial:Fees","2014-01-28","2014-01-28","2014-01-28","USD","0"
"Financial:Fees","2014-01-29","2014-01-29","2014-01-29","USD","0"
"Financial:Fees","2014-01-30","2014-01-30","2014-01-30","USD","0"
"Financial:Fees","2014-01-31","2014-01-31","2014-01-31","USD","0"
"Financial:Fees","2014-02-01","2014-02-01","2014-02-01","USD","0"
"Financial:Fees","2014-02-02","2014-02-02","2014-02-02","USD","0"
"Financial:Fees","2014-02-03","2014-02-03","2014-02-03","USD","0"
"Financial:Fees","2014-02-04","2014-02-04","2014-02-04","USD","4.00"
"Financial:Fees","2014-02-05","2014-02-05","2014-02-05","USD","0"
"Financial:Fees","2014-02-06","2014-02-06","2014-02-06","USD","0"
"Financial:Fees","2014-02-07","2014-02-07","2014-02-07","USD","0"
"Financial:Fees","2014-02-08","2014-02-08","2014-02-08","USD","0"
"Financial:Fees","2014-02-09","2014-02-09","2014-02-09","USD","0"
"Financial:Fees","2014-02-10","2014-02-10","2014-02-10","USD","0"
"Financial:Fees","2014-02-11","2014-02-11","2014-02-11","USD","0"
"Financial:Fees","2014-02-12","2014-02-12","2014-02-12","USD","0"
"Financial:Fees","2014-02-13","2014-02-13","2014-02-13","USD","0"
"Financial:Fees","2014-02-14","2014-02-14","2014-02-14","USD","0"
"Financial:Fees","2014-02-15","2014-02-15","2014-02-15","USD","0"
"Financial:Fees","2014-02-16","2014-02-16","2014-02-16","USD","0"
"Financial:Fees","2014-02-17","2014-02-17","2014-02-17","USD","0"
"Financial:Fees","2014-02-18","2014-02-18","2014-02-18","USD","0"
"Financial:Fees","2014-02-19","2014-02-19","2014-02-19","USD","0"
"Financial:Fees","2014-02-20","2014-02-20","2014-02-20","USD","0"
"Financial:Fees","2014-02-21","2014-02-21","2014-02-21","USD","0"
"Financial:Fees","2014-02-22","2014-02-22","2014-02-22","USD","0"
"Financial:Fees","2014-02-23","2014-02-23","2014-02-23","USD","0"
"Financial:Fees","2014-02-24","2014-02-24","2014-02-24","USD","0"
"Financial:Fees","2014-02-25","2014-02-25","2014-02-25","USD","0"
"Financial:Fees","2014-02-26","2014-02-26","2014-02-26","USD","0"
"Financial:Fees","2014-02-27","2014-02-27","2014-02-27","USD","0"
"Financial:Fees","2014-02-28","2014-02-28","2014-02-28","USD","0"
"Financial:Fees","2014-03-01","2014-03-01","2014-03-01","USD","0"
"Financial:Fees","2014-03-02","2014-03-02","2014-03-02","USD","0"
"Financial:Fees","2014-03-03","2014-03-03","2014-03-03","USD","0"
"Financial:Fees","2014-03-04","2014-03-04","2014-03-04","USD","4.00"
"Financial:Fees","2014-03-05","2014-03-05","2014-03-05","USD","0"
"Financial:Fees","2014-03-06","2014-03-06","2014-03-06","USD","0"
"Financial:Fees","2014-03-07","2014-03-07","2014-03-07","USD","0"
"Financial:Fees","2014-03-08","2014-03-08","2014-03-08","USD","0"
"Financial:Fees","2014-03-09","2014-03-09","2014-03-09","USD","0"
"Financial:Fees","2014-03-10","2014-03-10","2014-03-10","USD","0"
"Financial:Fees","2014-03-11","2014-03-11","2014-03-11","USD","0"
"Financial:Fees","2014-03-12","2014-03-12","2014-03-12","USD","0"
"Financial:Fees","2014-03-13","2014-03-13","2014-03-13","USD","0"
"Financial:Fees","2014-03-14","2014-03-14","2014-03-14","USD","0"
"Financial:Fees","2014-03-15","2014-03-15","2014-03-15","USD","0"
"Financial:Fees","2014-03-16","2014-03-16","2014-03-16","USD","0"
"Financial:Fees","2014-03-17","2014-03-17","2014-03-17","USD","0"
"Financial:Fees","2014-03-18","2014-03-18","2014-03-18","USD","0"
"Financial:Fees","2014-03-19","2014-03-19","2014-03-19","USD","0"
"Financial:Fees","2014-03-20","2014-03-20","2014-03-20","USD","0"
"Financial:Fees","2014-03-21","2014-03-21","2014-03-21","USD","0"
"Financial:Fees","2014-03-22","2014-03-22","2014-03-22","USD","0"
"Financial:Fees","2014-03-23","2014-03-23","2014-03-23","USD","0"
"Financial:Fees","2014-03-24","2014-03-24","2014-03-24","USD","0"
"Financial:Fees","2014-03-25","2014-03-25","2014-03-25","USD","0"
"Financial:Fees","2014-03-26","2014-03-26","2014-03-26","USD","0"
"Financial:Fees","2014-03-27","2014-03-27","2014-03-27","USD","0"
"Financial:Fees","2014-03-28","2014-03-28","2014-03-28","USD","0"
"Financial:Fees","2014-03-29","2014-03-29","2014-03-29","USD","0"
"Financial:Fees","2014-03-30","2014-03-30","2014-03-30","USD","0"
"Financial:Fees","2014-03-31","2014-03-31","2014-03-31","USD","0"
"Financial:Fees","2014-04-01","2014-04-01","2014-04-01","USD","0"
"Financial:Fees","2014-04-02","2014-04-02","2014-04-02","USD","0"
"Financial:Fees","2014-04-03","2014-04-03","2014-04-03","USD","0"
"Financial:Fees","2014-04-04","2014-04-04","2014-04-04","USD","4.00"
"Financial:Fees","2014-04-05","2014-04-05","2014-04-05","USD","0"
"Financial:Fees","2014-04-06","2014-04-06","2014-04-06","USD","0"
"Financial:Fees","2014-04-07","2014-04-07","2014-04-07","USD","0"
"Financial:Fees","2014-04-08","2014-04-08","2014-04-08","USD","0"
"Financial:Fees","2014-04-09","2014-04-09","2014-04-09","USD","0"
"Financial:Fees","2014-04-10","2014-04-10","2014-04-10","USD","0"
"Financial:Fees","2014-04-11","2014-04-11","2014-04-11","USD","0"
"Financial:Fees","2014-04-12","2014-04-12","2014-04-12","USD","0"
"Financial:Fees","2014-04-13","2014-04-13","2014-04-13","USD","0"
"Financial:Fees","2014-04-14","2014-04-14","2014-04-14","USD","0"
"Financial:Fees","2014-04-15","2014-04-15","2014-04-15","USD","0"
"Financial:Fees","2014-04-16","2014-04-16","2014-04-16","USD","0"
"Financial:Fees","2014-04-17","2014-04-17","2014-04-17","USD","0"
"Financial:Fees","2014-04-18","2014-04-18","2014-04-18","USD","0"
"Financial:Fees","2014-04-19","2014-04-19","2014-04-19","USD","0"
"Financial:Fees","2014-04-20","2014-04-20","2014-04-20","USD","0"
"Financial:Fees","2014-04-21","2014-04-21","2014-04-21","USD","0"
"Financial:Fees","2014-04-22","2014-04-22","2014-04-22","USD","0"
"Financial:Fees","2014-04-23","2014-04-23","2014-04-23","USD","0"
"Financial:Fees","2014-04-24","2014-04-24","2014-04-24","USD","0"
"Financial:Fees","2014-04-25","2014-04-25","2014-04-25","USD","0"
"Financial:Fees","2014-04-26","2014-04-26","2014-04-26","USD","0"
"Financial:Fees","2014-04-27","2014-04-27","2014-04-27","USD","0"
"Financial:Fees","2014-04-28","2014-04-28","2014-04-28","USD","0"
"Financial:Fees","2014-04-29","2014-04-29","2014-04-29","USD","0"
"Financial:Fees","2014-04-30","2014-04-30","2014-04-30","USD","0"
"Financial:Fees","2014-05-01","2014-05-01","2014-05-01","USD","0"
"Financial:Fees","2014-05-02","2014-05-02","2014-05-02","USD","0"
"Financial:Fees","2014-05-03","2014-05-03","2014-05-03","USD","0"
"Financial:Fees","2014-05-04","2014-05-04","2014-05-04","USD","4.00"
"Financial:Fees","2014-05-05","2014-05-05","2014-05-05","USD","0"
"Financial:Fees","2014-05-06","2014-05-06","2014-05-06","USD","0"
"Financial:Fees","2014-05-07","2014-05-07","2014-05-07","USD","0"
"Financial:Fees","2014-05-08","2014-05-08","2014-05-08","USD","0"
"Financial:Fees","2014-05-09","2014-05-09","2014-05-09","USD","0"
"Financial:Fees","2014-05-10","2014-05-10","2014-05-10","USD","0"
"Financial:Fees","2014-05-11","2014-05-11","2014-05-11","USD","0"
"Financial:Fees","2014-05-12","2014-05-12","2014-05-12","USD","0"
"Financial:Fees","2014-05-13","2014-05-13","2014-05-13","USD","0"
"Financial:Fees","2014-05-14","2014-05-14","2014-05-14","USD","0"
"Financial:Fees","2014-05-15","2014-05-15","2014-05-15","USD","0"
"Financial:Fees","2014-05-16","2014-05-16","2014-05-16","USD","0"
"Financial:Fees","2014-05-17","2014-05-17","2014-05-17","USD","0"
"Financial:Fees","2014-05-18","2014-05-18","2014-05-18","USD","0"
"Financial:Fees","2014-05-19","2014-05-19","2014-05-19","USD","0"
"Financial:Fees","2014-05-20","2014-05-20","2014-05-20","USD","0"
"Financial:Fees","2014-05-21","2014-05-21","2014-05-21","USD","0"
"Financial:Fees","2014-05-22","2014-05-22","2014-05-22","USD","0"
"Financial:Fees","2014-05-23","2014-05-23","2014-05-23","USD","0"
"Financial:Fees","2014-05-24","2014-05-24","2014-05-24","USD","0"
"Financial:Fees","2014-05-25","2014-05-25","2014-05-25","USD","0"
"Financial:Fees","2014-05-26","2014-05-26","2014-05-26","USD","0"
"Financial:Fees","2014-05-27","2014-05-27","2014-05-27","USD","0"
"Financial:Fees","2014-05-28","2014-05-28","2014-05-28","USD","0"
"Financial:Fees","2014-05-29","2014-05-29","2014-05-29","USD","0"
"Financial:Fees","2014-05-30","2014-05-30","2014-05-30","USD","0"
"Financial:Fees","2014-05-31","2014-05-31","2014-05-31","USD","0"
"Financial:Fees","2014-06-01","2014-06-01","2014-06-01","USD","0"
"Financial:Fees","2014-06-02","2014-06-02","2014-06-02","USD","0"
"Financial:Fees","2014-06-03","2014-06-03","2014-06-03","USD","0"
"Financial:Fees","2014-06-04","2014-06-04","2014-06-04","USD","4.00"
"Financial:Fees","2014-06-05","2014-06-05","2014-06-05","USD","0"
"Financial:Fees","2014-06-06","2014-06-06","2014-06-06","USD","0"
"Financial:Fees","2014-06-07","2014-06-07","2014-06-07","USD","0"
"Financial:Fees","2014-06-08","2014-06-08","2014-06-08","USD","0"
"Financial:Fees","2014-06-09","2014-06-09","2014-06-09","USD","0"
"Financial:Fees","2014-06-10","2014-06-10","2014-06-10","USD","0"
"Financial:Fees","2014-06-11","2014-06-11","2014-06-11","USD","0"
"Financial:Fees","2014-06-12","2014-06-12","2014-06-12","USD","0"
"Financial:Fees","2014-06-13","2014-06-13","2014-06-13","USD","0"
"Financial:Fees","2014-06-14","2014-06-14","2014-06-14","USD","0"
"Financial:Fees","2014-06-15","2014-06-15","2014-06-15","USD","0"
"Financial:Fees","2014-06-16","2014-06-16","2014-06-16","USD","0"
"Financial:Fees","2014-06-17","2014-06-17","2014-06-17","USD","0"
"Financial:Fees","2014-06-18","2014-06-18","2014-06-18","USD","0"
"Financial:Fees","2014-06-19","2014-06-19","2014-06-19","USD","0"
"Financial:Fees","2014-06-20","2014-06-20","2014-06-20","USD","0"
"Financial:Fees","2014-06-21","2014-06-21","2014-06-21","USD","0"
"Financial:Fees","2014-06-22","2014-06-22","2014-06-22","USD","0"
"Financial:Fees","2014-06-23","2014-06-23","2014-06-23","USD","0"
"Financial:Fees","2014-06-24","2014-06-24","2014-06-24","USD","0"
"Financial:Fees","2014-06-25","2014-06-25","2014-06-25","USD","0"
"Financial:Fees","2014-06-26","2014-06-26","2014-06-26","USD","0"
"Financial:Fees","2014-06-27","2014-06-27","2014-06-27","USD","0"
"Financial:Fees","2014-06-28","2014-06-28","2014-06-28","USD","0"
"Financial:Fees","2014-06-29","2014-06-29","2014-06-29","USD","0"
"Financial:Fees","2014-06-30","2014-06-30","2014-06-30","USD","0"
"Financial:Fees","2014-07-01","2014-07-01","2014-07-01","USD","0"
"Financial:Fees","2014-07-02","2014-07-02","2014-07-02","USD","0"
"Financial:Fees","2014-07-03","2014-07-03","2014-07-03","USD","0"
"Financial:Fees","2014-07-04","2014-07-04","2014-07-04","USD","4.00"
"Financial:Fees","2014-07-05","2014-07-05","2014-07-05","USD","0"
"Financial:Fees","2014-07-06","2014-07-06","2014-07-06","USD","0"
"Financial:Fees","2014-07-07","2014-07-07","2014-07-07","USD","0"
"Financial:Fees","2014-07-08","2014-07-08","2014-07-08","USD","0"
"Financial:Fees","2014-07-09","2014-07-09","2014-07-09","USD","0"
"Financial:Fees","2014-07-10","2014-07-10","2014-07-10","USD","0"
"Financial:Fees","2014-07-11","2014-07-11","2014-07-11","USD","0"
"Financial:Fees","2014-07-12","2014-07-12","2014-07-12","USD","0"
"Financial:Fees","2014-07-13","2014-07-13","2014-07-13","USD","0"
"Financial:Fees","2014-07-14","2014-07-14","2014-07-14","USD","0"
"Financial:Fees","2014-07-15","2014-07-15","2014-07-15","USD","0"
"Financial:Fees","2014-07-16","2014-07-16","2014-07-16","USD","0"
"Financial:Fees","2014-07-17","2014-07-17","2014-07-17","USD","0"
"Financial:Fees","2014-07-18","2014-07-18","2014-07-18","USD","0"
"Financial:Fees","2014-07-19","2014-07-19","2014-07-19","USD","0"
"Financial:Fees","2014-07-20","2014-07-20","2014-07-20","USD","0"
"Financial:Fees","2014-07-21","2014-07-21","2014-07-21","USD","0"
"Financial:Fees","2014-07-22","2014-07-22","2014-07-22","USD","0"
"Financial:Fees","2014-07-23","2014-07-23","2014-07-23","USD","0"
"Financial:Fees","2014-07-24","2014-07-24","2014-07-24","USD","0"
"Financial:Fees","2014-07-25","2014-07-25","2014-07-25","USD","0"
"Financial:Fees","2014-07-26","2014-07-26","2014-07-26","USD","0"
"Financial:Fees","2014-07-27","2014-07-27","2014-07-27","USD","0"
"Financial:Fees","2014-07-28","2014-07-28","2014-07-28","USD","0"
"Financial:Fees","2014-07-29","2014-07-29","2014-07-29","USD","0"
"Financial:Fees","2014-07-30","2014-07-30","2014-07-30","USD","0"
"Financial:Fees","2014-07-31","2014-07-31","2014-07-31","USD","0"
"Financial:Fees","2014-08-01","2014-08-01","2014-08-01","USD","0"
"Financial:Fees","2014-08-02","2014-08-02","2014-08-02","USD","0"
"Financial:Fees","2014-08-03","2014-08-03","2014-08-03","USD","0"
"Financial:Fees","2014-08-04","2014-08-04","2014-08-04","USD","4.00"
"Financial:Fees","2014-08-05","2014-08-05","2014-08-05","USD","0"
"Financial:Fees","2014-08-06","2014-08-06","2014-08-06","USD","0"
"Financial:Fees","2014-08-07","2014-08-07","2014-08-07","USD","0"
"Financial:Fees","2014-08-08","2014-08-08","2014-08-08","USD","0"
"Financial:Fees","2014-08-09","2014-08-09","2014-08-09","USD","0"
"Financial:Fees","2014-08-10","2014-08-10","2014-08-10","USD","0"
"Financial:Fees","2014-08-11","2014-08-11","2014-08-11","USD","0"
"Financial:Fees","2014-08-12","2014-08-12","2014-08-12","USD","0"
"Financial:Fees","2014-08-13","2014-08-13","2014-08-13","USD","0"
"Financial:Fees","2014-08-14","2014-08-14","2014-08-14","USD","0"
"Financial:Fees","2014-08-15","2014-08-15","2014-08-15","USD","0"
"Financial:Fees","2014-08-16","2014-08-16","2014-08-16","USD","0"
"Financial:Fees","2014-08-17","2014-08-17","2014-08-17","USD","0"
"Financial:Fees","2014-08-18","2014-08-18","2014-08-18","USD","0"
"Financial:Fees","2014-08-19","2014-08-19","2014-08-19","USD","0"
"Financial:Fees","2014-08-20","2014-08-20","2014-08-20","USD","0"
"Financial:Fees","2014-08-21","2014-08-21","2014-08-21","USD","0"
"Financial:Fees","2014-08-22","2014-08-22","2014-08-22","USD","0"
"Financial:Fees","2014-08-23","2014-08-23","2014-08-23","USD","0"
"Financial:Fees","2014-08-24","2014-08-24","2014-08-24","USD","0"
"Financial:Fees","2014-08-25","2014-08-25","2014-08-25","USD","0"
"Financial:Fees","2014-08-26","2014-08-26","2014-08-26","USD","0"
"Financial:Fees","2014-08-27","2014-08-27","2014-08-27","USD","0"
"Financial:Fees","2014-08-28","2014-08-28","2014-08-28","USD","0"
"Financial:Fees","2014-08-29","2014-08-29","2014-08-29","USD","0"
"Financial:Fees","2014-08-30","2014-08-30","2014-08-30","USD","0"
"Financial:Fees","2014-08-31","2014-08-31","2014-08-31","USD","0"
"Financial:Fees","2014-09-01","2014-09-01","2014-09-01","USD","0"
"Financial:Fees","2014-09-02","2014-09-02","2014-09-02","USD","0"
"Financial:Fees","2014-09-03","2014-09-03","2014-09-03","USD","0"
"Financial:Fees","2014-09-04","2014-09-04","2014-09-04","USD","4.00"
"Financial:Fees","2014-09-05","2014-09-05","2014-09-05","USD","0"
"Financial:Fees","2014-09-06","2014-09-06","2014-09-06","USD","0"
"Financial:Fees","2014-09-07","2014-09-07","2014-09-07","USD","0"
"Financial:Fees","2014-09-08","2014-09-08","2014-09-08","USD","0"
"Financial:Fees","2014-09-09","2014-09-09","2014-09-09","USD","0"
"Financial:Fees","2014-09-10","2014-09-10","2014-09-10","USD","0"
"Financial:Fees","2014-09-11","2014-09-11","2014-09-11","USD","0"
"Financial:Fees","2014-09-12","2014-09-12","2014-09-12","USD","0"
"Financial:Fees","2014-09-13","2014-09-13","2014-09-13","USD","0"
"Financial:Fees","2014-09-14","2014-09-14","2014-09-14","USD","0"
"Financial:Fees","2014-09-15","2014-09-15","2014-09-15","USD","0"
"Financial:Fees","2014-09-16","2014-09-16","2014-09-16","USD","0"
"Financial:Fees","2014-09-17","2014-09-17","2014-09-17","USD","0"
"Financial:Fees","2014-09-18","2014-09-18","2014-09-18","USD","0"
"Financial:Fees","2014-09-19","2014-09-19","2014-09-19","USD","0"
"Financial:Fees","2014-09-20","2014-09-20","2014-09-20","USD","0"
"Financial:Fees","2014-09-21","2014-09-21","2014-09-21","USD","0"
"Financial:Fees","2014-09-22","2014-09-22","2014-09-22","USD","0"
"Financial:Fees","2014-09-23","2014-09-23","2014-09-23","USD","0"
"Financial:Fees","2014-09-24","2014-09-24","2014-09-24","USD","0"
"Financial:Fees","2014-09-25","2014-09-25","2014-09-25","USD","0"
"Financial:Fees","2014-09-26","2014-09-26","2014-09-26","USD","0"
"Financial:Fees","2014-09-27","2014-09-27","2014-09-27","USD","0"
"Financial:Fees","2014-09-28","2014-09-28","2014-09-28","USD","0"
"Financial:Fees","2014-09-29","2014-09-29","2014-09-29","USD","0"
"Financial:Fees","2014-09-30","2014-09-30","2014-09-30","USD","0"
"Financial:Fees","2014-10-01","2014-10-01","2014-10-01","USD","0"
"Financial:Fees","2014-10-02","2014-10-02","2014-10-02","USD","0"
"Financial:Fees","2014-10-03","2014-10-03","2014-10-03","USD","0"
"Financial:Fees","2014-10-04","2014-10-04","2014-10-04","USD","4.00"
"Financial:Fees","2014-10-05","2014-10-05","2014-10-05","USD","0"
"Financial:Fees","2014-10-06","2014-10-06","2014-10-06","USD","0"
"Financial:Fees","2014-10-07","2014-10-07","2014-10-07","USD","0"
"Financial:Fees","2014-10-08","2014-10-08","2014-10-08","USD","0"
"Financial:Fees","2014-10-09","2014-10-09","2014-10-09","USD","0"
"Financial:Fees","2014-10-10","2014-10-10","2014-10-10","USD","0"
"Financial:Fees","2014-10-11","2014-10-11","2014-10-11","USD","0"
"Food:Alcohol","2012-01-03","2012-01-03","2012-01-03","USD","0"
"Food:Alcohol","2012-01-04","2012-01-04","2012-01-04","USD","0"
"Food:Alcohol","2012-01-05","2012-01-05","2012-01-05","USD","0"
"Food:Alcohol","2012-01-06","2012-01-06","2012-01-06","USD","0"
"Food:Alcohol","2012-01-07","2012-01-07","2012-01-07","USD","0"
"Food:Alcohol","2012-01-08","2012-01-08","2012-01-08","USD","0"
"Food:Alcohol","2012-01-09","2012-01-09","2012-01-09","USD","0"
"Food:Alcohol","2012-01-10","2012-01-10","2012-01-10","USD","0"
"Food:Alcohol","2012-01-11","2012-01-11","2012-01-11","USD","0"
"Food:Alcohol","2012-01-12","2012-01-12","2012-01-12","USD","0"
"Food:Alcohol","2012-01-13","2012-01-13","2012-01-13","USD","0"
"Food:Alcohol","2012-01-14","2012-01-14","2012-01-14","USD","0"
"Food:Alcohol","2012-01-15","2012-01-15","2012-01-15","USD","0"
"Food:Alcohol","2012-01-16","2012-01-16","2012-01-16","USD","0"
"Food:Alcohol","2012-01-17","2012-01-17","2012-01-17","USD","0"
"Food:Alcohol","2012-01-18","2012-01-18","2012-01-18","USD","0"
"Food:Alcohol","2012-01-19","2012-01-19","2012-01-19","USD","0"
"Food:Alcohol","2012-01-20","2012-01-20","2012-01-20","USD","0"
"Food:Alcohol","2012-01-21","2012-01-21","2012-01-21","USD","0"
"Food:Alcohol","2012-01-22","2012-01-22","2012-01-22","USD","0"
"Food:Alcohol","2012-01-23","2012-01-23","2012-01-23","USD","0"
"Food:Alcohol","2012-01-24","2012-01-24","2012-01-24","USD","0"
"Food:Alcohol","2012-01-25","2012-01-25","2012-01-25","USD","0"
"Food:Alcohol","2012-01-26","2012-01-26","2012-01-26","USD","0"
"Food:Alcohol","2012-01-27","2012-01-27","2012-01-27","USD","0"
"Food:Alcohol","2012-01-28","2012-01-28","2012-01-28","USD","0"
"Food:Alcohol","2012-01-29","2012-01-29","2012-01-29","USD","0"
"Food:Alcohol","2012-01-30","2012-01-30","2012-01-30","USD","0"
"Food:Alcohol","2012-01-31","2012-01-31","2012-01-31","USD","0"
"Food:Alcohol","2012-02-01","2012-02-01","2012-02-01","USD","0"
"Food:Alcohol","2012-02-02","2012-02-02","2012-02-02","USD","0"
"Food:Alcohol","2012-02-03","2012-02-03","2012-02-03","USD","0"
"Food:Alcohol","2012-02-04","2012-02-04","2012-02-04","USD","0"
"Food:Alcohol","2012-02-05","2012-02-05","2012-02-05","USD","0"
"Food:Alcohol","2012-02-06","2012-02-06","2012-02-06","USD","0"
"Food:Alcohol","2012-02-07","2012-02-07","2012-02-07","USD","0"
"Food:Alcohol","2012-02-08","2012-02-08","2012-02-08","USD","0"
"Food:Alcohol","2012-02-09","2012-02-09","2012-02-09","USD","0"
"Food:Alcohol","2012-02-10","2012-02-10","2012-02-10","USD","0"
"Food:Alcohol","2012-02-11","2012-02-11","2012-02-11","USD","0"
"Food:Alcohol","2012-02-12","2012-02-12","2012-02-12","USD","0"
"Food:Alcohol","2012-02-13","2012-02-13","2012-02-13","USD","0"
"Food:Alcohol","2012-02-14","2012-02-14","2012-02-14","USD","0"
"Food:Alcohol","2012-02-15","2012-02-15","2012-02-15","USD","0"
"Food:Alcohol","2012-02-16","2012-02-16","2012-02-16","USD","0"
"Food:Alcohol","2012-02-17","2012-02-17","2012-02-17","USD","0"
"Food:Alcohol","2012-02-18","2012-02-18","2012-02-18","USD","0"
"Food:Alcohol","2012-02-19","2012-02-19","2012-02-19","USD","0"
"Food:Alcohol","2012-02-20","2012-02-20","2012-02-20","USD","0"
"Food:Alcohol","2012-02-21","2012-02-21","2012-02-21","USD","0"
"Food:Alcohol","2012-02-22","2012-02-22","2012-02-22","USD","0"
"Food:Alcohol","2012-02-23","2012-02-23","2012-02-23","USD","0"
"Food:Alcohol","2012-02-24","2012-02-24","2012-02-24","USD","0"
"Food:Alcohol","2012-02-25","2012-02-25","2012-02-25","USD","0"
"Food:Alcohol","2012-02-26","2012-02-26","2012-02-26","USD","0"
"Food:Alcohol","2012-02-27","2012-02-27","2012-02-27","USD","0"
"Food:Alcohol","2012-02-28","2012-02-28","2012-02-28","USD","0"
"Food:Alcohol","2012-02-29","2012-02-29","2012-02-29","USD","0"
"Food:Alcohol","2012-03-01","2012-03-01","2012-03-01","USD","0"
"Food:Alcohol","2012-03-02","2012-03-02","2012-03-02","USD","0"
"Food:Alcohol","2012-03-03","2012-03-03","2012-03-03","USD","0"
"Food:Alcohol","2012-03-04","2012-03-04","2012-03-04","USD","0"
"Food:Alcohol","2012-03-05","2012-03-05","2012-03-05","USD","0"
"Food:Alcohol","2012-03-06","2012-03-06","2012-03-06","USD","0"
"Food:Alcohol","2012-03-07","2012-03-07","2012-03-07","USD","0"
"Food:Alcohol","2012-03-08","2012-03-08","2012-03-08","USD","0"
"Food:Alcohol","2012-03-09","2012-03-09","2012-03-09","USD","0"
"Food:Alcohol","2012-03-10","2012-03-10","2012-03-10","USD","0"
"Food:Alcohol","2012-03-11","2012-03-11","2012-03-11","USD","0"
"Food:Alcohol","2012-03-12","2012-03-12","2012-03-12","USD","0"
"Food:Alcohol","2012-03-13","2012-03-13","2012-03-13","USD","0"
"Food:Alcohol","2012-03-14","2012-03-14","2012-03-14","USD","0"
"Food:Alcohol","2012-03-15","2012-03-15","2012-03-15","USD","0"
"Food:Alcohol","2012-03-16","2012-03-16","2012-03-16","USD","0"
"Food:Alcohol","2012-03-17","2012-03-17","2012-03-17","USD","0"
"Food:Alcohol","2012-03-18","2012-03-18","2012-03-18","USD","0"
"Food:Alcohol","2012-03-19","2012-03-19","2012-03-19","USD","0"
"Food:Alcohol","2012-03-20","2012-03-20","2012-03-20","USD","0"
"Food:Alcohol","2012-03-21","2012-03-21","2012-03-21","USD","0"
"Food:Alcohol","2012-03-22","2012-03-22","2012-03-22","USD","0"
"Food:Alcohol","2012-03-23","2012-03-23","2012-03-23","USD","0"
"Food:Alcohol","2012-03-24","2012-03-24","2012-03-24","USD","0"
"Food:Alcohol","2012-03-25","2012-03-25","2012-03-25","USD","0"
"Food:Alcohol","2012-03-26","2012-03-26","2012-03-26","USD","0"
"Food:Alcohol","2012-03-27","2012-03-27","2012-03-27","USD","0"
"Food:Alcohol","2012-03-28","2012-03-28","2012-03-28","USD","0"
"Food:Alcohol","2012-03-29","2012-03-29","2012-03-29","USD","0"
"Food:Alcohol","2012-03-30","2012-03-30","2012-03-30","USD","0"
"Food:Alcohol","2012-03-31","2012-03-31","2012-03-31","USD","0"
"Food:Alcohol","2012-04-01","2012-04-01","2012-04-01","USD","0"
"Food:Alcohol","2012-04-02","2012-04-02","2012-04-02","USD","0"
"Food:Alcohol","2012-04-03","2012-04-03","2012-04-03","USD","0"
"Food:Alcohol","2012-04-04","2012-04-04","2012-04-04","USD","0"
"Food:Alcohol","2012-04-05","2012-04-05","2012-04-05","USD","0"
"Food:Alcohol","2012-04-06","2012-04-06","2012-04-06","USD","0"
"Food:Alcohol","2012-04-07","2012-04-07","2012-04-07","USD","0"
"Food:Alcohol","2012-04-08","2012-04-08","2012-04-08","USD","0"
"Food:Alcohol","2012-04-09","2012-04-09","2012-04-09","USD","0"
"Food:Alcohol","2012-04-10","2012-04-10","2012-04-10","USD","0"
"Food:Alcohol","2012-04-11","2012-04-11","2012-04-11","USD","0"
"Food:Alcohol","2012-04-12","2012-04-12","2012-04-12","USD","0"
"Food:Alcohol","2012-04-13","2012-04-13","2012-04-13","USD","0"
"Food:Alcohol","2012-04-14","2012-04-14","2012-04-14","USD","0"
"Food:Alcohol","2012-04-15","2012-04-15","2012-04-15","USD","0"
"Food:Alcohol","2012-04-16","2012-04-16","2012-04-16","USD","0"
"Food:Alcohol","2012-04-17","2012-04-17","2012-04-17","USD","0"
"Food:Alcohol","2012-04-18","2012-04-18","2012-04-18","USD","0"
"Food:Alcohol","2012-04-19","2012-04-19","2012-04-19","USD","0"
"Food:Alcohol","2012-04-20","2012-04-20","2012-04-20","USD","0"
"Food:Alcohol","2012-04-21","2012-04-21","2012-04-21","USD","0"
"Food:Alcohol","2012-04-22","2012-04-22","2012-04-22","USD","0"
"Food:Alcohol","2012-04-23","2012-04-23","2012-04-23","USD","0"
"Food:Alcohol","2012-04-24","2012-04-24","2012-04-24","USD","0"
"Food:Alcohol","2012-04-25","2012-04-25","2012-04-25","USD","0"
"Food:Alcohol","2012-04-26","2012-04-26","2012-04-26","USD","0"
"Food:Alcohol","2012-04-27","2012-04-27","2012-04-27","USD","0"
"Food:Alcohol","2012-04-28","2012-04-28","2012-04-28","USD","0"
"Food:Alcohol","2012-04-29","2012-04-29","2012-04-29","USD","0"
"Food:Alcohol","2012-04-30","2012-04-30","2012-04-30","USD","0"
"Food:Alcohol","2012-05-01","2012-05-01","2012-05-01","USD","0"
"Food:Alcohol","2012-05-02","2012-05-02","2012-05-02","USD","0"
"Food:Alcohol","2012-05-03","2012-05-03","2012-05-03","USD","0"
"Food:Alcohol","2012-05-04","2012-05-04","2012-05-04","USD","0"
"Food:Alcohol","2012-05-05","2012-05-05","2012-05-05","USD","0"
"Food:Alcohol","2012-05-06","2012-05-06","2012-05-06","USD","0"
"Food:Alcohol","2012-05-07","2012-05-07","2012-05-07","USD","0"
"Food:Alcohol","2012-05-08","2012-05-08","2012-05-08","USD","0"
"Food:Alcohol","2012-05-09","2012-05-09","2012-05-09","USD","0"
"Food:Alcohol","2012-05-10","2012-05-10","2012-05-10","USD","0"
"Food:Alcohol","2012-05-11","2012-05-11","2012-05-11","USD","0"
"Food:Alcohol","2012-05-12","2012-05-12","2012-05-12","USD","0"
"Food:Alcohol","2012-05-13","2012-05-13","2012-05-13","USD","0"
"Food:Alcohol","2012-05-14","2012-05-14","2012-05-14","USD","0"
"Food:Alcohol","2012-05-15","2012-05-15","2012-05-15","USD","0"
"Food:Alcohol","2012-05-16","2012-05-16","2012-05-16","USD","0"
"Food:Alcohol","2012-05-17","2012-05-17","2012-05-17","USD","0"
"Food:Alcohol","2012-05-18","2012-05-18","2012-05-18","USD","0"
"Food:Alcohol","2012-05-19","2012-05-19","2012-05-19","USD","0"
"Food:Alcohol","2012-05-20","2012-05-20","2012-05-20","USD","0"
"Food:Alcohol","2012-05-21","2012-05-21","2012-05-21","USD","0"
"Food:Alcohol","2012-05-22","2012-05-22","2012-05-22","USD","0"
"Food:Alcohol","2012-05-23","2012-05-23","2012-05-23","USD","0"
"Food:Alcohol","2012-05-24","2012-05-24","2012-05-24","USD","0"
"Food:Alcohol","2012-05-25","2012-05-25","2012-05-25","USD","0"
"Food:Alcohol","2012-05-26","2012-05-26","2012-05-26","USD","0"
"Food:Alcohol","2012-05-27","2012-05-27","2012-05-27","USD","0"
"Food:Alcohol","2012-05-28","2012-05-28","2012-05-28","USD","0"
"Food:Alcohol","2012-05-29","2012-05-29","2012-05-29","USD","0"
"Food:Alcohol","2012-05-30","2012-05-30","2012-05-30","USD","0"
"Food:Alcohol","2012-05-31","2012-05-31","2012-05-31","USD","0"
"Food:Alcohol","2012-06-01","2012-06-01","2012-06-01","USD","0"
"Food:Alcohol","2012-06-02","2012-06-02","2012-06-02","USD","0"
"Food:Alcohol","2012-06-03","2012-06-03","2012-06-03","USD","0"
"Food:Alcohol","2012-06-04","2012-06-04","2012-06-04","USD","0"
"Food:Alcohol","2012-06-05","2012-06-05","2012-06-05","USD","0"
"Food:Alcohol","2012-06-06","2012-06-06","2012-06-06","USD","0"
"Food:Alcohol","2012-06-07","2012-06-07","2012-06-07","USD","0"
"Food:Alcohol","2012-06-08","2012-06-08","2012-06-08","USD","0"
"Food:Alcohol","2012-06-09","2012-06-09","2012-06-09","USD","0"
"Food:Alcohol","2012-06-10","2012-06-10","2012-06-10","USD","0"
"Food:Alcohol","2012-06-11","2012-06-11","2012-06-11","USD","0"
"Food:Alcohol","2012-06-12","2012-06-12","2012-06-12","USD","0"
"Food:Alcohol","2012-06-13","2012-06-13","2012-06-13","USD","0"
"Food:Alcohol","2012-06-14","2012-06-14","2012-06-14","USD","0"
"Food:Alcohol","2012-06-15","2012-06-15","2012-06-15","USD","0"
"Food:Alcohol","2012-06-16","2012-06-16","2012-06-16","USD","0"
"Food:Alcohol","2012-06-17","2012-06-17","2012-06-17","USD","0"
"Food:Alcohol","2012-06-18","2012-06-18","2012-06-18","USD","0"
"Food:Alcohol","2012-06-19","2012-06-19","2012-06-19","USD","0"
"Food:Alcohol","2012-06-20","2012-06-20","2012-06-20","USD","0"
"Food:Alcohol","2012-06-21","2012-06-21","2012-06-21","USD","0"
"Food:Alcohol","2012-06-22","2012-06-22","2012-06-22","USD","0"
"Food:Alcohol","2012-06-23","2012-06-23","2012-06-23","USD","0"
"Food:Alcohol","2012-06-24","2012-06-24","2012-06-24","USD","0"
"Food:Alcohol","2012-06-25","2012-06-25","2012-06-25","USD","0"
"Food:Alcohol","2012-06-26","2012-06-26","2012-06-26","USD","0"
"Food:Alcohol","2012-06-27","2012-06-27","2012-06-27","USD","0"
"Food:Alcohol","2012-06-28","2012-06-28","2012-06-28","USD","0"
"Food:Alcohol","2012-06-29","2012-06-29","2012-06-29","USD","0"
"Food:Alcohol","2012-06-30","2012-06-30","2012-06-30","USD","0"
"Food:Alcohol","2012-07-01","2012-07-01","2012-07-01","USD","0"
"Food:Alcohol","2012-07-02","2012-07-02","2012-07-02","USD","0"
"Food:Alcohol","2012-07-03","2012-07-03","2012-07-03","USD","0"
"Food:Alcohol","2012-07-04","2012-07-04","2012-07-04","USD","0"
"Food:Alcohol","2012-07-05","2012-07-05","2012-07-05","USD","0"
"Food:Alcohol","2012-07-06","2012-07-06","2012-07-06","USD","0"
"Food:Alcohol","2012-07-07","2012-07-07","2012-07-07","USD","0"
"Food:Alcohol","2012-07-08","2012-07-08","2012-07-08","USD","0"
"Food:Alcohol","2012-07-09","2012-07-09","2012-07-09","USD","0"
"Food:Alcohol","2012-07-10","2012-07-10","2012-07-10","USD","0"
"Food:Alcohol","2012-07-11","2012-07-11","2012-07-11","USD","0"
"Food:Alcohol","2012-07-12","2012-07-12","2012-07-12","USD","0"
"Food:Alcohol","2012-07-13","2012-07-13","2012-07-13","USD","0"
"Food:Alcohol","2012-07-14","2012-07-14","2012-07-14","USD","0"
"Food:Alcohol","2012-07-15","2012-07-15","2012-07-15","USD","0"
"Food:Alcohol","2012-07-16","2012-07-16","2012-07-16","USD","0"
"Food:Alcohol","2012-07-17","2012-07-17","2012-07-17","USD","0"
"Food:Alcohol","2012-07-18","2012-07-18","2012-07-18","USD","0"
"Food:Alcohol","2012-07-19","2012-07-19","2012-07-19","USD","0"
"Food:Alcohol","2012-07-20","2012-07-20","2012-07-20","USD","0"
"Food:Alcohol","2012-07-21","2012-07-21","2012-07-21","USD","0"
"Food:Alcohol","2012-07-22","2012-07-22","2012-07-22","USD","0"
"Food:Alcohol","2012-07-23","2012-07-23","2012-07-23","USD","0"
"Food:Alcohol","2012-07-24","2012-07-24","2012-07-24","USD","0"
"Food:Alcohol","2012-07-25","2012-07-25","2012-07-25","USD","0"
"Food:Alcohol","2012-07-26","2012-07-26","2012-07-26","USD","0"
"Food:Alcohol","2012-07-27","2012-07-27","2012-07-27","USD","0"
"Food:Alcohol","2012-07-28","2012-07-28","2012-07-28","USD","0"
"Food:Alcohol","2012-07-29","2012-07-29","2012-07-29","USD","0"
"Food:Alcohol","2012-07-30","2012-07-30","2012-07-30","USD","0"
"Food:Alcohol","2012-07-31","2012-07-31","2012-07-31","USD","0"
"Food:Alcohol","2012-08-01","2012-08-01","2012-08-01","USD","0"
"Food:Alcohol","2012-08-02","2012-08-02","2012-08-02","USD","0"
"Food:Alcohol","2012-08-03","2012-08-03","2012-08-03","USD","0"
"Food:Alcohol","2012-08-04","2012-08-04","2012-08-04","USD","0"
"Food:Alcohol","2012-08-05","2012-08-05","2012-08-05","USD","0"
"Food:Alcohol","2012-08-06","2012-08-06","2012-08-06","USD","0"
"Food:Alcohol","2012-08-07","2012-08-07","2012-08-07","USD","0"
"Food:Alcohol","2012-08-08","2012-08-08","2012-08-08","USD","0"
"Food:Alcohol","2012-08-09","2012-08-09","2012-08-09","USD","0"
"Food:Alcohol","2012-08-10","2012-08-10","2012-08-10","USD","0"
"Food:Alcohol","2012-08-11","2012-08-11","2012-08-11","USD","0"
"Food:Alcohol","2012-08-12","2012-08-12","2012-08-12","USD","0"
"Food:Alcohol","2012-08-13","2012-08-13","2012-08-13","USD","0"
"Food:Alcohol","2012-08-14","2012-08-14","2012-08-14","USD","0"
"Food:Alcohol","2012-08-15","2012-08-15","2012-08-15","USD","0"
"Food:Alcohol","2012-08-16","2012-08-16","2012-08-16","USD","0"
"Food:Alcohol","2012-08-17","2012-08-17","2012-08-17","USD","0"
"Food:Alcohol","2012-08-18","2012-08-18","2012-08-18","USD","0"
"Food:Alcohol","2012-08-19","2012-08-19","2012-08-19","USD","0"
"Food:Alcohol","2012-08-20","2012-08-20","2012-08-20","USD","0"
"Food:Alcohol","2012-08-21","2012-08-21","2012-08-21","USD","0"
"Food:Alcohol","2012-08-22","2012-08-22","2012-08-22","USD","0"
"Food:Alcohol","2012-08-23","2012-08-23","2012-08-23","USD","0"
"Food:Alcohol","2012-08-24","2012-08-24","2012-08-24","USD","0"
"Food:Alcohol","2012-08-25","2012-08-25","2012-08-25","USD","0"
"Food:Alcohol","2012-08-26","2012-08-26","2012-08-26","USD","0"
"Food:Alcohol","2012-08-27","2012-08-27","2012-08-27","USD","0"
"Food:Alcohol","2012-08-28","2012-08-28","2012-08-28","USD","0"
"Food:Alcohol","2012-08-29","2012-08-29","2012-08-29","USD","0"
"Food:Alcohol","2012-08-30","2012-08-30","2012-08-30","USD","0"
"Food:Alcohol","2012-08-31","2012-08-31","2012-08-31","USD","0"
"Food:Alcohol","2012-09-01","2012-09-01","2012-09-01","USD","0"
"Food:Alcohol","2012-09-02","2012-09-02","2012-09-02","USD","0"
"Food:Alcohol","2012-09-03","2012-09-03","2012-09-03","USD","0"
"Food:Alcohol","2012-09-04","2012-09-04","2012-09-04","USD","0"
"Food:Alcohol","2012-09-05","2012-09-05","2012-09-05","USD","0"
"Food:Alcohol","2012-09-06","2012-09-06","2012-09-06","USD","0"
"Food:Alcohol","2012-09-07","2012-09-07","2012-09-07","USD","0"
"Food:Alcohol","2012-09-08","2012-09-08","2012-09-08","USD","0"
"Food:Alcohol","2012-09-09","2012-09-09","2012-09-09","USD","0"
"Food:Alcohol","2012-09-10","2012-09-10","2012-09-10","USD","0"
"Food:Alcohol","2012-09-11","2012-09-11","2012-09-11","USD","0"
"Food:Alcohol","2012-09-12","2012-09-12","2012-09-12","USD","0"
"Food:Alcohol","2012-09-13","2012-09-13","2012-09-13","USD","0"
"Food:Alcohol","2012-09-14","2012-09-14","2012-09-14","USD","0"
"Food:Alcohol","2012-09-15","2012-09-15","2012-09-15","USD","0"
"Food:Alcohol","2012-09-16","2012-09-16","2012-09-16","USD","0"
"Food:Alcohol","2012-09-17","2012-09-17","2012-09-17","USD","0"
"Food:Alcohol","2012-09-18","2012-09-18","2012-09-18","USD","0"
"Food:Alcohol","2012-09-19","2012-09-19","2012-09-19","USD","0"
"Food:Alcohol","2012-09-20","2012-09-20","2012-09-20","USD","0"
"Food:Alcohol","2012-09-21","2012-09-21","2012-09-21","USD","0"
"Food:Alcohol","2012-09-22","2012-09-22","2012-09-22","USD","0"
"Food:Alcohol","2012-09-23","2012-09-23","2012-09-23","USD","0"
"Food:Alcohol","2012-09-24","2012-09-24","2012-09-24","USD","0"
"Food:Alcohol","2012-09-25","2012-09-25","2012-09-25","USD","0"
"Food:Alcohol","2012-09-26","2012-09-26","2012-09-26","USD","0"
"Food:Alcohol","2012-09-27","2012-09-27","2012-09-27","USD","0"
"Food:Alcohol","2012-09-28","2012-09-28","2012-09-28","USD","0"
"Food:Alcohol","2012-09-29","2012-09-29","2012-09-29","USD","0"
"Food:Alcohol","2012-09-30","2012-09-30","2012-09-30","USD","0"
"Food:Alcohol","2012-10-01","2012-10-01","2012-10-01","USD","0"
"Food:Alcohol","2012-10-02","2012-10-02","2012-10-02","USD","0"
"Food:Alcohol","2012-10-03","2012-10-03","2012-10-03","USD","0"
"Food:Alcohol","2012-10-04","2012-10-04","2012-10-04","USD","0"
"Food:Alcohol","2012-10-05","2012-10-05","2012-10-05","USD","0"
"Food:Alcohol","2012-10-06","2012-10-06","2012-10-06","USD","0"
"Food:Alcohol","2012-10-07","2012-10-07","2012-10-07","USD","0"
"Food:Alcohol","2012-10-08","2012-10-08","2012-10-08","USD","0"
"Food:Alcohol","2012-10-09","2012-10-09","2012-10-09","USD","0"
"Food:Alcohol","2012-10-10","2012-10-10","2012-10-10","USD","0"
"Food:Alcohol","2012-10-11","2012-10-11","2012-10-11","USD","0"
"Food:Alcohol","2012-10-12","2012-10-12","2012-10-12","USD","0"
"Food:Alcohol","2012-10-13","2012-10-13","2012-10-13","USD","0"
"Food:Alcohol","2012-10-14","2012-10-14","2012-10-14","USD","0"
"Food:Alcohol","2012-10-15","2012-10-15","2012-10-15","USD","0"
"Food:Alcohol","2012-10-16","2012-10-16","2012-10-16","USD","0"
"Food:Alcohol","2012-10-17","2012-10-17","2012-10-17","USD","0"
"Food:Alcohol","2012-10-18","2012-10-18","2012-10-18","USD","0"
"Food:Alcohol","2012-10-19","2012-10-19","2012-10-19","USD","0"
"Food:Alcohol","2012-10-20","2012-10-20","2012-10-20","USD","0"
"Food:Alcohol","2012-10-21","2012-10-21","2012-10-21","USD","0"
"Food:Alcohol","2012-10-22","2012-10-22","2012-10-22","USD","0"
"Food:Alcohol","2012-10-23","2012-10-23","2012-10-23","USD","0"
"Food:Alcohol","2012-10-24","2012-10-24","2012-10-24","USD","0"
"Food:Alcohol","2012-10-25","2012-10-25","2012-10-25","USD","0"
"Food:Alcohol","2012-10-26","2012-10-26","2012-10-26","USD","0"
"Food:Alcohol","2012-10-27","2012-10-27","2012-10-27","USD","0"
"Food:Alcohol","2012-10-28","2012-10-28","2012-10-28","USD","0"
"Food:Alcohol","2012-10-29","2012-10-29","2012-10-29","USD","0"
"Food:Alcohol","2012-10-30","2012-10-30","2012-10-30","USD","0"
"Food:Alcohol","2012-10-31","2012-10-31","2012-10-31","USD","0"
"Food:Alcohol","2012-11-01","2012-11-01","2012-11-01","USD","0"
"Food:Alcohol","2012-11-02","2012-11-02","2012-11-02","USD","0"
"Food:Alcohol","2012-11-03","2012-11-03","2012-11-03","USD","0"
"Food:Alcohol","2012-11-04","2012-11-04","2012-11-04","USD","0"
"Food:Alcohol","2012-11-05","2012-11-05","2012-11-05","USD","0"
"Food:Alcohol","2012-11-06","2012-11-06","2012-11-06","USD","0"
"Food:Alcohol","2012-11-07","2012-11-07","2012-11-07","USD","0"
"Food:Alcohol","2012-11-08","2012-11-08","2012-11-08","USD","0"
"Food:Alcohol","2012-11-09","2012-11-09","2012-11-09","USD","0"
"Food:Alcohol","2012-11-10","2012-11-10","2012-11-10","USD","0"
"Food:Alcohol","2012-11-11","2012-11-11","2012-11-11","USD","0"
"Food:Alcohol","2012-11-12","2012-11-12","2012-11-12","USD","0"
"Food:Alcohol","2012-11-13","2012-11-13","2012-11-13","USD","0"
"Food:Alcohol","2012-11-14","2012-11-14","2012-11-14","USD","0"
"Food:Alcohol","2012-11-15","2012-11-15","2012-11-15","USD","0"
"Food:Alcohol","2012-11-16","2012-11-16","2012-11-16","USD","0"
"Food:Alcohol","2012-11-17","2012-11-17","2012-11-17","USD","0"
"Food:Alcohol","2012-11-18","2012-11-18","2012-11-18","USD","0"
"Food:Alcohol","2012-11-19","2012-11-19","2012-11-19","USD","0"
"Food:Alcohol","2012-11-20","2012-11-20","2012-11-20","USD","0"
"Food:Alcohol","2012-11-21","2012-11-21","2012-11-21","USD","0"
"Food:Alcohol","2012-11-22","2012-11-22","2012-11-22","USD","0"
"Food:Alcohol","2012-11-23","2012-11-23","2012-11-23","USD","0"
"Food:Alcohol","2012-11-24","2012-11-24","2012-11-24","USD","0"
"Food:Alcohol","2012-11-25","2012-11-25","2012-11-25","USD","0"
"Food:Alcohol","2012-11-26","2012-11-26","2012-11-26","USD","0"
"Food:Alcohol","2012-11-27","2012-11-27","2012-11-27","USD","0"
"Food:Alcohol","2012-11-28","2012-11-28","2012-11-28","USD","0"
"Food:Alcohol","2012-11-29","2012-11-29","2012-11-29","USD","0"
"Food:Alcohol","2012-11-30","2012-11-30","2012-11-30","USD","0"
"Food:Alcohol","2012-12-01","2012-12-01","2012-12-01","USD","0"
"Food:Alcohol","2012-12-02","2012-12-02","2012-12-02","USD","0"
"Food:Alcohol","2012-12-03","2012-12-03","2012-12-03","USD","0"
"Food:Alcohol","2012-12-04","2012-12-04","2012-12-04","USD","0"
"Food:Alcohol","2012-12-05","2012-12-05","2012-12-05","USD","0"
"Food:Alcohol","2012-12-06","2012-12-06","2012-12-06","USD","0"
"Food:Alcohol","2012-12-07","2012-12-07","2012-12-07","USD","0"
"Food:Alcohol","2012-12-08","2012-12-08","2012-12-08","USD","0"
"Food:Alcohol","2012-12-09","2012-12-09","2012-12-09","USD","0"
"Food:Alcohol","2012-12-10","2012-12-10","2012-12-10","USD","0"
"Food:Alcohol","2012-12-11","2012-12-11","2012-12-11","USD","0"
"Food:Alcohol","2012-12-12","2012-12-12","2012-12-12","USD","0"
"Food:Alcohol","2012-12-13","2012-12-13","2012-12-13","USD","0"
"Food:Alcohol","2012-12-14","2012-12-14","2012-12-14","USD","0"
"Food:Alcohol","2012-12-15","2012-12-15","2012-12-15","USD","0"
"Food:Alcohol","2012-12-16","2012-12-16","2012-12-16","USD","0"
"Food:Alcohol","2012-12-17","2012-12-17","2012-12-17","USD","0"
"Food:Alcohol","2012-12-18","2012-12-18","2012-12-18","USD","0"
"Food:Alcohol","2012-12-19","2012-12-19","2012-12-19","USD","0"
"Food:Alcohol","2012-12-20","2012-12-20","2012-12-20","USD","0"
"Food:Alcohol","2012-12-21","2012-12-21","2012-12-21","USD","0"
"Food:Alcohol","2012-12-22","2012-12-22","2012-12-22","USD","0"
"Food:Alcohol","2012-12-23","2012-12-23","2012-12-23","USD","0"
"Food:Alcohol","2012-12-24","2012-12-24","2012-12-24","USD","0"
"Food:Alcohol","2012-12-25","2012-12-25","2012-12-25","USD","0"
"Food:Alcohol","2012-12-26","2012-12-26","2012-12-26","USD","0"
"Food:Alcohol","2012-12-27","2012-12-27","2012-12-27","USD","0"
"Food:Alcohol","2012-12-28","2012-12-28","2012-12-28","USD","0"
"Food:Alcohol","2012-12-29","2012-12-29","2012-12-29","USD","0"
"Food:Alcohol","2012-12-30","2012-12-30","2012-12-30","USD","0"
"Food:Alcohol","2012-12-31","2012-12-31","2012-12-31","USD","0"
"Food:Alcohol","2013-01-01","2013-01-01","2013-01-01","USD","0"
"Food:Alcohol","2013-01-02","2013-01-02","2013-01-02","USD","0"
"Food:Alcohol","2013-01-03","2013-01-03","2013-01-03","USD","0"
"Food:Alcohol","2013-01-04","2013-01-04","2013-01-04","USD","0"
"Food:Alcohol","2013-01-05","2013-01-05","2013-01-05","USD","0"
"Food:Alcohol","2013-01-06","2013-01-06","2013-01-06","USD","0"
"Food:Alcohol","2013-01-07","2013-01-07","2013-01-07","USD","0"
"Food:Alcohol","2013-01-08","2013-01-08","2013-01-08","USD","0"
"Food:Alcohol","2013-01-09","2013-01-09","2013-01-09","USD","0"
"Food:Alcohol","2013-01-10","2013-01-10","2013-01-10","USD","0"
"Food:Alcohol","2013-01-11","2013-01-11","2013-01-11","USD","0"
"Food:Alcohol","2013-01-12","2013-01-12","2013-01-12","USD","0"
"Food:Alcohol","2013-01-13","2013-01-13","2013-01-13","USD","0"
"Food:Alcohol","2013-01-14","2013-01-14","2013-01-14","USD","0"
"Food:Alcohol","2013-01-15","2013-01-15","2013-01-15","USD","0"
"Food:Alcohol","2013-01-16","2013-01-16","2013-01-16","USD","0"
"Food:Alcohol","2013-01-17","2013-01-17","2013-01-17","USD","0"
"Food:Alcohol","2013-01-18","2013-01-18","2013-01-18","USD","0"
"Food:Alcohol","2013-01-19","2013-01-19","2013-01-19","USD","0"
"Food:Alcohol","2013-01-20","2013-01-20","2013-01-20","USD","0"
"Food:Alcohol","2013-01-21","2013-01-21","2013-01-21","USD","0"
"Food:Alcohol","2013-01-22","2013-01-22","2013-01-22","USD","0"
"Food:Alcohol","2013-01-23","2013-01-23","2013-01-23","USD","0"
"Food:Alcohol","2013-01-24","2013-01-24","2013-01-24","USD","0"
"Food:Alcohol","2013-01-25","2013-01-25","2013-01-25","USD","0"
"Food:Alcohol","2013-01-26","2013-01-26","2013-01-26","USD","0"
"Food:Alcohol","2013-01-27","2013-01-27","2013-01-27","USD","0"
"Food:Alcohol","2013-01-28","2013-01-28","2013-01-28","USD","0"
"Food:Alcohol","2013-01-29","2013-01-29","2013-01-29","USD","0"
"Food:Alcohol","2013-01-30","2013-01-30","2013-01-30","USD","0"
"Food:Alcohol","2013-01-31","2013-01-31","2013-01-31","USD","0"
"Food:Alcohol","2013-02-01","2013-02-01","2013-02-01","USD","0"
"Food:Alcohol","2013-02-02","2013-02-02","2013-02-02","USD","0"
"Food:Alcohol","2013-02-03","2013-02-03","2013-02-03","USD","0"
"Food:Alcohol","2013-02-04","2013-02-04","2013-02-04","USD","0"
"Food:Alcohol","2013-02-05","2013-02-05","2013-02-05","USD","0"
"Food:Alcohol","2013-02-06","2013-02-06","2013-02-06","USD","0"
"Food:Alcohol","2013-02-07","2013-02-07","2013-02-07","USD","0"
"Food:Alcohol","2013-02-08","2013-02-08","2013-02-08","USD","0"
"Food:Alcohol","2013-02-09","2013-02-09","2013-02-09","USD","0"
"Food:Alcohol","2013-02-10","2013-02-10","2013-02-10","USD","0"
"Food:Alcohol","2013-02-11","2013-02-11","2013-02-11","USD","0"
"Food:Alcohol","2013-02-12","2013-02-12","2013-02-12","USD","0"
"Food:Alcohol","2013-02-13","2013-02-13","2013-02-13","USD","0"
"Food:Alcohol","2013-02-14","2013-02-14","2013-02-14","USD","0"
"Food:Alcohol","2013-02-15","2013-02-15","2013-02-15","USD","0"
"Food:Alcohol","2013-02-16","2013-02-16","2013-02-16","USD","0"
"Food:Alcohol","2013-02-17","2013-02-17","2013-02-17","USD","0"
"Food:Alcohol","2013-02-18","2013-02-18","2013-02-18","USD","0"
"Food:Alcohol","2013-02-19","2013-02-19","2013-02-19","USD","0"
"Food:Alcohol","2013-02-20","2013-02-20","2013-02-20","USD","0"
"Food:Alcohol","2013-02-21","2013-02-21","2013-02-21","USD","0"
"Food:Alcohol","2013-02-22","2013-02-22","2013-02-22","USD","0"
"Food:Alcohol","2013-02-23","2013-02-23","2013-02-23","USD","0"
"Food:Alcohol","2013-02-24","2013-02-24","2013-02-24","USD","0"
"Food:Alcohol","2013-02-25","2013-02-25","2013-02-25","USD","0"
"Food:Alcohol","2013-02-26","2013-02-26","2013-02-26","USD","0"
"Food:Alcohol","2013-02-27","2013-02-27","2013-02-27","USD","0"
"Food:Alcohol","2013-02-28","2013-02-28","2013-02-28","USD","0"
"Food:Alcohol","2013-03-01","2013-03-01","2013-03-01","USD","0"
"Food:Alcohol","2013-03-02","2013-03-02","2013-03-02","USD","0"
"Food:Alcohol","2013-03-03","2013-03-03","2013-03-03","USD","0"
"Food:Alcohol","2013-03-04","2013-03-04","2013-03-04","USD","0"
"Food:Alcohol","2013-03-05","2013-03-05","2013-03-05","USD","0"
"Food:Alcohol","2013-03-06","2013-03-06","2013-03-06","USD","0"
"Food:Alcohol","2013-03-07","2013-03-07","2013-03-07","USD","0"
"Food:Alcohol","2013-03-08","2013-03-08","2013-03-08","USD","0"
"Food:Alcohol","2013-03-09","2013-03-09","2013-03-09","USD","0"
"Food:Alcohol","2013-03-10","2013-03-10","2013-03-10","USD","0"
"Food:Alcohol","2013-03-11","2013-03-11","2013-03-11","USD","0"
"Food:Alcohol","2013-03-12","2013-03-12","2013-03-12","USD","0"
"Food:Alcohol","2013-03-13","2013-03-13","2013-03-13","USD","0"
"Food:Alcohol","2013-03-14","2013-03-14","2013-03-14","USD","0"
"Food:Alcohol","2013-03-15","2013-03-15","2013-03-15","USD","0"
"Food:Alcohol","2013-03-16","2013-03-16","2013-03-16","USD","0"
"Food:Alcohol","2013-03-17","2013-03-17","2013-03-17","USD","0"
"Food:Alcohol","2013-03-18","2013-03-18","2013-03-18","USD","0"
"Food:Alcohol","2013-03-19","2013-03-19","2013-03-19","USD","0"
"Food:Alcohol","2013-03-20","2013-03-20","2013-03-20","USD","0"
"Food:Alcohol","2013-03-21","2013-03-21","2013-03-21","USD","0"
"Food:Alcohol","2013-03-22","2013-03-22","2013-03-22","USD","0"
"Food:Alcohol","2013-03-23","2013-03-23","2013-03-23","USD","0"
"Food:Alcohol","2013-03-24","2013-03-24","2013-03-24","USD","0"
"Food:Alcohol","2013-03-25","2013-03-25","2013-03-25","USD","0"
"Food:Alcohol","2013-03-26","2013-03-26","2013-03-26","USD","0"
"Food:Alcohol","2013-03-27","2013-03-27","2013-03-27","USD","0"
"Food:Alcohol","2013-03-28","2013-03-28","2013-03-28","USD","0"
"Food:Alcohol","2013-03-29","2013-03-29","2013-03-29","USD","0"
"Food:Alcohol","2013-03-30","2013-03-30","2013-03-30","USD","0"
"Food:Alcohol","2013-03-31","2013-03-31","2013-03-31","USD","0"
"Food:Alcohol","2013-04-01","2013-04-01","2013-04-01","USD","0"
"Food:Alcohol","2013-04-02","2013-04-02","2013-04-02","USD","0"
"Food:Alcohol","2013-04-03","2013-04-03","2013-04-03","USD","0"
"Food:Alcohol","2013-04-04","2013-04-04","2013-04-04","USD","0"
"Food:Alcohol","2013-04-05","2013-04-05","2013-04-05","USD","0"
"Food:Alcohol","2013-04-06","2013-04-06","2013-04-06","USD","0"
"Food:Alcohol","2013-04-07","2013-04-07","2013-04-07","USD","0"
"Food:Alcohol","2013-04-08","2013-04-08","2013-04-08","USD","0"
"Food:Alcohol","2013-04-09","2013-04-09","2013-04-09","USD","0"
"Food:Alcohol","2013-04-10","2013-04-10","2013-04-10","USD","0"
"Food:Alcohol","2013-04-11","2013-04-11","2013-04-11","USD","0"
"Food:Alcohol","2013-04-12","2013-04-12","2013-04-12","USD","0"
"Food:Alcohol","2013-04-13","2013-04-13","2013-04-13","USD","0"
"Food:Alcohol","2013-04-14","2013-04-14","2013-04-14","USD","0"
"Food:Alcohol","2013-04-15","2013-04-15","2013-04-15","USD","0"
"Food:Alcohol","2013-04-16","2013-04-16","2013-04-16","USD","0"
"Food:Alcohol","2013-04-17","2013-04-17","2013-04-17","USD","0"
"Food:Alcohol","2013-04-18","2013-04-18","2013-04-18","USD","0"
"Food:Alcohol","2013-04-19","2013-04-19","2013-04-19","USD","0"
"Food:Alcohol","2013-04-20","2013-04-20","2013-04-20","USD","0"
"Food:Alcohol","2013-04-21","2013-04-21","2013-04-21","USD","0"
"Food:Alcohol","2013-04-22","2013-04-22","2013-04-22","USD","0"
"Food:Alcohol","2013-04-23","2013-04-23","2013-04-23","USD","0"
"Food:Alcohol","2013-04-24","2013-04-24","2013-04-24","USD","0"
"Food:Alcohol","2013-04-25","2013-04-25","2013-04-25","USD","0"
"Food:Alcohol","2013-04-26","2013-04-26","2013-04-26","USD","0"
"Food:Alcohol","2013-04-27","2013-04-27","2013-04-27","USD","0"
"Food:Alcohol","2013-04-28","2013-04-28","2013-04-28","USD","0"
"Food:Alcohol","2013-04-29","2013-04-29","2013-04-29","USD","0"
"Food:Alcohol","2013-04-30","2013-04-30","2013-04-30","USD","0"
"Food:Alcohol","2013-05-01","2013-05-01","2013-05-01","USD","0"
"Food:Alcohol","2013-05-02","2013-05-02","2013-05-02","USD","0"
"Food:Alcohol","2013-05-03","2013-05-03","2013-05-03","USD","0"
"Food:Alcohol","2013-05-04","2013-05-04","2013-05-04","USD","0"
"Food:Alcohol","2013-05-05","2013-05-05","2013-05-05","USD","0"
"Food:Alcohol","2013-05-06","2013-05-06","2013-05-06","USD","0"
"Food:Alcohol","2013-05-07","2013-05-07","2013-05-07","USD","0"
"Food:Alcohol","2013-05-08","2013-05-08","2013-05-08","USD","0"
"Food:Alcohol","2013-05-09","2013-05-09","2013-05-09","USD","0"
"Food:Alcohol","2013-05-10","2013-05-10","2013-05-10","USD","0"
"Food:Alcohol","2013-05-11","2013-05-11","2013-05-11","USD","0"
"Food:Alcohol","2013-05-12","2013-05-12","2013-05-12","USD","0"
"Food:Alcohol","2013-05-13","2013-05-13","2013-05-13","USD","0"
"Food:Alcohol","2013-05-14","2013-05-14","2013-05-14","USD","0"
"Food:Alcohol","2013-05-15","2013-05-15","2013-05-15","USD","0"
"Food:Alcohol","2013-05-16","2013-05-16","2013-05-16","USD","0"
"Food:Alcohol","2013-05-17","2013-05-17","2013-05-17","USD","0"
"Food:Alcohol","2013-05-18","2013-05-18","2013-05-18","USD","0"
"Food:Alcohol","2013-05-19","2013-05-19","2013-05-19","USD","0"
"Food:Alcohol","2013-05-20","2013-05-20","2013-05-20","USD","0"
"Food:Alcohol","2013-05-21","2013-05-21","2013-05-21","USD","0"
"Food:Alcohol","2013-05-22","2013-05-22","2013-05-22","USD","0"
"Food:Alcohol","2013-05-23","2013-05-23","2013-05-23","USD","0"
"Food:Alcohol","2013-05-24","2013-05-24","2013-05-24","USD","0"
"Food:Alcohol","2013-05-25","2013-05-25","2013-05-25","USD","0"
"Food:Alcohol","2013-05-26","2013-05-26","2013-05-26","USD","0"
"Food:Alcohol","2013-05-27","2013-05-27","2013-05-27","USD","0"
"Food:Alcohol","2013-05-28","2013-05-28","2013-05-28","USD","0"
"Food:Alcohol","2013-05-29","2013-05-29","2013-05-29","USD","0"
"Food:Alcohol","2013-05-30","2013-05-30","2013-05-30","USD","0"
"Food:Alcohol","2013-05-31","2013-05-31","2013-05-31","USD","0"
"Food:Alcohol","2013-06-01","2013-06-01","2013-06-01","USD","0"
"Food:Alcohol","2013-06-02","2013-06-02","2013-06-02","USD","0"
"Food:Alcohol","2013-06-03","2013-06-03","2013-06-03","USD","0"
"Food:Alcohol","2013-06-04","2013-06-04","2013-06-04","USD","0"
"Food:Alcohol","2013-06-05","2013-06-05","2013-06-05","USD","0"
"Food:Alcohol","2013-06-06","2013-06-06","2013-06-06","USD","0"
"Food:Alcohol","2013-06-07","2013-06-07","2013-06-07","USD","0"
"Food:Alcohol","2013-06-08","2013-06-08","2013-06-08","USD","0"
"Food:Alcohol","2013-06-09","2013-06-09","2013-06-09","USD","0"
"Food:Alcohol","2013-06-10","2013-06-10","2013-06-10","USD","0"
"Food:Alcohol","2013-06-11","2013-06-11","2013-06-11","USD","0"
"Food:Alcohol","2013-06-12","2013-06-12","2013-06-12","USD","0"
"Food:Alcohol","2013-06-13","2013-06-13","2013-06-13","USD","0"
"Food:Alcohol","2013-06-14","2013-06-14","2013-06-14","USD","0"
"Food:Alcohol","2013-06-15","2013-06-15","2013-06-15","USD","0"
"Food:Alcohol","2013-06-16","2013-06-16","2013-06-16","USD","0"
"Food:Alcohol","2013-06-17","2013-06-17","2013-06-17","USD","0"
"Food:Alcohol","2013-06-18","2013-06-18","2013-06-18","USD","0"
"Food:Alcohol","2013-06-19","2013-06-19","2013-06-19","USD","0"
"Food:Alcohol","2013-06-20","2013-06-20","2013-06-20","USD","0"
"Food:Alcohol","2013-06-21","2013-06-21","2013-06-21","USD","0"
"Food:Alcohol","2013-06-22","2013-06-22","2013-06-22","USD","0"
"Food:Alcohol","2013-06-23","2013-06-23","2013-06-23","USD","0"
"Food:Alcohol","2013-06-24","2013-06-24","2013-06-24","USD","0"
"Food:Alcohol","2013-06-25","2013-06-25","2013-06-25","USD","0"
"Food:Alcohol","2013-06-26","2013-06-26","2013-06-26","USD","0"
"Food:Alcohol","2013-06-27","2013-06-27","2013-06-27","USD","0"
"Food:Alcohol","2013-06-28","2013-06-28","2013-06-28","USD","0"
"Food:Alcohol","2013-06-29","2013-06-29","2013-06-29","USD","0"
"Food:Alcohol","2013-06-30","2013-06-30","2013-06-30","USD","0"
"Food:Alcohol","2013-07-01","2013-07-01","2013-07-01","USD","0"
"Food:Alcohol","2013-07-02","2013-07-02","2013-07-02","USD","0"
"Food:Alcohol","2013-07-03","2013-07-03","2013-07-03","USD","0"
"Food:Alcohol","2013-07-04","2013-07-04","2013-07-04","USD","0"
"Food:Alcohol","2013-07-05","2013-07-05","2013-07-05","USD","0"
"Food:Alcohol","2013-07-06","2013-07-06","2013-07-06","USD","0"
"Food:Alcohol","2013-07-07","2013-07-07","2013-07-07","USD","0"
"Food:Alcohol","2013-07-08","2013-07-08","2013-07-08","USD","0"
"Food:Alcohol","2013-07-09","2013-07-09","2013-07-09","USD","8.06"
"Food:Alcohol","2013-07-10","2013-07-10","2013-07-10","USD","0"
"Food:Alcohol","2013-07-11","2013-07-11","2013-07-11","USD","0"
"Food:Alcohol","2013-07-12","2013-07-12","2013-07-12","USD","0"
"Food:Alcohol","2013-07-13","2013-07-13","2013-07-13","USD","0"
"Food:Alcohol","2013-07-14","2013-07-14","2013-07-14","USD","0"
"Food:Alcohol","2013-07-15","2013-07-15","2013-07-15","USD","0"
"Food:Alcohol","2013-07-16","2013-07-16","2013-07-16","USD","0"
"Food:Alcohol","2013-07-17","2013-07-17","2013-07-17","USD","0"
"Food:Alcohol","2013-07-18","2013-07-18","2013-07-18","USD","7.38"
"Food:Alcohol","2013-07-19","2013-07-19","2013-07-19","USD","0"
"Food:Alcohol","2013-07-20","2013-07-20","2013-07-20","USD","6.91"
"Food:Alcohol","2013-07-21","2013-07-21","2013-07-21","USD","0"
"Food:Alcohol","2013-07-22","2013-07-22","2013-07-22","USD","0"
"Food:Alcohol","2013-07-23","2013-07-23","2013-07-23","USD","0"
"Food:Alcohol","2013-07-24","2013-07-24","2013-07-24","USD","0"
"Food:Alcohol","2013-07-25","2013-07-25","2013-07-25","USD","0"
"Food:Alcohol","2013-07-26","2013-07-26","2013-07-26","USD","0"
"Food:Alcohol","2013-07-27","2013-07-27","2013-07-27","USD","0"
"Food:Alcohol","2013-07-28","2013-07-28","2013-07-28","USD","0"
"Food:Alcohol","2013-07-29","2013-07-29","2013-07-29","USD","0"
"Food:Alcohol","2013-07-30","2013-07-30","2013-07-30","USD","0"
"Food:Alcohol","2013-07-31","2013-07-31","2013-07-31","USD","0"
"Food:Alcohol","2013-08-01","2013-08-01","2013-08-01","USD","0"
"Food:Alcohol","2013-08-02","2013-08-02","2013-08-02","USD","0"
"Food:Alcohol","2013-08-03","2013-08-03","2013-08-03","USD","0"
"Food:Alcohol","2013-08-04","2013-08-04","2013-08-04","USD","0"
"Food:Alcohol","2013-08-05","2013-08-05","2013-08-05","USD","0"
"Food:Alcohol","2013-08-06","2013-08-06","2013-08-06","USD","0"
"Food:Alcohol","2013-08-07","2013-08-07","2013-08-07","USD","0"
"Food:Alcohol","2013-08-08","2013-08-08","2013-08-08","USD","0"
"Food:Alcohol","2013-08-09","2013-08-09","2013-08-09","USD","0"
"Food:Alcohol","2013-08-10","2013-08-10","2013-08-10","USD","0"
"Food:Alcohol","2013-08-11","2013-08-11","2013-08-11","USD","0"
"Food:Alcohol","2013-08-12","2013-08-12","2013-08-12","USD","0"
"Food:Alcohol","2013-08-13","2013-08-13","2013-08-13","USD","0"
"Food:Alcohol","2013-08-14","2013-08-14","2013-08-14","USD","0"
"Food:Alcohol","2013-08-15","2013-08-15","2013-08-15","USD","0"
"Food:Alcohol","2013-08-16","2013-08-16","2013-08-16","USD","0"
"Food:Alcohol","2013-08-17","2013-08-17","2013-08-17","USD","0"
"Food:Alcohol","2013-08-18","2013-08-18","2013-08-18","USD","0"
"Food:Alcohol","2013-08-19","2013-08-19","2013-08-19","USD","0"
"Food:Alcohol","2013-08-20","2013-08-20","2013-08-20","USD","0"
"Food:Alcohol","2013-08-21","2013-08-21","2013-08-21","USD","0"
"Food:Alcohol","2013-08-22","2013-08-22","2013-08-22","USD","0"
"Food:Alcohol","2013-08-23","2013-08-23","2013-08-23","USD","0"
"Food:Alcohol","2013-08-24","2013-08-24","2013-08-24","USD","0"
"Food:Alcohol","2013-08-25","2013-08-25","2013-08-25","USD","0"
"Food:Alcohol","2013-08-26","2013-08-26","2013-08-26","USD","0"
"Food:Alcohol","2013-08-27","2013-08-27","2013-08-27","USD","0"
"Food:Alcohol","2013-08-28","2013-08-28","2013-08-28","USD","0"
"Food:Alcohol","2013-08-29","2013-08-29","2013-08-29","USD","0"
"Food:Alcohol","2013-08-30","2013-08-30","2013-08-30","USD","0"
"Food:Alcohol","2013-08-31","2013-08-31","2013-08-31","USD","0"
"Food:Alcohol","2013-09-01","2013-09-01","2013-09-01","USD","0"
"Food:Alcohol","2013-09-02","2013-09-02","2013-09-02","USD","0"
"Food:Alcohol","2013-09-03","2013-09-03","2013-09-03","USD","0"
"Food:Alcohol","2013-09-04","2013-09-04","2013-09-04","USD","0"
"Food:Alcohol","2013-09-05","2013-09-05","2013-09-05","USD","0"
"Food:Alcohol","2013-09-06","2013-09-06","2013-09-06","USD","0"
"Food:Alcohol","2013-09-07","2013-09-07","2013-09-07","USD","0"
"Food:Alcohol","2013-09-08","2013-09-08","2013-09-08","USD","0"
"Food:Alcohol","2013-09-09","2013-09-09","2013-09-09","USD","0"
"Food:Alcohol","2013-09-10","2013-09-10","2013-09-10","USD","0"
"Food:Alcohol","2013-09-11","2013-09-11","2013-09-11","USD","0"
"Food:Alcohol","2013-09-12","2013-09-12","2013-09-12","USD","0"
"Food:Alcohol","2013-09-13","2013-09-13","2013-09-13","USD","0"
"Food:Alcohol","2013-09-14","2013-09-14","2013-09-14","USD","0"
"Food:Alcohol","2013-09-15","2013-09-15","2013-09-15","USD","0"
"Food:Alcohol","2013-09-16","2013-09-16","2013-09-16","USD","0"
"Food:Alcohol","2013-09-17","2013-09-17","2013-09-17","USD","0"
"Food:Alcohol","2013-09-18","2013-09-18","2013-09-18","USD","0"
"Food:Alcohol","2013-09-19","2013-09-19","2013-09-19","USD","0"
"Food:Alcohol","2013-09-20","2013-09-20","2013-09-20","USD","0"
"Food:Alcohol","2013-09-21","2013-09-21","2013-09-21","USD","0"
"Food:Alcohol","2013-09-22","2013-09-22","2013-09-22","USD","0"
"Food:Alcohol","2013-09-23","2013-09-23","2013-09-23","USD","0"
"Food:Alcohol","2013-09-24","2013-09-24","2013-09-24","USD","0"
"Food:Alcohol","2013-09-25","2013-09-25","2013-09-25","USD","0"
"Food:Alcohol","2013-09-26","2013-09-26","2013-09-26","USD","0"
"Food:Alcohol","2013-09-27","2013-09-27","2013-09-27","USD","0"
"Food:Alcohol","2013-09-28","2013-09-28","2013-09-28","USD","0"
"Food:Alcohol","2013-09-29","2013-09-29","2013-09-29","USD","0"
"Food:Alcohol","2013-09-30","2013-09-30","2013-09-30","USD","0"
"Food:Alcohol","2013-10-01","2013-10-01","2013-10-01","USD","0"
"Food:Alcohol","2013-10-02","2013-10-02","2013-10-02","USD","0"
"Food:Alcohol","2013-10-03","2013-10-03","2013-10-03","USD","0"
"Food:Alcohol","2013-10-04","2013-10-04","2013-10-04","USD","0"
"Food:Alcohol","2013-10-05","2013-10-05","2013-10-05","USD","0"
"Food:Alcohol","2013-10-06","2013-10-06","2013-10-06","USD","0"
"Food:Alcohol","2013-10-07","2013-10-07","2013-10-07","USD","0"
"Food:Alcohol","2013-10-08","2013-10-08","2013-10-08","USD","0"
"Food:Alcohol","2013-10-09","2013-10-09","2013-10-09","USD","0"
"Food:Alcohol","2013-10-10","2013-10-10","2013-10-10","USD","0"
"Food:Alcohol","2013-10-11","2013-10-11","2013-10-11","USD","0"
"Food:Alcohol","2013-10-12","2013-10-12","2013-10-12","USD","0"
"Food:Alcohol","2013-10-13","2013-10-13","2013-10-13","USD","0"
"Food:Alcohol","2013-10-14","2013-10-14","2013-10-14","USD","0"
"Food:Alcohol","2013-10-15","2013-10-15","2013-10-15","USD","0"
"Food:Alcohol","2013-10-16","2013-10-16","2013-10-16","USD","0"
"Food:Alcohol","2013-10-17","2013-10-17","2013-10-17","USD","0"
"Food:Alcohol","2013-10-18","2013-10-18","2013-10-18","USD","0"
"Food:Alcohol","2013-10-19","2013-10-19","2013-10-19","USD","0"
"Food:Alcohol","2013-10-20","2013-10-20","2013-10-20","USD","0"
"Food:Alcohol","2013-10-21","2013-10-21","2013-10-21","USD","0"
"Food:Alcohol","2013-10-22","2013-10-22","2013-10-22","USD","0"
"Food:Alcohol","2013-10-23","2013-10-23","2013-10-23","USD","0"
"Food:Alcohol","2013-10-24","2013-10-24","2013-10-24","USD","0"
"Food:Alcohol","2013-10-25","2013-10-25","2013-10-25","USD","0"
"Food:Alcohol","2013-10-26","2013-10-26","2013-10-26","USD","0"
"Food:Alcohol","2013-10-27","2013-10-27","2013-10-27","USD","0"
"Food:Alcohol","2013-10-28","2013-10-28","2013-10-28","USD","0"
"Food:Alcohol","2013-10-29","2013-10-29","2013-10-29","USD","0"
"Food:Alcohol","2013-10-30","2013-10-30","2013-10-30","USD","0"
"Food:Alcohol","2013-10-31","2013-10-31","2013-10-31","USD","0"
"Food:Alcohol","2013-11-01","2013-11-01","2013-11-01","USD","0"
"Food:Alcohol","2013-11-02","2013-11-02","2013-11-02","USD","0"
"Food:Alcohol","2013-11-03","2013-11-03","2013-11-03","USD","0"
"Food:Alcohol","2013-11-04","2013-11-04","2013-11-04","USD","0"
"Food:Alcohol","2013-11-05","2013-11-05","2013-11-05","USD","0"
"Food:Alcohol","2013-11-06","2013-11-06","2013-11-06","USD","0"
"Food:Alcohol","2013-11-07","2013-11-07","2013-11-07","USD","0"
"Food:Alcohol","2013-11-08","2013-11-08","2013-11-08","USD","0"
"Food:Alcohol","2013-11-09","2013-11-09","2013-11-09","USD","0"
"Food:Alcohol","2013-11-10","2013-11-10","2013-11-10","USD","0"
"Food:Alcohol","2013-11-11","2013-11-11","2013-11-11","USD","0"
"Food:Alcohol","2013-11-12","2013-11-12","2013-11-12","USD","0"
"Food:Alcohol","2013-11-13","2013-11-13","2013-11-13","USD","0"
"Food:Alcohol","2013-11-14","2013-11-14","2013-11-14","USD","0"
"Food:Alcohol","2013-11-15","2013-11-15","2013-11-15","USD","0"
"Food:Alcohol","2013-11-16","2013-11-16","2013-11-16","USD","0"
"Food:Alcohol","2013-11-17","2013-11-17","2013-11-17","USD","0"
"Food:Alcohol","2013-11-18","2013-11-18","2013-11-18","USD","0"
"Food:Alcohol","2013-11-19","2013-11-19","2013-11-19","USD","0"
"Food:Alcohol","2013-11-20","2013-11-20","2013-11-20","USD","0"
"Food:Alcohol","2013-11-21","2013-11-21","2013-11-21","USD","0"
"Food:Alcohol","2013-11-22","2013-11-22","2013-11-22","USD","0"
"Food:Alcohol","2013-11-23","2013-11-23","2013-11-23","USD","0"
"Food:Alcohol","2013-11-24","2013-11-24","2013-11-24","USD","0"
"Food:Alcohol","2013-11-25","2013-11-25","2013-11-25","USD","0"
"Food:Alcohol","2013-11-26","2013-11-26","2013-11-26","USD","0"
"Food:Alcohol","2013-11-27","2013-11-27","2013-11-27","USD","0"
"Food:Alcohol","2013-11-28","2013-11-28","2013-11-28","USD","0"
"Food:Alcohol","2013-11-29","2013-11-29","2013-11-29","USD","0"
"Food:Alcohol","2013-11-30","2013-11-30","2013-11-30","USD","0"
"Food:Alcohol","2013-12-01","2013-12-01","2013-12-01","USD","0"
"Food:Alcohol","2013-12-02","2013-12-02","2013-12-02","USD","0"
"Food:Alcohol","2013-12-03","2013-12-03","2013-12-03","USD","0"
"Food:Alcohol","2013-12-04","2013-12-04","2013-12-04","USD","0"
"Food:Alcohol","2013-12-05","2013-12-05","2013-12-05","USD","0"
"Food:Alcohol","2013-12-06","2013-12-06","2013-12-06","USD","0"
"Food:Alcohol","2013-12-07","2013-12-07","2013-12-07","USD","0"
"Food:Alcohol","2013-12-08","2013-12-08","2013-12-08","USD","0"
"Food:Alcohol","2013-12-09","2013-12-09","2013-12-09","USD","0"
"Food:Alcohol","2013-12-10","2013-12-10","2013-12-10","USD","0"
"Food:Alcohol","2013-12-11","2013-12-11","2013-12-11","USD","0"
"Food:Alcohol","2013-12-12","2013-12-12","2013-12-12","USD","0"
"Food:Alcohol","2013-12-13","2013-12-13","2013-12-13","USD","0"
"Food:Alcohol","2013-12-14","2013-12-14","2013-12-14","USD","0"
"Food:Alcohol","2013-12-15","2013-12-15","2013-12-15","USD","0"
"Food:Alcohol","2013-12-16","2013-12-16","2013-12-16","USD","0"
"Food:Alcohol","2013-12-17","2013-12-17","2013-12-17","USD","0"
"Food:Alcohol","2013-12-18","2013-12-18","2013-12-18","USD","0"
"Food:Alcohol","2013-12-19","2013-12-19","2013-12-19","USD","0"
"Food:Alcohol","2013-12-20","2013-12-20","2013-12-20","USD","0"
"Food:Alcohol","2013-12-21","2013-12-21","2013-12-21","USD","0"
"Food:Alcohol","2013-12-22","2013-12-22","2013-12-22","USD","0"
"Food:Alcohol","2013-12-23","2013-12-23","2013-12-23","USD","0"
"Food:Alcohol","2013-12-24","2013-12-24","2013-12-24","USD","0"
"Food:Alcohol","2013-12-25","2013-12-25","2013-12-25","USD","0"
"Food:Alcohol","2013-12-26","2013-12-26","2013-12-26","USD","0"
"Food:Alcohol","2013-12-27","2013-12-27","2013-12-27","USD","0"
"Food:Alcohol","2013-12-28","2013-12-28","2013-12-28","USD","0"
"Food:Alcohol","2013-12-29","2013-12-29","2013-12-29","USD","0"
"Food:Alcohol","2013-12-30","2013-12-30","2013-12-30","USD","0"
"Food:Alcohol","2013-12-31","2013-12-31","2013-12-31","USD","0"
"Food:Alcohol","2014-01-01","2014-01-01","2014-01-01","USD","0"
"Food:Alcohol","2014-01-02","2014-01-02","2014-01-02","USD","0"
"Food:Alcohol","2014-01-03","2014-01-03","2014-01-03","USD","0"
"Food:Alcohol","2014-01-04","2014-01-04","2014-01-04","USD","0"
"Food:Alcohol","2014-01-05","2014-01-05","2014-01-05","USD","0"
"Food:Alcohol","2014-01-06","2014-01-06","2014-01-06","USD","0"
"Food:Alcohol","2014-01-07","2014-01-07","2014-01-07","USD","0"
"Food:Alcohol","2014-01-08","2014-01-08","2014-01-08","USD","0"
"Food:Alcohol","2014-01-09","2014-01-09","2014-01-09","USD","0"
"Food:Alcohol","2014-01-10","2014-01-10","2014-01-10","USD","0"
"Food:Alcohol","2014-01-11","2014-01-11","2014-01-11","USD","0"
"Food:Alcohol","2014-01-12","2014-01-12","2014-01-12","USD","0"
"Food:Alcohol","2014-01-13","2014-01-13","2014-01-13","USD","0"
"Food:Alcohol","2014-01-14","2014-01-14","2014-01-14","USD","0"
"Food:Alcohol","2014-01-15","2014-01-15","2014-01-15","USD","0"
"Food:Alcohol","2014-01-16","2014-01-16","2014-01-16","USD","0"
"Food:Alcohol","2014-01-17","2014-01-17","2014-01-17","USD","0"
"Food:Alcohol","2014-01-18","2014-01-18","2014-01-18","USD","0"
"Food:Alcohol","2014-01-19","2014-01-19","2014-01-19","USD","0"
"Food:Alcohol","2014-01-20","2014-01-20","2014-01-20","USD","0"
"Food:Alcohol","2014-01-21","2014-01-21","2014-01-21","USD","0"
"Food:Alcohol","2014-01-22","2014-01-22","2014-01-22","USD","0"
"Food:Alcohol","2014-01-23","2014-01-23","2014-01-23","USD","0"
"Food:Alcohol","2014-01-24","2014-01-24","2014-01-24","USD","0"
"Food:Alcohol","2014-01-25","2014-01-25","2014-01-25","USD","0"
"Food:Alcohol","2014-01-26","2014-01-26","2014-01-26","USD","0"
"Food:Alcohol","2014-01-27","2014-01-27","2014-01-27","USD","0"
"Food:Alcohol","2014-01-28","2014-01-28","2014-01-28","USD","0"
"Food:Alcohol","2014-01-29","2014-01-29","2014-01-29","USD","0"
"Food:Alcohol","2014-01-30","2014-01-30","2014-01-30","USD","0"
"Food:Alcohol","2014-01-31","2014-01-31","2014-01-31","USD","0"
"Food:Alcohol","2014-02-01","2014-02-01","2014-02-01","USD","0"
"Food:Alcohol","2014-02-02","2014-02-02","2014-02-02","USD","0"
"Food:Alcohol","2014-02-03","2014-02-03","2014-02-03","USD","0"
"Food:Alcohol","2014-02-04","2014-02-04","2014-02-04","USD","0"
"Food:Alcohol","2014-02-05","2014-02-05","2014-02-05","USD","0"
"Food:Alcohol","2014-02-06","2014-02-06","2014-02-06","USD","0"
"Food:Alcohol","2014-02-07","2014-02-07","2014-02-07","USD","0"
"Food:Alcohol","2014-02-08","2014-02-08","2014-02-08","USD","0"
"Food:Alcohol","2014-02-09","2014-02-09","2014-02-09","USD","0"
"Food:Alcohol","2014-02-10","2014-02-10","2014-02-10","USD","0"
"Food:Alcohol","2014-02-11","2014-02-11","2014-02-11","USD","0"
"Food:Alcohol","2014-02-12","2014-02-12","2014-02-12","USD","0"
"Food:Alcohol","2014-02-13","2014-02-13","2014-02-13","USD","0"
"Food:Alcohol","2014-02-14","2014-02-14","2014-02-14","USD","0"
"Food:Alcohol","2014-02-15","2014-02-15","2014-02-15","USD","0"
"Food:Alcohol","2014-02-16","2014-02-16","2014-02-16","USD","0"
"Food:Alcohol","2014-02-17","2014-02-17","2014-02-17","USD","0"
"Food:Alcohol","2014-02-18","2014-02-18","2014-02-18","USD","0"
"Food:Alcohol","2014-02-19","2014-02-19","2014-02-19","USD","0"
"Food:Alcohol","2014-02-20","2014-02-20","2014-02-20","USD","0"
"Food:Alcohol","2014-02-21","2014-02-21","2014-02-21","USD","0"
"Food:Alcohol","2014-02-22","2014-02-22","2014-02-22","USD","0"
"Food:Alcohol","2014-02-23","2014-02-23","2014-02-23","USD","0"
"Food:Alcohol","2014-02-24","2014-02-24","2014-02-24","USD","0"
"Food:Alcohol","2014-02-25","2014-02-25","2014-02-25","USD","0"
"Food:Alcohol","2014-02-26","2014-02-26","2014-02-26","USD","0"
"Food:Alcohol","2014-02-27","2014-02-27","2014-02-27","USD","0"
"Food:Alcohol","2014-02-28","2014-02-28","2014-02-28","USD","0"
"Food:Alcohol","2014-03-01","2014-03-01","2014-03-01","USD","0"
"Food:Alcohol","2014-03-02","2014-03-02","2014-03-02","USD","0"
"Food:Alcohol","2014-03-03","2014-03-03","2014-03-03","USD","0"
"Food:Alcohol","2014-03-04","2014-03-04","2014-03-04","USD","0"
"Food:Alcohol","2014-03-05","2014-03-05","2014-03-05","USD","0"
"Food:Alcohol","2014-03-06","2014-03-06","2014-03-06","USD","0"
"Food:Alcohol","2014-03-07","2014-03-07","2014-03-07","USD","0"
"Food:Alcohol","2014-03-08","2014-03-08","2014-03-08","USD","0"
"Food:Alcohol","2014-03-09","2014-03-09","2014-03-09","USD","0"
"Food:Alcohol","2014-03-10","2014-03-10","2014-03-10","USD","0"
"Food:Alcohol","2014-03-11","2014-03-11","2014-03-11","USD","0"
"Food:Alcohol","2014-03-12","2014-03-12","2014-03-12","USD","0"
"Food:Alcohol","2014-03-13","2014-03-13","2014-03-13","USD","0"
"Food:Alcohol","2014-03-14","2014-03-14","2014-03-14","USD","0"
"Food:Alcohol","2014-03-15","2014-03-15","2014-03-15","USD","0"
"Food:Alcohol","2014-03-16","2014-03-16","2014-03-16","USD","0"
"Food:Alcohol","2014-03-17","2014-03-17","2014-03-17","USD","0"
"Food:Alcohol","2014-03-18","2014-03-18","2014-03-18","USD","0"
"Food:Alcohol","2014-03-19","2014-03-19","2014-03-19","USD","0"
"Food:Alcohol","2014-03-20","2014-03-20","2014-03-20","USD","0"
"Food:Alcohol","2014-03-21","2014-03-21","2014-03-21","USD","0"
"Food:Alcohol","2014-03-22","2014-03-22","2014-03-22","USD","0"
"Food:Alcohol","2014-03-23","2014-03-23","2014-03-23","USD","0"
"Food:Alcohol","2014-03-24","2014-03-24","2014-03-24","USD","0"
"Food:Alcohol","2014-03-25","2014-03-25","2014-03-25","USD","0"
"Food:Alcohol","2014-03-26","2014-03-26","2014-03-26","USD","0"
"Food:Alcohol","2014-03-27","2014-03-27","2014-03-27","USD","0"
"Food:Alcohol","2014-03-28","2014-03-28","2014-03-28","USD","0"
"Food:Alcohol","2014-03-29","2014-03-29","2014-03-29","USD","0"
"Food:Alcohol","2014-03-30","2014-03-30","2014-03-30","USD","0"
"Food:Alcohol","2014-03-31","2014-03-31","2014-03-31","USD","0"
"Food:Alcohol","2014-04-01","2014-04-01","2014-04-01","USD","0"
"Food:Alcohol","2014-04-02","2014-04-02","2014-04-02","USD","0"
"Food:Alcohol","2014-04-03","2014-04-03","2014-04-03","USD","0"
"Food:Alcohol","2014-04-04","2014-04-04","2014-04-04","USD","0"
"Food:Alcohol","2014-04-05","2014-04-05","2014-04-05","USD","0"
"Food:Alcohol","2014-04-06","2014-04-06","2014-04-06","USD","0"
"Food:Alcohol","2014-04-07","2014-04-07","2014-04-07","USD","0"
"Food:Alcohol","2014-04-08","2014-04-08","2014-04-08","USD","0"
"Food:Alcohol","2014-04-09","2014-04-09","2014-04-09","USD","0"
"Food:Alcohol","2014-04-10","2014-04-10","2014-04-10","USD","0"
"Food:Alcohol","2014-04-11","2014-04-11","2014-04-11","USD","0"
"Food:Alcohol","2014-04-12","2014-04-12","2014-04-12","USD","0"
"Food:Alcohol","2014-04-13","2014-04-13","2014-04-13","USD","0"
"Food:Alcohol","2014-04-14","2014-04-14","2014-04-14","USD","0"
"Food:Alcohol","2014-04-15","2014-04-15","2014-04-15","USD","0"
"Food:Alcohol","2014-04-16","2014-04-16","2014-04-16","USD","0"
"Food:Alcohol","2014-04-17","2014-04-17","2014-04-17","USD","0"
"Food:Alcohol","2014-04-18","2014-04-18","2014-04-18","USD","0"
"Food:Alcohol","2014-04-19","2014-04-19","2014-04-19","USD","0"
"Food:Alcohol","2014-04-20","2014-04-20","2014-04-20","USD","0"
"Food:Alcohol","2014-04-21","2014-04-21","2014-04-21","USD","0"
"Food:Alcohol","2014-04-22","2014-04-22","2014-04-22","USD","0"
"Food:Alcohol","2014-04-23","2014-04-23","2014-04-23","USD","0"
"Food:Alcohol","2014-04-24","2014-04-24","2014-04-24","USD","0"
"Food:Alcohol","2014-04-25","2014-04-25","2014-04-25","USD","0"
"Food:Alcohol","2014-04-26","2014-04-26","2014-04-26","USD","0"
"Food:Alcohol","2014-04-27","2014-04-27","2014-04-27","USD","0"
"Food:Alcohol","2014-04-28","2014-04-28","2014-04-28","USD","0"
"Food:Alcohol","2014-04-29","2014-04-29","2014-04-29","USD","0"
"Food:Alcohol","2014-04-30","2014-04-30","2014-04-30","USD","0"
"Food:Alcohol","2014-05-01","2014-05-01","2014-05-01","USD","0"
"Food:Alcohol","2014-05-02","2014-05-02","2014-05-02","USD","0"
"Food:Alcohol","2014-05-03","2014-05-03","2014-05-03","USD","0"
"Food:Alcohol","2014-05-04","2014-05-04","2014-05-04","USD","0"
"Food:Alcohol","2014-05-05","2014-05-05","2014-05-05","USD","0"
"Food:Alcohol","2014-05-06","2014-05-06","2014-05-06","USD","0"
"Food:Alcohol","2014-05-07","2014-05-07","2014-05-07","USD","0"
"Food:Alcohol","2014-05-08","2014-05-08","2014-05-08","USD","0"
"Food:Alcohol","2014-05-09","2014-05-09","2014-05-09","USD","0"
"Food:Alcohol","2014-05-10","2014-05-10","2014-05-10","USD","0"
"Food:Alcohol","2014-05-11","2014-05-11","2014-05-11","USD","0"
"Food:Alcohol","2014-05-12","2014-05-12","2014-05-12","USD","0"
"Food:Alcohol","2014-05-13","2014-05-13","2014-05-13","USD","0"
"Food:Alcohol","2014-05-14","2014-05-14","2014-05-14","USD","0"
"Food:Alcohol","2014-05-15","2014-05-15","2014-05-15","USD","0"
"Food:Alcohol","2014-05-16","2014-05-16","2014-05-16","USD","0"
"Food:Alcohol","2014-05-17","2014-05-17","2014-05-17","USD","0"
"Food:Alcohol","2014-05-18","2014-05-18","2014-05-18","USD","0"
"Food:Alcohol","2014-05-19","2014-05-19","2014-05-19","USD","0"
"Food:Alcohol","2014-05-20","2014-05-20","2014-05-20","USD","0"
"Food:Alcohol","2014-05-21","2014-05-21","2014-05-21","USD","0"
"Food:Alcohol","2014-05-22","2014-05-22","2014-05-22","USD","0"
"Food:Alcohol","2014-05-23","2014-05-23","2014-05-23","USD","0"
"Food:Alcohol","2014-05-24","2014-05-24","2014-05-24","USD","0"
"Food:Alcohol","2014-05-25","2014-05-25","2014-05-25","USD","0"
"Food:Alcohol","2014-05-26","2014-05-26","2014-05-26","USD","0"
"Food:Alcohol","2014-05-27","2014-05-27","2014-05-27","USD","0"
"Food:Alcohol","2014-05-28","2014-05-28","2014-05-28","USD","0"
"Food:Alcohol","2014-05-29","2014-05-29","2014-05-29","USD","0"
"Food:Alcohol","2014-05-30","2014-05-30","2014-05-30","USD","0"
"Food:Alcohol","2014-05-31","2014-05-31","2014-05-31","USD","0"
"Food:Alcohol","2014-06-01","2014-06-01","2014-06-01","USD","0"
"Food:Alcohol","2014-06-02","2014-06-02","2014-06-02","USD","0"
"Food:Alcohol","2014-06-03","2014-06-03","2014-06-03","USD","0"
"Food:Alcohol","2014-06-04","2014-06-04","2014-06-04","USD","0"
"Food:Alcohol","2014-06-05","2014-06-05","2014-06-05","USD","0"
"Food:Alcohol","2014-06-06","2014-06-06","2014-06-06","USD","0"
"Food:Alcohol","2014-06-07","2014-06-07","2014-06-07","USD","0"
"Food:Alcohol","2014-06-08","2014-06-08","2014-06-08","USD","0"
"Food:Alcohol","2014-06-09","2014-06-09","2014-06-09","USD","0"
"Food:Alcohol","2014-06-10","2014-06-10","2014-06-10","USD","0"
"Food:Alcohol","2014-06-11","2014-06-11","2014-06-11","USD","0"
"Food:Alcohol","2014-06-12","2014-06-12","2014-06-12","USD","0"
"Food:Alcohol","2014-06-13","2014-06-13","2014-06-13","USD","0"
"Food:Alcohol","2014-06-14","2014-06-14","2014-06-14","USD","0"
"Food:Alcohol","2014-06-15","2014-06-15","2014-06-15","USD","0"
"Food:Alcohol","2014-06-16","2014-06-16","2014-06-16","USD","0"
"Food:Alcohol","2014-06-17","2014-06-17","2014-06-17","USD","0"
"Food:Alcohol","2014-06-18","2014-06-18","2014-06-18","USD","0"
"Food:Alcohol","2014-06-19","2014-06-19","2014-06-19","USD","0"
"Food:Alcohol","2014-06-20","2014-06-20","2014-06-20","USD","0"
"Food:Alcohol","2014-06-21","2014-06-21","2014-06-21","USD","0"
"Food:Alcohol","2014-06-22","2014-06-22","2014-06-22","USD","0"
"Food:Alcohol","2014-06-23","2014-06-23","2014-06-23","USD","0"
"Food:Alcohol","2014-06-24","2014-06-24","2014-06-24","USD","0"
"Food:Alcohol","2014-06-25","2014-06-25","2014-06-25","USD","0"
"Food:Alcohol","2014-06-26","2014-06-26","2014-06-26","USD","0"
"Food:Alcohol","2014-06-27","2014-06-27","2014-06-27","USD","0"
"Food:Alcohol","2014-06-28","2014-06-28","2014-06-28","USD","0"
"Food:Alcohol","2014-06-29","2014-06-29","2014-06-29","USD","0"
"Food:Alcohol","2014-06-30","2014-06-30","2014-06-30","USD","0"
"Food:Alcohol","2014-07-01","2014-07-01","2014-07-01","USD","0"
"Food:Alcohol","2014-07-02","2014-07-02","2014-07-02","USD","0"
"Food:Alcohol","2014-07-03","2014-07-03","2014-07-03","USD","0"
"Food:Alcohol","2014-07-04","2014-07-04","2014-07-04","USD","0"
"Food:Alcohol","2014-07-05","2014-07-05","2014-07-05","USD","0"
"Food:Alcohol","2014-07-06","2014-07-06","2014-07-06","USD","0"
"Food:Alcohol","2014-07-07","2014-07-07","2014-07-07","USD","0"
"Food:Alcohol","2014-07-08","2014-07-08","2014-07-08","USD","0"
"Food:Alcohol","2014-07-09","2014-07-09","2014-07-09","USD","0"
"Food:Alcohol","2014-07-10","2014-07-10","2014-07-10","USD","0"
"Food:Alcohol","2014-07-11","2014-07-11","2014-07-11","USD","0"
"Food:Alcohol","2014-07-12","2014-07-12","2014-07-12","USD","0"
"Food:Alcohol","2014-07-13","2014-07-13","2014-07-13","USD","0"
"Food:Alcohol","2014-07-14","2014-07-14","2014-07-14","USD","0"
"Food:Alcohol","2014-07-15","2014-07-15","2014-07-15","USD","0"
"Food:Alcohol","2014-07-16","2014-07-16","2014-07-16","USD","0"
"Food:Alcohol","2014-07-17","2014-07-17","2014-07-17","USD","0"
"Food:Alcohol","2014-07-18","2014-07-18","2014-07-18","USD","0"
"Food:Alcohol","2014-07-19","2014-07-19","2014-07-19","USD","0"
"Food:Alcohol","2014-07-20","2014-07-20","2014-07-20","USD","0"
"Food:Alcohol","2014-07-21","2014-07-21","2014-07-21","USD","0"
"Food:Alcohol","2014-07-22","2014-07-22","2014-07-22","USD","0"
"Food:Alcohol","2014-07-23","2014-07-23","2014-07-23","USD","0"
"Food:Alcohol","2014-07-24","2014-07-24","2014-07-24","USD","0"
"Food:Alcohol","2014-07-25","2014-07-25","2014-07-25","USD","0"
"Food:Alcohol","2014-07-26","2014-07-26","2014-07-26","USD","0"
"Food:Alcohol","2014-07-27","2014-07-27","2014-07-27","USD","0"
"Food:Alcohol","2014-07-28","2014-07-28","2014-07-28","USD","0"
"Food:Alcohol","2014-07-29","2014-07-29","2014-07-29","USD","0"
"Food:Alcohol","2014-07-30","2014-07-30","2014-07-30","USD","0"
"Food:Alcohol","2014-07-31","2014-07-31","2014-07-31","USD","0"
"Food:Alcohol","2014-08-01","2014-08-01","2014-08-01","USD","0"
"Food:Alcohol","2014-08-02","2014-08-02","2014-08-02","USD","0"
"Food:Alcohol","2014-08-03","2014-08-03","2014-08-03","USD","0"
"Food:Alcohol","2014-08-04","2014-08-04","2014-08-04","USD","0"
"Food:Alcohol","2014-08-05","2014-08-05","2014-08-05","USD","0"
"Food:Alcohol","2014-08-06","2014-08-06","2014-08-06","USD","0"
"Food:Alcohol","2014-08-07","2014-08-07","2014-08-07","USD","0"
"Food:Alcohol","2014-08-08","2014-08-08","2014-08-08","USD","0"
"Food:Alcohol","2014-08-09","2014-08-09","2014-08-09","USD","0"
"Food:Alcohol","2014-08-10","2014-08-10","2014-08-10","USD","0"
"Food:Alcohol","2014-08-11","2014-08-11","2014-08-11","USD","0"
"Food:Alcohol","2014-08-12","2014-08-12","2014-08-12","USD","0"
"Food:Alcohol","2014-08-13","2014-08-13","2014-08-13","USD","0"
"Food:Alcohol","2014-08-14","2014-08-14","2014-08-14","USD","0"
"Food:Alcohol","2014-08-15","2014-08-15","2014-08-15","USD","0"
"Food:Alcohol","2014-08-16","2014-08-16","2014-08-16","USD","0"
"Food:Alcohol","2014-08-17","2014-08-17","2014-08-17","USD","0"
"Food:Alcohol","2014-08-18","2014-08-18","2014-08-18","USD","0"
"Food:Alcohol","2014-08-19","2014-08-19","2014-08-19","USD","0"
"Food:Alcohol","2014-08-20","2014-08-20","2014-08-20","USD","0"
"Food:Alcohol","2014-08-21","2014-08-21","2014-08-21","USD","0"
"Food:Alcohol","2014-08-22","2014-08-22","2014-08-22","USD","0"
"Food:Alcohol","2014-08-23","2014-08-23","2014-08-23","USD","0"
"Food:Alcohol","2014-08-24","2014-08-24","2014-08-24","USD","0"
"Food:Alcohol","2014-08-25","2014-08-25","2014-08-25","USD","0"
"Food:Alcohol","2014-08-26","2014-08-26","2014-08-26","USD","0"
"Food:Alcohol","2014-08-27","2014-08-27","2014-08-27","USD","0"
"Food:Alcohol","2014-08-28","2014-08-28","2014-08-28","USD","0"
"Food:Alcohol","2014-08-29","2014-08-29","2014-08-29","USD","0"
"Food:Alcohol","2014-08-30","2014-08-30","2014-08-30","USD","0"
"Food:Alcohol","2014-08-31","2014-08-31","2014-08-31","USD","0"
"Food:Alcohol","2014-09-01","2014-09-01","2014-09-01","USD","0"
"Food:Alcohol","2014-09-02","2014-09-02","2014-09-02","USD","0"
"Food:Alcohol","2014-09-03","2014-09-03","2014-09-03","USD","0"
"Food:Alcohol","2014-09-04","2014-09-04","2014-09-04","USD","0"
"Food:Alcohol","2014-09-05","2014-09-05","2014-09-05","USD","0"
"Food:Alcohol","2014-09-06","2014-09-06","2014-09-06","USD","0"
"Food:Alcohol","2014-09-07","2014-09-07","2014-09-07","USD","0"
"Food:Alcohol","2014-09-08","2014-09-08","2014-09-08","USD","0"
"Food:Alcohol","2014-09-09","2014-09-09","2014-09-09","USD","0"
"Food:Alcohol","2014-09-10","2014-09-10","2014-09-10","USD","0"
"Food:Alcohol","2014-09-11","2014-09-11","2014-09-11","USD","0"
"Food:Alcohol","2014-09-12","2014-09-12","2014-09-12","USD","0"
"Food:Alcohol","2014-09-13","2014-09-13","2014-09-13","USD","0"
"Food:Alcohol","2014-09-14","2014-09-14","2014-09-14","USD","0"
"Food:Alcohol","2014-09-15","2014-09-15","2014-09-15","USD","0"
"Food:Alcohol","2014-09-16","2014-09-16","2014-09-16","USD","0"
"Food:Alcohol","2014-09-17","2014-09-17","2014-09-17","USD","0"
"Food:Alcohol","2014-09-18","2014-09-18","2014-09-18","USD","0"
"Food:Alcohol","2014-09-19","2014-09-19","2014-09-19","USD","0"
"Food:Alcohol","2014-09-20","2014-09-20","2014-09-20","USD","0"
"Food:Alcohol","2014-09-21","2014-09-21","2014-09-21","USD","0"
"Food:Alcohol","2014-09-22","2014-09-22","2014-09-22","USD","0"
"Food:Alcohol","2014-09-23","2014-09-23","2014-09-23","USD","0"
"Food:Alcohol","2014-09-24","2014-09-24","2014-09-24","USD","0"
"Food:Alcohol","2014-09-25","2014-09-25","2014-09-25","USD","0"
"Food:Alcohol","2014-09-26","2014-09-26","2014-09-26","USD","0"
"Food:Alcohol","2014-09-27","2014-09-27","2014-09-27","USD","0"
"Food:Alcohol","2014-09-28","2014-09-28","2014-09-28","USD","0"
"Food:Alcohol","2014-09-29","2014-09-29","2014-09-29","USD","0"
"Food:Alcohol","2014-09-30","2014-09-30","2014-09-30","USD","0"
"Food:Alcohol","2014-10-01","2014-10-01","2014-10-01","USD","0"
"Food:Alcohol","2014-10-02","2014-10-02","2014-10-02","USD","0"
"Food:Alcohol","2014-10-03","2014-10-03","2014-10-03","USD","0"
"Food:Alcohol","2014-10-04","2014-10-04","2014-10-04","USD","0"
"Food:Alcohol","2014-10-05","2014-10-05","2014-10-05","USD","0"
"Food:Alcohol","2014-10-06","2014-10-06","2014-10-06","USD","0"
"Food:Alcohol","2014-10-07","2014-10-07","2014-10-07","USD","0"
"Food:Alcohol","2014-10-08","2014-10-08","2014-10-08","USD","0"
"Food:Alcohol","2014-10-09","2014-10-09","2014-10-09","USD","0"
"Food:Alcohol","2014-10-10","2014-10-10","2014-10-10","USD","0"
"Food:Alcohol","2014-10-11","2014-10-11","2014-10-11","USD","0"
"Food:Coffee","2012-01-03","2012-01-03","2012-01-03","USD","0"
"Food:Coffee","2012-01-04","2012-01-04","2012-01-04","USD","0"
"Food:Coffee","2012-01-05","2012-01-05","2012-01-05","USD","0"
"Food:Coffee","2012-01-06","2012-01-06","2012-01-06","USD","0"
"Food:Coffee","2012-01-07","2012-01-07","2012-01-07","USD","0"
"Food:Coffee","2012-01-08","2012-01-08","2012-01-08","USD","0"
"Food:Coffee","2012-01-09","2012-01-09","2012-01-09","USD","0"
"Food:Coffee","2012-01-10","2012-01-10","2012-01-10","USD","0"
"Food:Coffee","2012-01-11","2012-01-11","2012-01-11","USD","0"
"Food:Coffee","2012-01-12","2012-01-12","2012-01-12","USD","0"
"Food:Coffee","2012-01-13","2012-01-13","2012-01-13","USD","0"
"Food:Coffee","2012-01-14","2012-01-14","2012-01-14","USD","0"
"Food:Coffee","2012-01-15","2012-01-15","2012-01-15","USD","0"
"Food:Coffee","2012-01-16","2012-01-16","2012-01-16","USD","0"
"Food:Coffee","2012-01-17","2012-01-17","2012-01-17","USD","0"
"Food:Coffee","2012-01-18","2012-01-18","2012-01-18","USD","0"
"Food:Coffee","2012-01-19","2012-01-19","2012-01-19","USD","0"
"Food:Coffee","2012-01-20","2012-01-20","2012-01-20","USD","0"
"Food:Coffee","2012-01-21","2012-01-21","2012-01-21","USD","0"
"Food:Coffee","2012-01-22","2012-01-22","2012-01-22","USD","0"
"Food:Coffee","2012-01-23","2012-01-23","2012-01-23","USD","0"
"Food:Coffee","2012-01-24","2012-01-24","2012-01-24","USD","0"
"Food:Coffee","2012-01-25","2012-01-25","2012-01-25","USD","0"
"Food:Coffee","2012-01-26","2012-01-26","2012-01-26","USD","0"
"Food:Coffee","2012-01-27","2012-01-27","2012-01-27","USD","0"
"Food:Coffee","2012-01-28","2012-01-28","2012-01-28","USD","0"
"Food:Coffee","2012-01-29","2012-01-29","2012-01-29","USD","0"
"Food:Coffee","2012-01-30","2012-01-30","2012-01-30","USD","0"
"Food:Coffee","2012-01-31","2012-01-31","2012-01-31","USD","0"
"Food:Coffee","2012-02-01","2012-02-01","2012-02-01","USD","0"
"Food:Coffee","2012-02-02","2012-02-02","2012-02-02","USD","0"
"Food:Coffee","2012-02-03","2012-02-03","2012-02-03","USD","0"
"Food:Coffee","2012-02-04","2012-02-04","2012-02-04","USD","0"
"Food:Coffee","2012-02-05","2012-02-05","2012-02-05","USD","0"
"Food:Coffee","2012-02-06","2012-02-06","2012-02-06","USD","0"
"Food:Coffee","2012-02-07","2012-02-07","2012-02-07","USD","0"
"Food:Coffee","2012-02-08","2012-02-08","2012-02-08","USD","0"
"Food:Coffee","2012-02-09","2012-02-09","2012-02-09","USD","0"
"Food:Coffee","2012-02-10","2012-02-10","2012-02-10","USD","0"
"Food:Coffee","2012-02-11","2012-02-11","2012-02-11","USD","0"
"Food:Coffee","2012-02-12","2012-02-12","2012-02-12","USD","0"
"Food:Coffee","2012-02-13","2012-02-13","2012-02-13","USD","0"
"Food:Coffee","2012-02-14","2012-02-14","2012-02-14","USD","0"
"Food:Coffee","2012-02-15","2012-02-15","2012-02-15","USD","0"
"Food:Coffee","2012-02-16","2012-02-16","2012-02-16","USD","0"
"Food:Coffee","2012-02-17","2012-02-17","2012-02-17","USD","0"
"Food:Coffee","2012-02-18","2012-02-18","2012-02-18","USD","0"
"Food:Coffee","2012-02-19","2012-02-19","2012-02-19","USD","0"
"Food:Coffee","2012-02-20","2012-02-20","2012-02-20","USD","0"
"Food:Coffee","2012-02-21","2012-02-21","2012-02-21","USD","0"
"Food:Coffee","2012-02-22","2012-02-22","2012-02-22","USD","0"
"Food:Coffee","2012-02-23","2012-02-23","2012-02-23","USD","0"
"Food:Coffee","2012-02-24","2012-02-24","2012-02-24","USD","0"
"Food:Coffee","2012-02-25","2012-02-25","2012-02-25","USD","0"
"Food:Coffee","2012-02-26","2012-02-26","2012-02-26","USD","0"
"Food:Coffee","2012-02-27","2012-02-27","2012-02-27","USD","0"
"Food:Coffee","2012-02-28","2012-02-28","2012-02-28","USD","0"
"Food:Coffee","2012-02-29","2012-02-29","2012-02-29","USD","0"
"Food:Coffee","2012-03-01","2012-03-01","2012-03-01","USD","0"
"Food:Coffee","2012-03-02","2012-03-02","2012-03-02","USD","0"
"Food:Coffee","2012-03-03","2012-03-03","2012-03-03","USD","0"
"Food:Coffee","2012-03-04","2012-03-04","2012-03-04","USD","0"
"Food:Coffee","2012-03-05","2012-03-05","2012-03-05","USD","0"
"Food:Coffee","2012-03-06","2012-03-06","2012-03-06","USD","0"
"Food:Coffee","2012-03-07","2012-03-07","2012-03-07","USD","0"
"Food:Coffee","2012-03-08","2012-03-08","2012-03-08","USD","0"
"Food:Coffee","2012-03-09","2012-03-09","2012-03-09","USD","0"
"Food:Coffee","2012-03-10","2012-03-10","2012-03-10","USD","0"
"Food:Coffee","2012-03-11","2012-03-11","2012-03-11","USD","0"
"Food:Coffee","2012-03-12","2012-03-12","2012-03-12","USD","0"
"Food:Coffee","2012-03-13","2012-03-13","2012-03-13","USD","0"
"Food:Coffee","2012-03-14","2012-03-14","2012-03-14","USD","0"
"Food:Coffee","2012-03-15","2012-03-15","2012-03-15","USD","0"
"Food:Coffee","2012-03-16","2012-03-16","2012-03-16","USD","0"
"Food:Coffee","2012-03-17","2012-03-17","2012-03-17","USD","0"
"Food:Coffee","2012-03-18","2012-03-18","2012-03-18","USD","0"
"Food:Coffee","2012-03-19","2012-03-19","2012-03-19","USD","0"
"Food:Coffee","2012-03-20","2012-03-20","2012-03-20","USD","0"
"Food:Coffee","2012-03-21","2012-03-21","2012-03-21","USD","0"
"Food:Coffee","2012-03-22","2012-03-22","2012-03-22","USD","0"
"Food:Coffee","2012-03-23","2012-03-23","2012-03-23","USD","0"
"Food:Coffee","2012-03-24","2012-03-24","2012-03-24","USD","0"
"Food:Coffee","2012-03-25","2012-03-25","2012-03-25","USD","0"
"Food:Coffee","2012-03-26","2012-03-26","2012-03-26","USD","0"
"Food:Coffee","2012-03-27","2012-03-27","2012-03-27","USD","0"
"Food:Coffee","2012-03-28","2012-03-28","2012-03-28","USD","0"
"Food:Coffee","2012-03-29","2012-03-29","2012-03-29","USD","0"
"Food:Coffee","2012-03-30","2012-03-30","2012-03-30","USD","0"
"Food:Coffee","2012-03-31","2012-03-31","2012-03-31","USD","0"
"Food:Coffee","2012-04-01","2012-04-01","2012-04-01","USD","0"
"Food:Coffee","2012-04-02","2012-04-02","2012-04-02","USD","0"
"Food:Coffee","2012-04-03","2012-04-03","2012-04-03","USD","0"
"Food:Coffee","2012-04-04","2012-04-04","2012-04-04","USD","0"
"Food:Coffee","2012-04-05","2012-04-05","2012-04-05","USD","0"
"Food:Coffee","2012-04-06","2012-04-06","2012-04-06","USD","0"
"Food:Coffee","2012-04-07","2012-04-07","2012-04-07","USD","0"
"Food:Coffee","2012-04-08","2012-04-08","2012-04-08","USD","0"
"Food:Coffee","2012-04-09","2012-04-09","2012-04-09","USD","0"
"Food:Coffee","2012-04-10","2012-04-10","2012-04-10","USD","0"
"Food:Coffee","2012-04-11","2012-04-11","2012-04-11","USD","0"
"Food:Coffee","2012-04-12","2012-04-12","2012-04-12","USD","0"
"Food:Coffee","2012-04-13","2012-04-13","2012-04-13","USD","0"
"Food:Coffee","2012-04-14","2012-04-14","2012-04-14","USD","0"
"Food:Coffee","2012-04-15","2012-04-15","2012-04-15","USD","0"
"Food:Coffee","2012-04-16","2012-04-16","2012-04-16","USD","0"
"Food:Coffee","2012-04-17","2012-04-17","2012-04-17","USD","0"
"Food:Coffee","2012-04-18","2012-04-18","2012-04-18","USD","0"
"Food:Coffee","2012-04-19","2012-04-19","2012-04-19","USD","0"
"Food:Coffee","2012-04-20","2012-04-20","2012-04-20","USD","0"
"Food:Coffee","2012-04-21","2012-04-21","2012-04-21","USD","0"
"Food:Coffee","2012-04-22","2012-04-22","2012-04-22","USD","0"
"Food:Coffee","2012-04-23","2012-04-23","2012-04-23","USD","0"
"Food:Coffee","2012-04-24","2012-04-24","2012-04-24","USD","0"
"Food:Coffee","2012-04-25","2012-04-25","2012-04-25","USD","0"
"Food:Coffee","2012-04-26","2012-04-26","2012-04-26","USD","0"
"Food:Coffee","2012-04-27","2012-04-27","2012-04-27","USD","0"
"Food:Coffee","2012-04-28","2012-04-28","2012-04-28","USD","0"
"Food:Coffee","2012-04-29","2012-04-29","2012-04-29","USD","0"
"Food:Coffee","2012-04-30","2012-04-30","2012-04-30","USD","0"
"Food:Coffee","2012-05-01","2012-05-01","2012-05-01","USD","0"
"Food:Coffee","2012-05-02","2012-05-02","2012-05-02","USD","0"
"Food:Coffee","2012-05-03","2012-05-03","2012-05-03","USD","0"
"Food:Coffee","2012-05-04","2012-05-04","2012-05-04","USD","0"
"Food:Coffee","2012-05-05","2012-05-05","2012-05-05","USD","0"
"Food:Coffee","2012-05-06","2012-05-06","2012-05-06","USD","0"
"Food:Coffee","2012-05-07","2012-05-07","2012-05-07","USD","0"
"Food:Coffee","2012-05-08","2012-05-08","2012-05-08","USD","0"
"Food:Coffee","2012-05-09","2012-05-09","2012-05-09","USD","0"
"Food:Coffee","2012-05-10","2012-05-10","2012-05-10","USD","0"
"Food:Coffee","2012-05-11","2012-05-11","2012-05-11","USD","0"
"Food:Coffee","2012-05-12","2012-05-12","2012-05-12","USD","0"
"Food:Coffee","2012-05-13","2012-05-13","2012-05-13","USD","0"
"Food:Coffee","2012-05-14","2012-05-14","2012-05-14","USD","0"
"Food:Coffee","2012-05-15","2012-05-15","2012-05-15","USD","0"
"Food:Coffee","2012-05-16","2012-05-16","2012-05-16","USD","0"
"Food:Coffee","2012-05-17","2012-05-17","2012-05-17","USD","0"
"Food:Coffee","2012-05-18","2012-05-18","2012-05-18","USD","0"
"Food:Coffee","2012-05-19","2012-05-19","2012-05-19","USD","0"
"Food:Coffee","2012-05-20","2012-05-20","2012-05-20","USD","0"
"Food:Coffee","2012-05-21","2012-05-21","2012-05-21","USD","0"
"Food:Coffee","2012-05-22","2012-05-22","2012-05-22","USD","0"
"Food:Coffee","2012-05-23","2012-05-23","2012-05-23","USD","0"
"Food:Coffee","2012-05-24","2012-05-24","2012-05-24","USD","0"
"Food:Coffee","2012-05-25","2012-05-25","2012-05-25","USD","0"
"Food:Coffee","2012-05-26","2012-05-26","2012-05-26","USD","0"
"Food:Coffee","2012-05-27","2012-05-27","2012-05-27","USD","0"
"Food:Coffee","2012-05-28","2012-05-28","2012-05-28","USD","0"
"Food:Coffee","2012-05-29","2012-05-29","2012-05-29","USD","0"
"Food:Coffee","2012-05-30","2012-05-30","2012-05-30","USD","0"
"Food:Coffee","2012-05-31","2012-05-31","2012-05-31","USD","0"
"Food:Coffee","2012-06-01","2012-06-01","2012-06-01","USD","0"
"Food:Coffee","2012-06-02","2012-06-02","2012-06-02","USD","0"
"Food:Coffee","2012-06-03","2012-06-03","2012-06-03","USD","0"
"Food:Coffee","2012-06-04","2012-06-04","2012-06-04","USD","0"
"Food:Coffee","2012-06-05","2012-06-05","2012-06-05","USD","0"
"Food:Coffee","2012-06-06","2012-06-06","2012-06-06","USD","0"
"Food:Coffee","2012-06-07","2012-06-07","2012-06-07","USD","0"
"Food:Coffee","2012-06-08","2012-06-08","2012-06-08","USD","0"
"Food:Coffee","2012-06-09","2012-06-09","2012-06-09","USD","0"
"Food:Coffee","2012-06-10","2012-06-10","2012-06-10","USD","0"
"Food:Coffee","2012-06-11","2012-06-11","2012-06-11","USD","0"
"Food:Coffee","2012-06-12","2012-06-12","2012-06-12","USD","0"
"Food:Coffee","2012-06-13","2012-06-13","2012-06-13","USD","0"
"Food:Coffee","2012-06-14","2012-06-14","2012-06-14","USD","0"
"Food:Coffee","2012-06-15","2012-06-15","2012-06-15","USD","0"
"Food:Coffee","2012-06-16","2012-06-16","2012-06-16","USD","0"
"Food:Coffee","2012-06-17","2012-06-17","2012-06-17","USD","0"
"Food:Coffee","2012-06-18","2012-06-18","2012-06-18","USD","0"
"Food:Coffee","2012-06-19","2012-06-19","2012-06-19","USD","0"
"Food:Coffee","2012-06-20","2012-06-20","2012-06-20","USD","0"
"Food:Coffee","2012-06-21","2012-06-21","2012-06-21","USD","0"
"Food:Coffee","2012-06-22","2012-06-22","2012-06-22","USD","0"
"Food:Coffee","2012-06-23","2012-06-23","2012-06-23","USD","0"
"Food:Coffee","2012-06-24","2012-06-24","2012-06-24","USD","0"
"Food:Coffee","2012-06-25","2012-06-25","2012-06-25","USD","0"
"Food:Coffee","2012-06-26","2012-06-26","2012-06-26","USD","0"
"Food:Coffee","2012-06-27","2012-06-27","2012-06-27","USD","0"
"Food:Coffee","2012-06-28","2012-06-28","2012-06-28","USD","0"
"Food:Coffee","2012-06-29","2012-06-29","2012-06-29","USD","0"
"Food:Coffee","2012-06-30","2012-06-30","2012-06-30","USD","0"
"Food:Coffee","2012-07-01","2012-07-01","2012-07-01","USD","0"
"Food:Coffee","2012-07-02","2012-07-02","2012-07-02","USD","0"
"Food:Coffee","2012-07-03","2012-07-03","2012-07-03","USD","0"
"Food:Coffee","2012-07-04","2012-07-04","2012-07-04","USD","0"
"Food:Coffee","2012-07-05","2012-07-05","2012-07-05","USD","0"
"Food:Coffee","2012-07-06","2012-07-06","2012-07-06","USD","0"
"Food:Coffee","2012-07-07","2012-07-07","2012-07-07","USD","0"
"Food:Coffee","2012-07-08","2012-07-08","2012-07-08","USD","0"
"Food:Coffee","2012-07-09","2012-07-09","2012-07-09","USD","0"
"Food:Coffee","2012-07-10","2012-07-10","2012-07-10","USD","0"
"Food:Coffee","2012-07-11","2012-07-11","2012-07-11","USD","0"
"Food:Coffee","2012-07-12","2012-07-12","2012-07-12","USD","0"
"Food:Coffee","2012-07-13","2012-07-13","2012-07-13","USD","0"
"Food:Coffee","2012-07-14","2012-07-14","2012-07-14","USD","0"
"Food:Coffee","2012-07-15","2012-07-15","2012-07-15","USD","0"
"Food:Coffee","2012-07-16","2012-07-16","2012-07-16","USD","0"
"Food:Coffee","2012-07-17","2012-07-17","2012-07-17","USD","0"
"Food:Coffee","2012-07-18","2012-07-18","2012-07-18","USD","0"
"Food:Coffee","2012-07-19","2012-07-19","2012-07-19","USD","0"
"Food:Coffee","2012-07-20","2012-07-20","2012-07-20","USD","0"
"Food:Coffee","2012-07-21","2012-07-21","2012-07-21","USD","0"
"Food:Coffee","2012-07-22","2012-07-22","2012-07-22","USD","0"
"Food:Coffee","2012-07-23","2012-07-23","2012-07-23","USD","0"
"Food:Coffee","2012-07-24","2012-07-24","2012-07-24","USD","0"
"Food:Coffee","2012-07-25","2012-07-25","2012-07-25","USD","0"
"Food:Coffee","2012-07-26","2012-07-26","2012-07-26","USD","0"
"Food:Coffee","2012-07-27","2012-07-27","2012-07-27","USD","0"
"Food:Coffee","2012-07-28","2012-07-28","2012-07-28","USD","0"
"Food:Coffee","2012-07-29","2012-07-29","2012-07-29","USD","0"
"Food:Coffee","2012-07-30","2012-07-30","2012-07-30","USD","0"
"Food:Coffee","2012-07-31","2012-07-31","2012-07-31","USD","0"
"Food:Coffee","2012-08-01","2012-08-01","2012-08-01","USD","0"
"Food:Coffee","2012-08-02","2012-08-02","2012-08-02","USD","0"
"Food:Coffee","2012-08-03","2012-08-03","2012-08-03","USD","0"
"Food:Coffee","2012-08-04","2012-08-04","2012-08-04","USD","0"
"Food:Coffee","2012-08-05","2012-08-05","2012-08-05","USD","0"
"Food:Coffee","2012-08-06","2012-08-06","2012-08-06","USD","0"
"Food:Coffee","2012-08-07","2012-08-07","2012-08-07","USD","0"
"Food:Coffee","2012-08-08","2012-08-08","2012-08-08","USD","0"
"Food:Coffee","2012-08-09","2012-08-09","2012-08-09","USD","0"
"Food:Coffee","2012-08-10","2012-08-10","2012-08-10","USD","0"
"Food:Coffee","2012-08-11","2012-08-11","2012-08-11","USD","0"
"Food:Coffee","2012-08-12","2012-08-12","2012-08-12","USD","0"
"Food:Coffee","2012-08-13","2012-08-13","2012-08-13","USD","0"
"Food:Coffee","2012-08-14","2012-08-14","2012-08-14","USD","0"
"Food:Coffee","2012-08-15","2012-08-15","2012-08-15","USD","0"
"Food:Coffee","2012-08-16","2012-08-16","2012-08-16","USD","0"
"Food:Coffee","2012-08-17","2012-08-17","2012-08-17","USD","0"
"Food:Coffee","2012-08-18","2012-08-18","2012-08-18","USD","0"
"Food:Coffee","2012-08-19","2012-08-19","2012-08-19","USD","0"
"Food:Coffee","2012-08-20","2012-08-20","2012-08-20","USD","0"
"Food:Coffee","2012-08-21","2012-08-21","2012-08-21","USD","0"
"Food:Coffee","2012-08-22","2012-08-22","2012-08-22","USD","0"
"Food:Coffee","2012-08-23","2012-08-23","2012-08-23","USD","0"
"Food:Coffee","2012-08-24","2012-08-24","2012-08-24","USD","0"
"Food:Coffee","2012-08-25","2012-08-25","2012-08-25","USD","0"
"Food:Coffee","2012-08-26","2012-08-26","2012-08-26","USD","0"
"Food:Coffee","2012-08-27","2012-08-27","2012-08-27","USD","0"
"Food:Coffee","2012-08-28","2012-08-28","2012-08-28","USD","0"
"Food:Coffee","2012-08-29","2012-08-29","2012-08-29","USD","0"
"Food:Coffee","2012-08-30","2012-08-30","2012-08-30","USD","0"
"Food:Coffee","2012-08-31","2012-08-31","2012-08-31","USD","0"
"Food:Coffee","2012-09-01","2012-09-01","2012-09-01","USD","0"
"Food:Coffee","2012-09-02","2012-09-02","2012-09-02","USD","0"
"Food:Coffee","2012-09-03","2012-09-03","2012-09-03","USD","0"
"Food:Coffee","2012-09-04","2012-09-04","2012-09-04","USD","0"
"Food:Coffee","2012-09-05","2012-09-05","2012-09-05","USD","0"
"Food:Coffee","2012-09-06","2012-09-06","2012-09-06","USD","0"
"Food:Coffee","2012-09-07","2012-09-07","2012-09-07","USD","0"
"Food:Coffee","2012-09-08","2012-09-08","2012-09-08","USD","0"
"Food:Coffee","2012-09-09","2012-09-09","2012-09-09","USD","0"
"Food:Coffee","2012-09-10","2012-09-10","2012-09-10","USD","0"
"Food:Coffee","2012-09-11","2012-09-11","2012-09-11","USD","0"
"Food:Coffee","2012-09-12","2012-09-12","2012-09-12","USD","0"
"Food:Coffee","2012-09-13","2012-09-13","2012-09-13","USD","0"
"Food:Coffee","2012-09-14","2012-09-14","2012-09-14","USD","0"
"Food:Coffee","2012-09-15","2012-09-15","2012-09-15","USD","0"
"Food:Coffee","2012-09-16","2012-09-16","2012-09-16","USD","0"
"Food:Coffee","2012-09-17","2012-09-17","2012-09-17","USD","0"
"Food:Coffee","2012-09-18","2012-09-18","2012-09-18","USD","0"
"Food:Coffee","2012-09-19","2012-09-19","2012-09-19","USD","0"
"Food:Coffee","2012-09-20","2012-09-20","2012-09-20","USD","0"
"Food:Coffee","2012-09-21","2012-09-21","2012-09-21","USD","0"
"Food:Coffee","2012-09-22","2012-09-22","2012-09-22","USD","0"
"Food:Coffee","2012-09-23","2012-09-23","2012-09-23","USD","0"
"Food:Coffee","2012-09-24","2012-09-24","2012-09-24","USD","0"
"Food:Coffee","2012-09-25","2012-09-25","2012-09-25","USD","0"
"Food:Coffee","2012-09-26","2012-09-26","2012-09-26","USD","0"
"Food:Coffee","2012-09-27","2012-09-27","2012-09-27","USD","0"
"Food:Coffee","2012-09-28","2012-09-28","2012-09-28","USD","0"
"Food:Coffee","2012-09-29","2012-09-29","2012-09-29","USD","0"
"Food:Coffee","2012-09-30","2012-09-30","2012-09-30","USD","0"
"Food:Coffee","2012-10-01","2012-10-01","2012-10-01","USD","0"
"Food:Coffee","2012-10-02","2012-10-02","2012-10-02","USD","0"
"Food:Coffee","2012-10-03","2012-10-03","2012-10-03","USD","0"
"Food:Coffee","2012-10-04","2012-10-04","2012-10-04","USD","0"
"Food:Coffee","2012-10-05","2012-10-05","2012-10-05","USD","0"
"Food:Coffee","2012-10-06","2012-10-06","2012-10-06","USD","0"
"Food:Coffee","2012-10-07","2012-10-07","2012-10-07","USD","0"
"Food:Coffee","2012-10-08","2012-10-08","2012-10-08","USD","0"
"Food:Coffee","2012-10-09","2012-10-09","2012-10-09","USD","0"
"Food:Coffee","2012-10-10","2012-10-10","2012-10-10","USD","0"
"Food:Coffee","2012-10-11","2012-10-11","2012-10-11","USD","0"
"Food:Coffee","2012-10-12","2012-10-12","2012-10-12","USD","0"
"Food:Coffee","2012-10-13","2012-10-13","2012-10-13","USD","0"
"Food:Coffee","2012-10-14","2012-10-14","2012-10-14","USD","0"
"Food:Coffee","2012-10-15","2012-10-15","2012-10-15","USD","0"
"Food:Coffee","2012-10-16","2012-10-16","2012-10-16","USD","0"
"Food:Coffee","2012-10-17","2012-10-17","2012-10-17","USD","0"
"Food:Coffee","2012-10-18","2012-10-18","2012-10-18","USD","0"
"Food:Coffee","2012-10-19","2012-10-19","2012-10-19","USD","0"
"Food:Coffee","2012-10-20","2012-10-20","2012-10-20","USD","0"
"Food:Coffee","2012-10-21","2012-10-21","2012-10-21","USD","0"
"Food:Coffee","2012-10-22","2012-10-22","2012-10-22","USD","0"
"Food:Coffee","2012-10-23","2012-10-23","2012-10-23","USD","0"
"Food:Coffee","2012-10-24","2012-10-24","2012-10-24","USD","0"
"Food:Coffee","2012-10-25","2012-10-25","2012-10-25","USD","0"
"Food:Coffee","2012-10-26","2012-10-26","2012-10-26","USD","0"
"Food:Coffee","2012-10-27","2012-10-27","2012-10-27","USD","0"
"Food:Coffee","2012-10-28","2012-10-28","2012-10-28","USD","0"
"Food:Coffee","2012-10-29","2012-10-29","2012-10-29","USD","0"
"Food:Coffee","2012-10-30","2012-10-30","2012-10-30","USD","0"
"Food:Coffee","2012-10-31","2012-10-31","2012-10-31","USD","0"
"Food:Coffee","2012-11-01","2012-11-01","2012-11-01","USD","0"
"Food:Coffee","2012-11-02","2012-11-02","2012-11-02","USD","5.71"
"Food:Coffee","2012-11-03","2012-11-03","2012-11-03","USD","0"
"Food:Coffee","2012-11-04","2012-11-04","2012-11-04","USD","0"
"Food:Coffee","2012-11-05","2012-11-05","2012-11-05","USD","0"
"Food:Coffee","2012-11-06","2012-11-06","2012-11-06","USD","0"
"Food:Coffee","2012-11-07","2012-11-07","2012-11-07","USD","0"
"Food:Coffee","2012-11-08","2012-11-08","2012-11-08","USD","0"
"Food:Coffee","2012-11-09","2012-11-09","2012-11-09","USD","0"
"Food:Coffee","2012-11-10","2012-11-10","2012-11-10","USD","5.34"
"Food:Coffee","2012-11-11","2012-11-11","2012-11-11","USD","0"
"Food:Coffee","2012-11-12","2012-11-12","2012-11-12","USD","5.23"
"Food:Coffee","2012-11-13","2012-11-13","2012-11-13","USD","0"
"Food:Coffee","2012-11-14","2012-11-14","2012-11-14","USD","0"
"Food:Coffee","2012-11-15","2012-11-15","2012-11-15","USD","0"
"Food:Coffee","2012-11-16","2012-11-16","2012-11-16","USD","0"
"Food:Coffee","2012-11-17","2012-11-17","2012-11-17","USD","0"
"Food:Coffee","2012-11-18","2012-11-18","2012-11-18","USD","0"
"Food:Coffee","2012-11-19","2012-11-19","2012-11-19","USD","0"
"Food:Coffee","2012-11-20","2012-11-20","2012-11-20","USD","0"
"Food:Coffee","2012-11-21","2012-11-21","2012-11-21","USD","0"
"Food:Coffee","2012-11-22","2012-11-22","2012-11-22","USD","0"
"Food:Coffee","2012-11-23","2012-11-23","2012-11-23","USD","0"
"Food:Coffee","2012-11-24","2012-11-24","2012-11-24","USD","0"
"Food:Coffee","2012-11-25","2012-11-25","2012-11-25","USD","0"
"Food:Coffee","2012-11-26","2012-11-26","2012-11-26","USD","0"
"Food:Coffee","2012-11-27","2012-11-27","2012-11-27","USD","0"
"Food:Coffee","2012-11-28","2012-11-28","2012-11-28","USD","0"
"Food:Coffee","2012-11-29","2012-11-29","2012-11-29","USD","0"
"Food:Coffee","2012-11-30","2012-11-30","2012-11-30","USD","0"
"Food:Coffee","2012-12-01","2012-12-01","2012-12-01","USD","0"
"Food:Coffee","2012-12-02","2012-12-02","2012-12-02","USD","0"
"Food:Coffee","2012-12-03","2012-12-03","2012-12-03","USD","0"
"Food:Coffee","2012-12-04","2012-12-04","2012-12-04","USD","0"
"Food:Coffee","2012-12-05","2012-12-05","2012-12-05","USD","0"
"Food:Coffee","2012-12-06","2012-12-06","2012-12-06","USD","0"
"Food:Coffee","2012-12-07","2012-12-07","2012-12-07","USD","0"
"Food:Coffee","2012-12-08","2012-12-08","2012-12-08","USD","0"
"Food:Coffee","2012-12-09","2012-12-09","2012-12-09","USD","0"
"Food:Coffee","2012-12-10","2012-12-10","2012-12-10","USD","0"
"Food:Coffee","2012-12-11","2012-12-11","2012-12-11","USD","0"
"Food:Coffee","2012-12-12","2012-12-12","2012-12-12","USD","0"
"Food:Coffee","2012-12-13","2012-12-13","2012-12-13","USD","0"
"Food:Coffee","2012-12-14","2012-12-14","2012-12-14","USD","0"
"Food:Coffee","2012-12-15","2012-12-15","2012-12-15","USD","0"
"Food:Coffee","2012-12-16","2012-12-16","2012-12-16","USD","0"
"Food:Coffee","2012-12-17","2012-12-17","2012-12-17","USD","0"
"Food:Coffee","2012-12-18","2012-12-18","2012-12-18","USD","0"
"Food:Coffee","2012-12-19","2012-12-19","2012-12-19","USD","0"
"Food:Coffee","2012-12-20","2012-12-20","2012-12-20","USD","0"
"Food:Coffee","2012-12-21","2012-12-21","2012-12-21","USD","0"
"Food:Coffee","2012-12-22","2012-12-22","2012-12-22","USD","0"
"Food:Coffee","2012-12-23","2012-12-23","2012-12-23","USD","0"
"Food:Coffee","2012-12-24","2012-12-24","2012-12-24","USD","0"
"Food:Coffee","2012-12-25","2012-12-25","2012-12-25","USD","0"
"Food:Coffee","2012-12-26","2012-12-26","2012-12-26","USD","0"
"Food:Coffee","2012-12-27","2012-12-27","2012-12-27","USD","0"
"Food:Coffee","2012-12-28","2012-12-28","2012-12-28","USD","0"
"Food:Coffee","2012-12-29","2012-12-29","2012-12-29","USD","0"
"Food:Coffee","2012-12-30","2012-12-30","2012-12-30","USD","0"
"Food:Coffee","2012-12-31","2012-12-31","2012-12-31","USD","0"
"Food:Coffee","2013-01-01","2013-01-01","2013-01-01","USD","0"
"Food:Coffee","2013-01-02","2013-01-02","2013-01-02","USD","0"
"Food:Coffee","2013-01-03","2013-01-03","2013-01-03","USD","0"
"Food:Coffee","2013-01-04","2013-01-04","2013-01-04","USD","0"
"Food:Coffee","2013-01-05","2013-01-05","2013-01-05","USD","0"
"Food:Coffee","2013-01-06","2013-01-06","2013-01-06","USD","0"
"Food:Coffee","2013-01-07","2013-01-07","2013-01-07","USD","0"
"Food:Coffee","2013-01-08","2013-01-08","2013-01-08","USD","0"
"Food:Coffee","2013-01-09","2013-01-09","2013-01-09","USD","0"
"Food:Coffee","2013-01-10","2013-01-10","2013-01-10","USD","0"
"Food:Coffee","2013-01-11","2013-01-11","2013-01-11","USD","0"
"Food:Coffee","2013-01-12","2013-01-12","2013-01-12","USD","0"
"Food:Coffee","2013-01-13","2013-01-13","2013-01-13","USD","0"
"Food:Coffee","2013-01-14","2013-01-14","2013-01-14","USD","0"
"Food:Coffee","2013-01-15","2013-01-15","2013-01-15","USD","0"
"Food:Coffee","2013-01-16","2013-01-16","2013-01-16","USD","0"
"Food:Coffee","2013-01-17","2013-01-17","2013-01-17","USD","0"
"Food:Coffee","2013-01-18","2013-01-18","2013-01-18","USD","0"
"Food:Coffee","2013-01-19","2013-01-19","2013-01-19","USD","0"
"Food:Coffee","2013-01-20","2013-01-20","2013-01-20","USD","0"
"Food:Coffee","2013-01-21","2013-01-21","2013-01-21","USD","0"
"Food:Coffee","2013-01-22","2013-01-22","2013-01-22","USD","0"
"Food:Coffee","2013-01-23","2013-01-23","2013-01-23","USD","0"
"Food:Coffee","2013-01-24","2013-01-24","2013-01-24","USD","0"
"Food:Coffee","2013-01-25","2013-01-25","2013-01-25","USD","0"
"Food:Coffee","2013-01-26","2013-01-26","2013-01-26","USD","0"
"Food:Coffee","2013-01-27","2013-01-27","2013-01-27","USD","0"
"Food:Coffee","2013-01-28","2013-01-28","2013-01-28","USD","0"
"Food:Coffee","2013-01-29","2013-01-29","2013-01-29","USD","0"
"Food:Coffee","2013-01-30","2013-01-30","2013-01-30","USD","0"
"Food:Coffee","2013-01-31","2013-01-31","2013-01-31","USD","0"
"Food:Coffee","2013-02-01","2013-02-01","2013-02-01","USD","0"
"Food:Coffee","2013-02-02","2013-02-02","2013-02-02","USD","0"
"Food:Coffee","2013-02-03","2013-02-03","2013-02-03","USD","0"
"Food:Coffee","2013-02-04","2013-02-04","2013-02-04","USD","0"
"Food:Coffee","2013-02-05","2013-02-05","2013-02-05","USD","0"
"Food:Coffee","2013-02-06","2013-02-06","2013-02-06","USD","0"
"Food:Coffee","2013-02-07","2013-02-07","2013-02-07","USD","0"
"Food:Coffee","2013-02-08","2013-02-08","2013-02-08","USD","0"
"Food:Coffee","2013-02-09","2013-02-09","2013-02-09","USD","0"
"Food:Coffee","2013-02-10","2013-02-10","2013-02-10","USD","0"
"Food:Coffee","2013-02-11","2013-02-11","2013-02-11","USD","0"
"Food:Coffee","2013-02-12","2013-02-12","2013-02-12","USD","0"
"Food:Coffee","2013-02-13","2013-02-13","2013-02-13","USD","0"
"Food:Coffee","2013-02-14","2013-02-14","2013-02-14","USD","0"
"Food:Coffee","2013-02-15","2013-02-15","2013-02-15","USD","0"
"Food:Coffee","2013-02-16","2013-02-16","2013-02-16","USD","0"
"Food:Coffee","2013-02-17","2013-02-17","2013-02-17","USD","0"
"Food:Coffee","2013-02-18","2013-02-18","2013-02-18","USD","0"
"Food:Coffee","2013-02-19","2013-02-19","2013-02-19","USD","0"
"Food:Coffee","2013-02-20","2013-02-20","2013-02-20","USD","0"
"Food:Coffee","2013-02-21","2013-02-21","2013-02-21","USD","0"
"Food:Coffee","2013-02-22","2013-02-22","2013-02-22","USD","0"
"Food:Coffee","2013-02-23","2013-02-23","2013-02-23","USD","0"
"Food:Coffee","2013-02-24","2013-02-24","2013-02-24","USD","0"
"Food:Coffee","2013-02-25","2013-02-25","2013-02-25","USD","0"
"Food:Coffee","2013-02-26","2013-02-26","2013-02-26","USD","0"
"Food:Coffee","2013-02-27","2013-02-27","2013-02-27","USD","0"
"Food:Coffee","2013-02-28","2013-02-28","2013-02-28","USD","0"
"Food:Coffee","2013-03-01","2013-03-01","2013-03-01","USD","0"
"Food:Coffee","2013-03-02","2013-03-02","2013-03-02","USD","0"
"Food:Coffee","2013-03-03","2013-03-03","2013-03-03","USD","0"
"Food:Coffee","2013-03-04","2013-03-04","2013-03-04","USD","0"
"Food:Coffee","2013-03-05","2013-03-05","2013-03-05","USD","0"
"Food:Coffee","2013-03-06","2013-03-06","2013-03-06","USD","0"
"Food:Coffee","2013-03-07","2013-03-07","2013-03-07","USD","0"
"Food:Coffee","2013-03-08","2013-03-08","2013-03-08","USD","0"
"Food:Coffee","2013-03-09","2013-03-09","2013-03-09","USD","0"
"Food:Coffee","2013-03-10","2013-03-10","2013-03-10","USD","0"
"Food:Coffee","2013-03-11","2013-03-11","2013-03-11","USD","0"
"Food:Coffee","2013-03-12","2013-03-12","2013-03-12","USD","0"
"Food:Coffee","2013-03-13","2013-03-13","2013-03-13","USD","0"
"Food:Coffee","2013-03-14","2013-03-14","2013-03-14","USD","0"
"Food:Coffee","2013-03-15","2013-03-15","2013-03-15","USD","0"
"Food:Coffee","2013-03-16","2013-03-16","2013-03-16","USD","0"
"Food:Coffee","2013-03-17","2013-03-17","2013-03-17","USD","0"
"Food:Coffee","2013-03-18","2013-03-18","2013-03-18","USD","0"
"Food:Coffee","2013-03-19","2013-03-19","2013-03-19","USD","0"
"Food:Coffee","2013-03-20","2013-03-20","2013-03-20","USD","0"
"Food:Coffee","2013-03-21","2013-03-21","2013-03-21","USD","0"
"Food:Coffee","2013-03-22","2013-03-22","2013-03-22","USD","0"
"Food:Coffee","2013-03-23","2013-03-23","2013-03-23","USD","0"
"Food:Coffee","2013-03-24","2013-03-24","2013-03-24","USD","0"
"Food:Coffee","2013-03-25","2013-03-25","2013-03-25","USD","0"
"Food:Coffee","2013-03-26","2013-03-26","2013-03-26","USD","0"
"Food:Coffee","2013-03-27","2013-03-27","2013-03-27","USD","0"
"Food:Coffee","2013-03-28","2013-03-28","2013-03-28","USD","0"
"Food:Coffee","2013-03-29","2013-03-29","2013-03-29","USD","0"
"Food:Coffee","2013-03-30","2013-03-30","2013-03-30","USD","0"
"Food:Coffee","2013-03-31","2013-03-31","2013-03-31","USD","0"
"Food:Coffee","2013-04-01","2013-04-01","2013-04-01","USD","0"
"Food:Coffee","2013-04-02","2013-04-02","2013-04-02","USD","0"
"Food:Coffee","2013-04-03","2013-04-03","2013-04-03","USD","0"
"Food:Coffee","2013-04-04","2013-04-04","2013-04-04","USD","0"
"Food:Coffee","2013-04-05","2013-04-05","2013-04-05","USD","0"
"Food:Coffee","2013-04-06","2013-04-06","2013-04-06","USD","0"
"Food:Coffee","2013-04-07","2013-04-07","2013-04-07","USD","0"
"Food:Coffee","2013-04-08","2013-04-08","2013-04-08","USD","0"
"Food:Coffee","2013-04-09","2013-04-09","2013-04-09","USD","0"
"Food:Coffee","2013-04-10","2013-04-10","2013-04-10","USD","0"
"Food:Coffee","2013-04-11","2013-04-11","2013-04-11","USD","0"
"Food:Coffee","2013-04-12","2013-04-12","2013-04-12","USD","0"
"Food:Coffee","2013-04-13","2013-04-13","2013-04-13","USD","0"
"Food:Coffee","2013-04-14","2013-04-14","2013-04-14","USD","0"
"Food:Coffee","2013-04-15","2013-04-15","2013-04-15","USD","0"
"Food:Coffee","2013-04-16","2013-04-16","2013-04-16","USD","0"
"Food:Coffee","2013-04-17","2013-04-17","2013-04-17","USD","0"
"Food:Coffee","2013-04-18","2013-04-18","2013-04-18","USD","0"
"Food:Coffee","2013-04-19","2013-04-19","2013-04-19","USD","0"
"Food:Coffee","2013-04-20","2013-04-20","2013-04-20","USD","0"
"Food:Coffee","2013-04-21","2013-04-21","2013-04-21","USD","0"
"Food:Coffee","2013-04-22","2013-04-22","2013-04-22","USD","0"
"Food:Coffee","2013-04-23","2013-04-23","2013-04-23","USD","0"
"Food:Coffee","2013-04-24","2013-04-24","2013-04-24","USD","0"
"Food:Coffee","2013-04-25","2013-04-25","2013-04-25","USD","0"
"Food:Coffee","2013-04-26","2013-04-26","2013-04-26","USD","0"
"Food:Coffee","2013-04-27","2013-04-27","2013-04-27","USD","0"
"Food:Coffee","2013-04-28","2013-04-28","2013-04-28","USD","0"
"Food:Coffee","2013-04-29","2013-04-29","2013-04-29","USD","0"
"Food:Coffee","2013-04-30","2013-04-30","2013-04-30","USD","0"
"Food:Coffee","2013-05-01","2013-05-01","2013-05-01","USD","0"
"Food:Coffee","2013-05-02","2013-05-02","2013-05-02","USD","0"
"Food:Coffee","2013-05-03","2013-05-03","2013-05-03","USD","0"
"Food:Coffee","2013-05-04","2013-05-04","2013-05-04","USD","0"
"Food:Coffee","2013-05-05","2013-05-05","2013-05-05","USD","0"
"Food:Coffee","2013-05-06","2013-05-06","2013-05-06","USD","0"
"Food:Coffee","2013-05-07","2013-05-07","2013-05-07","USD","0"
"Food:Coffee","2013-05-08","2013-05-08","2013-05-08","USD","0"
"Food:Coffee","2013-05-09","2013-05-09","2013-05-09","USD","0"
"Food:Coffee","2013-05-10","2013-05-10","2013-05-10","USD","0"
"Food:Coffee","2013-05-11","2013-05-11","2013-05-11","USD","0"
"Food:Coffee","2013-05-12","2013-05-12","2013-05-12","USD","0"
"Food:Coffee","2013-05-13","2013-05-13","2013-05-13","USD","0"
"Food:Coffee","2013-05-14","2013-05-14","2013-05-14","USD","0"
"Food:Coffee","2013-05-15","2013-05-15","2013-05-15","USD","0"
"Food:Coffee","2013-05-16","2013-05-16","2013-05-16","USD","0"
"Food:Coffee","2013-05-17","2013-05-17","2013-05-17","USD","0"
"Food:Coffee","2013-05-18","2013-05-18","2013-05-18","USD","0"
"Food:Coffee","2013-05-19","2013-05-19","2013-05-19","USD","0"
"Food:Coffee","2013-05-20","2013-05-20","2013-05-20","USD","0"
"Food:Coffee","2013-05-21","2013-05-21","2013-05-21","USD","0"
"Food:Coffee","2013-05-22","2013-05-22","2013-05-22","USD","0"
"Food:Coffee","2013-05-23","2013-05-23","2013-05-23","USD","0"
"Food:Coffee","2013-05-24","2013-05-24","2013-05-24","USD","0"
"Food:Coffee","2013-05-25","2013-05-25","2013-05-25","USD","0"
"Food:Coffee","2013-05-26","2013-05-26","2013-05-26","USD","0"
"Food:Coffee","2013-05-27","2013-05-27","2013-05-27","USD","0"
"Food:Coffee","2013-05-28","2013-05-28","2013-05-28","USD","0"
"Food:Coffee","2013-05-29","2013-05-29","2013-05-29","USD","0"
"Food:Coffee","2013-05-30","2013-05-30","2013-05-30","USD","0"
"Food:Coffee","2013-05-31","2013-05-31","2013-05-31","USD","0"
"Food:Coffee","2013-06-01","2013-06-01","2013-06-01","USD","0"
"Food:Coffee","2013-06-02","2013-06-02","2013-06-02","USD","0"
"Food:Coffee","2013-06-03","2013-06-03","2013-06-03","USD","0"
"Food:Coffee","2013-06-04","2013-06-04","2013-06-04","USD","0"
"Food:Coffee","2013-06-05","2013-06-05","2013-06-05","USD","0"
"Food:Coffee","2013-06-06","2013-06-06","2013-06-06","USD","0"
"Food:Coffee","2013-06-07","2013-06-07","2013-06-07","USD","0"
"Food:Coffee","2013-06-08","2013-06-08","2013-06-08","USD","0"
"Food:Coffee","2013-06-09","2013-06-09","2013-06-09","USD","0"
"Food:Coffee","2013-06-10","2013-06-10","2013-06-10","USD","0"
"Food:Coffee","2013-06-11","2013-06-11","2013-06-11","USD","0"
"Food:Coffee","2013-06-12","2013-06-12","2013-06-12","USD","0"
"Food:Coffee","2013-06-13","2013-06-13","2013-06-13","USD","0"
"Food:Coffee","2013-06-14","2013-06-14","2013-06-14","USD","0"
"Food:Coffee","2013-06-15","2013-06-15","2013-06-15","USD","0"
"Food:Coffee","2013-06-16","2013-06-16","2013-06-16","USD","0"
"Food:Coffee","2013-06-17","2013-06-17","2013-06-17","USD","0"
"Food:Coffee","2013-06-18","2013-06-18","2013-06-18","USD","0"
"Food:Coffee","2013-06-19","2013-06-19","2013-06-19","USD","0"
"Food:Coffee","2013-06-20","2013-06-20","2013-06-20","USD","0"
"Food:Coffee","2013-06-21","2013-06-21","2013-06-21","USD","0"
"Food:Coffee","2013-06-22","2013-06-22","2013-06-22","USD","0"
"Food:Coffee","2013-06-23","2013-06-23","2013-06-23","USD","0"
"Food:Coffee","2013-06-24","2013-06-24","2013-06-24","USD","0"
"Food:Coffee","2013-06-25","2013-06-25","2013-06-25","USD","0"
"Food:Coffee","2013-06-26","2013-06-26","2013-06-26","USD","0"
"Food:Coffee","2013-06-27","2013-06-27","2013-06-27","USD","0"
"Food:Coffee","2013-06-28","2013-06-28","2013-06-28","USD","0"
"Food:Coffee","2013-06-29","2013-06-29","2013-06-29","USD","0"
"Food:Coffee","2013-06-30","2013-06-30","2013-06-30","USD","0"
"Food:Coffee","2013-07-01","2013-07-01","2013-07-01","USD","0"
"Food:Coffee","2013-07-02","2013-07-02","2013-07-02","USD","0"
"Food:Coffee","2013-07-03","2013-07-03","2013-07-03","USD","0"
"Food:Coffee","2013-07-04","2013-07-04","2013-07-04","USD","0"
"Food:Coffee","2013-07-05","2013-07-05","2013-07-05","USD","0"
"Food:Coffee","2013-07-06","2013-07-06","2013-07-06","USD","0"
"Food:Coffee","2013-07-07","2013-07-07","2013-07-07","USD","0"
"Food:Coffee","2013-07-08","2013-07-08","2013-07-08","USD","0"
"Food:Coffee","2013-07-09","2013-07-09","2013-07-09","USD","0"
"Food:Coffee","2013-07-10","2013-07-10","2013-07-10","USD","0"
"Food:Coffee","2013-07-11","2013-07-11","2013-07-11","USD","0"
"Food:Coffee","2013-07-12","2013-07-12","2013-07-12","USD","0"
"Food:Coffee","2013-07-13","2013-07-13","2013-07-13","USD","0"
"Food:Coffee","2013-07-14","2013-07-14","2013-07-14","USD","6.99"
"Food:Coffee","2013-07-15","2013-07-15","2013-07-15","USD","0"
"Food:Coffee","2013-07-16","2013-07-16","2013-07-16","USD","0"
"Food:Coffee","2013-07-17","2013-07-17","2013-07-17","USD","6.30"
"Food:Coffee","2013-07-18","2013-07-18","2013-07-18","USD","0"
"Food:Coffee","2013-07-19","2013-07-19","2013-07-19","USD","0"
"Food:Coffee","2013-07-20","2013-07-20","2013-07-20","USD","6.50"
"Food:Coffee","2013-07-21","2013-07-21","2013-07-21","USD","0"
"Food:Coffee","2013-07-22","2013-07-22","2013-07-22","USD","0"
"Food:Coffee","2013-07-23","2013-07-23","2013-07-23","USD","0"
"Food:Coffee","2013-07-24","2013-07-24","2013-07-24","USD","0"
"Food:Coffee","2013-07-25","2013-07-25","2013-07-25","USD","0"
"Food:Coffee","2013-07-26","2013-07-26","2013-07-26","USD","0"
"Food:Coffee","2013-07-27","2013-07-27","2013-07-27","USD","0"
"Food:Coffee","2013-07-28","2013-07-28","2013-07-28","USD","0"
"Food:Coffee","2013-07-29","2013-07-29","2013-07-29","USD","0"
"Food:Coffee","2013-07-30","2013-07-30","2013-07-30","USD","0"
"Food:Coffee","2013-07-31","2013-07-31","2013-07-31","USD","0"
"Food:Coffee","2013-08-01","2013-08-01","2013-08-01","USD","0"
"Food:Coffee","2013-08-02","2013-08-02","2013-08-02","USD","0"
"Food:Coffee","2013-08-03","2013-08-03","2013-08-03","USD","0"
"Food:Coffee","2013-08-04","2013-08-04","2013-08-04","USD","0"
"Food:Coffee","2013-08-05","2013-08-05","2013-08-05","USD","0"
"Food:Coffee","2013-08-06","2013-08-06","2013-08-06","USD","0"
"Food:Coffee","2013-08-07","2013-08-07","2013-08-07","USD","0"
"Food:Coffee","2013-08-08","2013-08-08","2013-08-08","USD","0"
"Food:Coffee","2013-08-09","2013-08-09","2013-08-09","USD","0"
"Food:Coffee","2013-08-10","2013-08-10","2013-08-10","USD","0"
"Food:Coffee","2013-08-11","2013-08-11","2013-08-11","USD","0"
"Food:Coffee","2013-08-12","2013-08-12","2013-08-12","USD","0"
"Food:Coffee","2013-08-13","2013-08-13","2013-08-13","USD","0"
"Food:Coffee","2013-08-14","2013-08-14","2013-08-14","USD","0"
"Food:Coffee","2013-08-15","2013-08-15","2013-08-15","USD","0"
"Food:Coffee","2013-08-16","2013-08-16","2013-08-16","USD","0"
"Food:Coffee","2013-08-17","2013-08-17","2013-08-17","USD","0"
"Food:Coffee","2013-08-18","2013-08-18","2013-08-18","USD","0"
"Food:Coffee","2013-08-19","2013-08-19","2013-08-19","USD","0"
"Food:Coffee","2013-08-20","2013-08-20","2013-08-20","USD","0"
"Food:Coffee","2013-08-21","2013-08-21","2013-08-21","USD","0"
"Food:Coffee","2013-08-22","2013-08-22","2013-08-22","USD","0"
"Food:Coffee","2013-08-23","2013-08-23","2013-08-23","USD","0"
"Food:Coffee","2013-08-24","2013-08-24","2013-08-24","USD","0"
"Food:Coffee","2013-08-25","2013-08-25","2013-08-25","USD","0"
"Food:Coffee","2013-08-26","2013-08-26","2013-08-26","USD","0"
"Food:Coffee","2013-08-27","2013-08-27","2013-08-27","USD","0"
"Food:Coffee","2013-08-28","2013-08-28","2013-08-28","USD","0"
"Food:Coffee","2013-08-29","2013-08-29","2013-08-29","USD","0"
"Food:Coffee","2013-08-30","2013-08-30","2013-08-30","USD","0"
"Food:Coffee","2013-08-31","2013-08-31","2013-08-31","USD","0"
"Food:Coffee","2013-09-01","2013-09-01","2013-09-01","USD","0"
"Food:Coffee","2013-09-02","2013-09-02","2013-09-02","USD","0"
"Food:Coffee","2013-09-03","2013-09-03","2013-09-03","USD","0"
"Food:Coffee","2013-09-04","2013-09-04","2013-09-04","USD","0"
"Food:Coffee","2013-09-05","2013-09-05","2013-09-05","USD","0"
"Food:Coffee","2013-09-06","2013-09-06","2013-09-06","USD","0"
"Food:Coffee","2013-09-07","2013-09-07","2013-09-07","USD","0"
"Food:Coffee","2013-09-08","2013-09-08","2013-09-08","USD","0"
"Food:Coffee","2013-09-09","2013-09-09","2013-09-09","USD","0"
"Food:Coffee","2013-09-10","2013-09-10","2013-09-10","USD","0"
"Food:Coffee","2013-09-11","2013-09-11","2013-09-11","USD","0"
"Food:Coffee","2013-09-12","2013-09-12","2013-09-12","USD","0"
"Food:Coffee","2013-09-13","2013-09-13","2013-09-13","USD","0"
"Food:Coffee","2013-09-14","2013-09-14","2013-09-14","USD","0"
"Food:Coffee","2013-09-15","2013-09-15","2013-09-15","USD","0"
"Food:Coffee","2013-09-16","2013-09-16","2013-09-16","USD","0"
"Food:Coffee","2013-09-17","2013-09-17","2013-09-17","USD","0"
"Food:Coffee","2013-09-18","2013-09-18","2013-09-18","USD","0"
"Food:Coffee","2013-09-19","2013-09-19","2013-09-19","USD","0"
"Food:Coffee","2013-09-20","2013-09-20","2013-09-20","USD","0"
"Food:Coffee","2013-09-21","2013-09-21","2013-09-21","USD","0"
"Food:Coffee","2013-09-22","2013-09-22","2013-09-22","USD","0"
"Food:Coffee","2013-09-23","2013-09-23","2013-09-23","USD","0"
"Food:Coffee","2013-09-24","2013-09-24","2013-09-24","USD","0"
"Food:Coffee","2013-09-25","2013-09-25","2013-09-25","USD","0"
"Food:Coffee","2013-09-26","2013-09-26","2013-09-26","USD","0"
"Food:Coffee","2013-09-27","2013-09-27","2013-09-27","USD","0"
"Food:Coffee","2013-09-28","2013-09-28","2013-09-28","USD","0"
"Food:Coffee","2013-09-29","2013-09-29","2013-09-29","USD","0"
"Food:Coffee","2013-09-30","2013-09-30","2013-09-30","USD","0"
"Food:Coffee","2013-10-01","2013-10-01","2013-10-01","USD","0"
"Food:Coffee","2013-10-02","2013-10-02","2013-10-02","USD","0"
"Food:Coffee","2013-10-03","2013-10-03","2013-10-03","USD","0"
"Food:Coffee","2013-10-04","2013-10-04","2013-10-04","USD","0"
"Food:Coffee","2013-10-05","2013-10-05","2013-10-05","USD","0"
"Food:Coffee","2013-10-06","2013-10-06","2013-10-06","USD","0"
"Food:Coffee","2013-10-07","2013-10-07","2013-10-07","USD","0"
"Food:Coffee","2013-10-08","2013-10-08","2013-10-08","USD","0"
"Food:Coffee","2013-10-09","2013-10-09","2013-10-09","USD","0"
"Food:Coffee","2013-10-10","2013-10-10","2013-10-10","USD","0"
"Food:Coffee","2013-10-11","2013-10-11","2013-10-11","USD","0"
"Food:Coffee","2013-10-12","2013-10-12","2013-10-12","USD","0"
"Food:Coffee","2013-10-13","2013-10-13","2013-10-13","USD","0"
"Food:Coffee","2013-10-14","2013-10-14","2013-10-14","USD","0"
"Food:Coffee","2013-10-15","2013-10-15","2013-10-15","USD","0"
"Food:Coffee","2013-10-16","2013-10-16","2013-10-16","USD","0"
"Food:Coffee","2013-10-17","2013-10-17","2013-10-17","USD","0"
"Food:Coffee","2013-10-18","2013-10-18","2013-10-18","USD","0"
"Food:Coffee","2013-10-19","2013-10-19","2013-10-19","USD","0"
"Food:Coffee","2013-10-20","2013-10-20","2013-10-20","USD","0"
"Food:Coffee","2013-10-21","2013-10-21","2013-10-21","USD","0"
"Food:Coffee","2013-10-22","2013-10-22","2013-10-22","USD","0"
"Food:Coffee","2013-10-23","2013-10-23","2013-10-23","USD","0"
"Food:Coffee","2013-10-24","2013-10-24","2013-10-24","USD","0"
"Food:Coffee","2013-10-25","2013-10-25","2013-10-25","USD","0"
"Food:Coffee","2013-10-26","2013-10-26","2013-10-26","USD","0"
"Food:Coffee","2013-10-27","2013-10-27","2013-10-27","USD","0"
"Food:Coffee","2013-10-28","2013-10-28","2013-10-28","USD","0"
"Food:Coffee","2013-10-29","2013-10-29","2013-10-29","USD","0"
"Food:Coffee","2013-10-30","2013-10-30","2013-10-30","USD","0"
"Food:Coffee","2013-10-31","2013-10-31","2013-10-31","USD","0"
"Food:Coffee","2013-11-01","2013-11-01","2013-11-01","USD","0"
"Food:Coffee","2013-11-02","2013-11-02","2013-11-02","USD","0"
"Food:Coffee","2013-11-03","2013-11-03","2013-11-03","USD","0"
"Food:Coffee","2013-11-04","2013-11-04","2013-11-04","USD","0"
"Food:Coffee","2013-11-05","2013-11-05","2013-11-05","USD","0"
"Food:Coffee","2013-11-06","2013-11-06","2013-11-06","USD","0"
"Food:Coffee","2013-11-07","2013-11-07","2013-11-07","USD","0"
"Food:Coffee","2013-11-08","2013-11-08","2013-11-08","USD","0"
"Food:Coffee","2013-11-09","2013-11-09","2013-11-09","USD","0"
"Food:Coffee","2013-11-10","2013-11-10","2013-11-10","USD","0"
"Food:Coffee","2013-11-11","2013-11-11","2013-11-11","USD","0"
"Food:Coffee","2013-11-12","2013-11-12","2013-11-12","USD","0"
"Food:Coffee","2013-11-13","2013-11-13","2013-11-13","USD","0"
"Food:Coffee","2013-11-14","2013-11-14","2013-11-14","USD","0"
"Food:Coffee","2013-11-15","2013-11-15","2013-11-15","USD","0"
"Food:Coffee","2013-11-16","2013-11-16","2013-11-16","USD","0"
"Food:Coffee","2013-11-17","2013-11-17","2013-11-17","USD","0"
"Food:Coffee","2013-11-18","2013-11-18","2013-11-18","USD","0"
"Food:Coffee","2013-11-19","2013-11-19","2013-11-19","USD","0"
"Food:Coffee","2013-11-20","2013-11-20","2013-11-20","USD","0"
"Food:Coffee","2013-11-21","2013-11-21","2013-11-21","USD","0"
"Food:Coffee","2013-11-22","2013-11-22","2013-11-22","USD","0"
"Food:Coffee","2013-11-23","2013-11-23","2013-11-23","USD","0"
"Food:Coffee","2013-11-24","2013-11-24","2013-11-24","USD","0"
"Food:Coffee","2013-11-25","2013-11-25","2013-11-25","USD","0"
"Food:Coffee","2013-11-26","2013-11-26","2013-11-26","USD","0"
"Food:Coffee","2013-11-27","2013-11-27","2013-11-27","USD","0"
"Food:Coffee","2013-11-28","2013-11-28","2013-11-28","USD","0"
"Food:Coffee","2013-11-29","2013-11-29","2013-11-29","USD","0"
"Food:Coffee","2013-11-30","2013-11-30","2013-11-30","USD","0"
"Food:Coffee","2013-12-01","2013-12-01","2013-12-01","USD","0"
"Food:Coffee","2013-12-02","2013-12-02","2013-12-02","USD","0"
"Food:Coffee","2013-12-03","2013-12-03","2013-12-03","USD","0"
"Food:Coffee","2013-12-04","2013-12-04","2013-12-04","USD","0"
"Food:Coffee","2013-12-05","2013-12-05","2013-12-05","USD","0"
"Food:Coffee","2013-12-06","2013-12-06","2013-12-06","USD","0"
"Food:Coffee","2013-12-07","2013-12-07","2013-12-07","USD","0"
"Food:Coffee","2013-12-08","2013-12-08","2013-12-08","USD","0"
"Food:Coffee","2013-12-09","2013-12-09","2013-12-09","USD","0"
"Food:Coffee","2013-12-10","2013-12-10","2013-12-10","USD","0"
"Food:Coffee","2013-12-11","2013-12-11","2013-12-11","USD","0"
"Food:Coffee","2013-12-12","2013-12-12","2013-12-12","USD","0"
"Food:Coffee","2013-12-13","2013-12-13","2013-12-13","USD","0"
"Food:Coffee","2013-12-14","2013-12-14","2013-12-14","USD","0"
"Food:Coffee","2013-12-15","2013-12-15","2013-12-15","USD","0"
"Food:Coffee","2013-12-16","2013-12-16","2013-12-16","USD","0"
"Food:Coffee","2013-12-17","2013-12-17","2013-12-17","USD","0"
"Food:Coffee","2013-12-18","2013-12-18","2013-12-18","USD","0"
"Food:Coffee","2013-12-19","2013-12-19","2013-12-19","USD","0"
"Food:Coffee","2013-12-20","2013-12-20","2013-12-20","USD","0"
"Food:Coffee","2013-12-21","2013-12-21","2013-12-21","USD","0"
"Food:Coffee","2013-12-22","2013-12-22","2013-12-22","USD","0"
"Food:Coffee","2013-12-23","2013-12-23","2013-12-23","USD","0"
"Food:Coffee","2013-12-24","2013-12-24","2013-12-24","USD","0"
"Food:Coffee","2013-12-25","2013-12-25","2013-12-25","USD","0"
"Food:Coffee","2013-12-26","2013-12-26","2013-12-26","USD","0"
"Food:Coffee","2013-12-27","2013-12-27","2013-12-27","USD","0"
"Food:Coffee","2013-12-28","2013-12-28","2013-12-28","USD","0"
"Food:Coffee","2013-12-29","2013-12-29","2013-12-29","USD","0"
"Food:Coffee","2013-12-30","2013-12-30","2013-12-30","USD","0"
"Food:Coffee","2013-12-31","2013-12-31","2013-12-31","USD","0"
"Food:Coffee","2014-01-01","2014-01-01","2014-01-01","USD","0"
"Food:Coffee","2014-01-02","2014-01-02","2014-01-02","USD","0"
"Food:Coffee","2014-01-03","2014-01-03","2014-01-03","USD","0"
"Food:Coffee","2014-01-04","2014-01-04","2014-01-04","USD","0"
"Food:Coffee","2014-01-05","2014-01-05","2014-01-05","USD","0"
"Food:Coffee","2014-01-06","2014-01-06","2014-01-06","USD","0"
"Food:Coffee","2014-01-07","2014-01-07","2014-01-07","USD","0"
"Food:Coffee","2014-01-08","2014-01-08","2014-01-08","USD","0"
"Food:Coffee","2014-01-09","2014-01-09","2014-01-09","USD","0"
"Food:Coffee","2014-01-10","2014-01-10","2014-01-10","USD","0"
"Food:Coffee","2014-01-11","2014-01-11","2014-01-11","USD","0"
"Food:Coffee","2014-01-12","2014-01-12","2014-01-12","USD","0"
"Food:Coffee","2014-01-13","2014-01-13","2014-01-13","USD","0"
"Food:Coffee","2014-01-14","2014-01-14","2014-01-14","USD","0"
"Food:Coffee","2014-01-15","2014-01-15","2014-01-15","USD","0"
"Food:Coffee","2014-01-16","2014-01-16","2014-01-16","USD","0"
"Food:Coffee","2014-01-17","2014-01-17","2014-01-17","USD","0"
"Food:Coffee","2014-01-18","2014-01-18","2014-01-18","USD","0"
"Food:Coffee","2014-01-19","2014-01-19","2014-01-19","USD","0"
"Food:Coffee","2014-01-20","2014-01-20","2014-01-20","USD","0"
"Food:Coffee","2014-01-21","2014-01-21","2014-01-21","USD","0"
"Food:Coffee","2014-01-22","2014-01-22","2014-01-22","USD","0"
"Food:Coffee","2014-01-23","2014-01-23","2014-01-23","USD","0"
"Food:Coffee","2014-01-24","2014-01-24","2014-01-24","USD","0"
"Food:Coffee","2014-01-25","2014-01-25","2014-01-25","USD","0"
"Food:Coffee","2014-01-26","2014-01-26","2014-01-26","USD","0"
"Food:Coffee","2014-01-27","2014-01-27","2014-01-27","USD","0"
"Food:Coffee","2014-01-28","2014-01-28","2014-01-28","USD","0"
"Food:Coffee","2014-01-29","2014-01-29","2014-01-29","USD","0"
"Food:Coffee","2014-01-30","2014-01-30","2014-01-30","USD","0"
"Food:Coffee","2014-01-31","2014-01-31","2014-01-31","USD","0"
"Food:Coffee","2014-02-01","2014-02-01","2014-02-01","USD","0"
"Food:Coffee","2014-02-02","2014-02-02","2014-02-02","USD","0"
"Food:Coffee","2014-02-03","2014-02-03","2014-02-03","USD","0"
"Food:Coffee","2014-02-04","2014-02-04","2014-02-04","USD","0"
"Food:Coffee","2014-02-05","2014-02-05","2014-02-05","USD","0"
"Food:Coffee","2014-02-06","2014-02-06","2014-02-06","USD","0"
"Food:Coffee","2014-02-07","2014-02-07","2014-02-07","USD","0"
"Food:Coffee","2014-02-08","2014-02-08","2014-02-08","USD","0"
"Food:Coffee","2014-02-09","2014-02-09","2014-02-09","USD","0"
"Food:Coffee","2014-02-10","2014-02-10","2014-02-10","USD","0"
"Food:Coffee","2014-02-11","2014-02-11","2014-02-11","USD","0"
"Food:Coffee","2014-02-12","2014-02-12","2014-02-12","USD","0"
"Food:Coffee","2014-02-13","2014-02-13","2014-02-13","USD","0"
"Food:Coffee","2014-02-14","2014-02-14","2014-02-14","USD","0"
"Food:Coffee","2014-02-15","2014-02-15","2014-02-15","USD","0"
"Food:Coffee","2014-02-16","2014-02-16","2014-02-16","USD","0"
"Food:Coffee","2014-02-17","2014-02-17","2014-02-17","USD","0"
"Food:Coffee","2014-02-18","2014-02-18","2014-02-18","USD","0"
"Food:Coffee","2014-02-19","2014-02-19","2014-02-19","USD","0"
"Food:Coffee","2014-02-20","2014-02-20","2014-02-20","USD","0"
"Food:Coffee","2014-02-21","2014-02-21","2014-02-21","USD","0"
"Food:Coffee","2014-02-22","2014-02-22","2014-02-22","USD","0"
"Food:Coffee","2014-02-23","2014-02-23","2014-02-23","USD","0"
"Food:Coffee","2014-02-24","2014-02-24","2014-02-24","USD","0"
"Food:Coffee","2014-02-25","2014-02-25","2014-02-25","USD","0"
"Food:Coffee","2014-02-26","2014-02-26","2014-02-26","USD","0"
"Food:Coffee","2014-02-27","2014-02-27","2014-02-27","USD","0"
"Food:Coffee","2014-02-28","2014-02-28","2014-02-28","USD","0"
"Food:Coffee","2014-03-01","2014-03-01","2014-03-01","USD","0"
"Food:Coffee","2014-03-02","2014-03-02","2014-03-02","USD","0"
"Food:Coffee","2014-03-03","2014-03-03","2014-03-03","USD","0"
"Food:Coffee","2014-03-04","2014-03-04","2014-03-04","USD","0"
"Food:Coffee","2014-03-05","2014-03-05","2014-03-05","USD","0"
"Food:Coffee","2014-03-06","2014-03-06","2014-03-06","USD","0"
"Food:Coffee","2014-03-07","2014-03-07","2014-03-07","USD","0"
"Food:Coffee","2014-03-08","2014-03-08","2014-03-08","USD","0"
"Food:Coffee","2014-03-09","2014-03-09","2014-03-09","USD","0"
"Food:Coffee","2014-03-10","2014-03-10","2014-03-10","USD","0"
"Food:Coffee","2014-03-11","2014-03-11","2014-03-11","USD","0"
"Food:Coffee","2014-03-12","2014-03-12","2014-03-12","USD","0"
"Food:Coffee","2014-03-13","2014-03-13","2014-03-13","USD","0"
"Food:Coffee","2014-03-14","2014-03-14","2014-03-14","USD","0"
"Food:Coffee","2014-03-15","2014-03-15","2014-03-15","USD","0"
"Food:Coffee","2014-03-16","2014-03-16","2014-03-16","USD","0"
"Food:Coffee","2014-03-17","2014-03-17","2014-03-17","USD","0"
"Food:Coffee","2014-03-18","2014-03-18","2014-03-18","USD","0"
"Food:Coffee","2014-03-19","2014-03-19","2014-03-19","USD","0"
"Food:Coffee","2014-03-20","2014-03-20","2014-03-20","USD","0"
"Food:Coffee","2014-03-21","2014-03-21","2014-03-21","USD","0"
"Food:Coffee","2014-03-22","2014-03-22","2014-03-22","USD","0"
"Food:Coffee","2014-03-23","2014-03-23","2014-03-23","USD","0"
"Food:Coffee","2014-03-24","2014-03-24","2014-03-24","USD","0"
"Food:Coffee","2014-03-25","2014-03-25","2014-03-25","USD","0"
"Food:Coffee","2014-03-26","2014-03-26","2014-03-26","USD","0"
"Food:Coffee","2014-03-27","2014-03-27","2014-03-27","USD","0"
"Food:Coffee","2014-03-28","2014-03-28","2014-03-28","USD","0"
"Food:Coffee","2014-03-29","2014-03-29","2014-03-29","USD","0"
"Food:Coffee","2014-03-30","2014-03-30","2014-03-30","USD","0"
"Food:Coffee","2014-03-31","2014-03-31","2014-03-31","USD","0"
"Food:Coffee","2014-04-01","2014-04-01","2014-04-01","USD","0"
"Food:Coffee","2014-04-02","2014-04-02","2014-04-02","USD","0"
"Food:Coffee","2014-04-03","2014-04-03","2014-04-03","USD","0"
"Food:Coffee","2014-04-04","2014-04-04","2014-04-04","USD","0"
"Food:Coffee","2014-04-05","2014-04-05","2014-04-05","USD","0"
"Food:Coffee","2014-04-06","2014-04-06","2014-04-06","USD","0"
"Food:Coffee","2014-04-07","2014-04-07","2014-04-07","USD","0"
"Food:Coffee","2014-04-08","2014-04-08","2014-04-08","USD","0"
"Food:Coffee","2014-04-09","2014-04-09","2014-04-09","USD","0"
"Food:Coffee","2014-04-10","2014-04-10","2014-04-10","USD","0"
"Food:Coffee","2014-04-11","2014-04-11","2014-04-11","USD","0"
"Food:Coffee","2014-04-12","2014-04-12","2014-04-12","USD","0"
"Food:Coffee","2014-04-13","2014-04-13","2014-04-13","USD","0"
"Food:Coffee","2014-04-14","2014-04-14","2014-04-14","USD","0"
"Food:Coffee","2014-04-15","2014-04-15","2014-04-15","USD","0"
"Food:Coffee","2014-04-16","2014-04-16","2014-04-16","USD","0"
"Food:Coffee","2014-04-17","2014-04-17","2014-04-17","USD","0"
"Food:Coffee","2014-04-18","2014-04-18","2014-04-18","USD","0"
"Food:Coffee","2014-04-19","2014-04-19","2014-04-19","USD","0"
"Food:Coffee","2014-04-20","2014-04-20","2014-04-20","USD","0"
"Food:Coffee","2014-04-21","2014-04-21","2014-04-21","USD","0"
"Food:Coffee","2014-04-22","2014-04-22","2014-04-22","USD","0"
"Food:Coffee","2014-04-23","2014-04-23","2014-04-23","USD","0"
"Food:Coffee","2014-04-24","2014-04-24","2014-04-24","USD","0"
"Food:Coffee","2014-04-25","2014-04-25","2014-04-25","USD","0"
"Food:Coffee","2014-04-26","2014-04-26","2014-04-26","USD","0"
"Food:Coffee","2014-04-27","2014-04-27","2014-04-27","USD","0"
"Food:Coffee","2014-04-28","2014-04-28","2014-04-28","USD","0"
"Food:Coffee","2014-04-29","2014-04-29","2014-04-29","USD","0"
"Food:Coffee","2014-04-30","2014-04-30","2014-04-30","USD","0"
"Food:Coffee","2014-05-01","2014-05-01","2014-05-01","USD","0"
"Food:Coffee","2014-05-02","2014-05-02","2014-05-02","USD","0"
"Food:Coffee","2014-05-03","2014-05-03","2014-05-03","USD","0"
"Food:Coffee","2014-05-04","2014-05-04","2014-05-04","USD","0"
"Food:Coffee","2014-05-05","2014-05-05","2014-05-05","USD","0"
"Food:Coffee","2014-05-06","2014-05-06","2014-05-06","USD","0"
"Food:Coffee","2014-05-07","2014-05-07","2014-05-07","USD","0"
"Food:Coffee","2014-05-08","2014-05-08","2014-05-08","USD","0"
"Food:Coffee","2014-05-09","2014-05-09","2014-05-09","USD","0"
"Food:Coffee","2014-05-10","2014-05-10","2014-05-10","USD","0"
"Food:Coffee","2014-05-11","2014-05-11","2014-05-11","USD","0"
"Food:Coffee","2014-05-12","2014-05-12","2014-05-12","USD","0"
"Food:Coffee","2014-05-13","2014-05-13","2014-05-13","USD","0"
"Food:Coffee","2014-05-14","2014-05-14","2014-05-14","USD","0"
"Food:Coffee","2014-05-15","2014-05-15","2014-05-15","USD","0"
"Food:Coffee","2014-05-16","2014-05-16","2014-05-16","USD","0"
"Food:Coffee","2014-05-17","2014-05-17","2014-05-17","USD","0"
"Food:Coffee","2014-05-18","2014-05-18","2014-05-18","USD","0"
"Food:Coffee","2014-05-19","2014-05-19","2014-05-19","USD","0"
"Food:Coffee","2014-05-20","2014-05-20","2014-05-20","USD","0"
"Food:Coffee","2014-05-21","2014-05-21","2014-05-21","USD","0"
"Food:Coffee","2014-05-22","2014-05-22","2014-05-22","USD","0"
"Food:Coffee","2014-05-23","2014-05-23","2014-05-23","USD","0"
"Food:Coffee","2014-05-24","2014-05-24","2014-05-24","USD","0"
"Food:Coffee","2014-05-25","2014-05-25","2014-05-25","USD","0"
"Food:Coffee","2014-05-26","2014-05-26","2014-05-26","USD","0"
"Food:Coffee","2014-05-27","2014-05-27","2014-05-27","USD","0"
"Food:Coffee","2014-05-28","2014-05-28","2014-05-28","USD","0"
"Food:Coffee","2014-05-29","2014-05-29","2014-05-29","USD","0"
"Food:Coffee","2014-05-30","2014-05-30","2014-05-30","USD","0"
"Food:Coffee","2014-05-31","2014-05-31","2014-05-31","USD","0"
"Food:Coffee","2014-06-01","2014-06-01","2014-06-01","USD","0"
"Food:Coffee","2014-06-02","2014-06-02","2014-06-02","USD","0"
"Food:Coffee","2014-06-03","2014-06-03","2014-06-03","USD","0"
"Food:Coffee","2014-06-04","2014-06-04","2014-06-04","USD","0"
"Food:Coffee","2014-06-05","2014-06-05","2014-06-05","USD","0"
"Food:Coffee","2014-06-06","2014-06-06","2014-06-06","USD","0"
"Food:Coffee","2014-06-07","2014-06-07","2014-06-07","USD","0"
"Food:Coffee","2014-06-08","2014-06-08","2014-06-08","USD","0"
"Food:Coffee","2014-06-09","2014-06-09","2014-06-09","USD","0"
"Food:Coffee","2014-06-10","2014-06-10","2014-06-10","USD","0"
"Food:Coffee","2014-06-11","2014-06-11","2014-06-11","USD","0"
"Food:Coffee","2014-06-12","2014-06-12","2014-06-12","USD","0"
"Food:Coffee","2014-06-13","2014-06-13","2014-06-13","USD","0"
"Food:Coffee","2014-06-14","2014-06-14","2014-06-14","USD","0"
"Food:Coffee","2014-06-15","2014-06-15","2014-06-15","USD","0"
"Food:Coffee","2014-06-16","2014-06-16","2014-06-16","USD","0"
"Food:Coffee","2014-06-17","2014-06-17","2014-06-17","USD","0"
"Food:Coffee","2014-06-18","2014-06-18","2014-06-18","USD","0"
"Food:Coffee","2014-06-19","2014-06-19","2014-06-19","USD","0"
"Food:Coffee","2014-06-20","2014-06-20","2014-06-20","USD","0"
"Food:Coffee","2014-06-21","2014-06-21","2014-06-21","USD","0"
"Food:Coffee","2014-06-22","2014-06-22","2014-06-22","USD","4.73"
"Food:Coffee","2014-06-23","2014-06-23","2014-06-23","USD","0"
"Food:Coffee","2014-06-24","2014-06-24","2014-06-24","USD","0"
"Food:Coffee","2014-06-25","2014-06-25","2014-06-25","USD","0"
"Food:Coffee","2014-06-26","2014-06-26","2014-06-26","USD","5.84"
"Food:Coffee","2014-06-27","2014-06-27","2014-06-27","USD","6.46"
"Food:Coffee","2014-06-28","2014-06-28","2014-06-28","USD","0"
"Food:Coffee","2014-06-29","2014-06-29","2014-06-29","USD","0"
"Food:Coffee","2014-06-30","2014-06-30","2014-06-30","USD","0"
"Food:Coffee","2014-07-01","2014-07-01","2014-07-01","USD","5.93"
"Food:Coffee","2014-07-02","2014-07-02","2014-07-02","USD","5.55"
"Food:Coffee","2014-07-03","2014-07-03","2014-07-03","USD","0"
"Food:Coffee","2014-07-04","2014-07-04","2014-07-04","USD","0"
"Food:Coffee","2014-07-05","2014-07-05","2014-07-05","USD","7.30"
"Food:Coffee","2014-07-06","2014-07-06","2014-07-06","USD","0"
"Food:Coffee","2014-07-07","2014-07-07","2014-07-07","USD","0"
"Food:Coffee","2014-07-08","2014-07-08","2014-07-08","USD","5.78"
"Food:Coffee","2014-07-09","2014-07-09","2014-07-09","USD","0"
"Food:Coffee","2014-07-10","2014-07-10","2014-07-10","USD","0"
"Food:Coffee","2014-07-11","2014-07-11","2014-07-11","USD","0"
"Food:Coffee","2014-07-12","2014-07-12","2014-07-12","USD","6.06"
"Food:Coffee","2014-07-13","2014-07-13","2014-07-13","USD","0"
"Food:Coffee","2014-07-14","2014-07-14","2014-07-14","USD","0"
"Food:Coffee","2014-07-15","2014-07-15","2014-07-15","USD","0"
"Food:Coffee","2014-07-16","2014-07-16","2014-07-16","USD","0"
"Food:Coffee","2014-07-17","2014-07-17","2014-07-17","USD","0"
"Food:Coffee","2014-07-18","2014-07-18","2014-07-18","USD","0"
"Food:Coffee","2014-07-19","2014-07-19","2014-07-19","USD","0"
"Food:Coffee","2014-07-20","2014-07-20","2014-07-20","USD","0"
"Food:Coffee","2014-07-21","2014-07-21","2014-07-21","USD","0"
"Food:Coffee","2014-07-22","2014-07-22","2014-07-22","USD","0"
"Food:Coffee","2014-07-23","2014-07-23","2014-07-23","USD","0"
"Food:Coffee","2014-07-24","2014-07-24","2014-07-24","USD","0"
"Food:Coffee","2014-07-25","2014-07-25","2014-07-25","USD","0"
"Food:Coffee","2014-07-26","2014-07-26","2014-07-26","USD","0"
"Food:Coffee","2014-07-27","2014-07-27","2014-07-27","USD","0"
"Food:Coffee","2014-07-28","2014-07-28","2014-07-28","USD","0"
"Food:Coffee","2014-07-29","2014-07-29","2014-07-29","USD","0"
"Food:Coffee","2014-07-30","2014-07-30","2014-07-30","USD","0"
"Food:Coffee","2014-07-31","2014-07-31","2014-07-31","USD","0"
"Food:Coffee","2014-08-01","2014-08-01","2014-08-01","USD","0"
"Food:Coffee","2014-08-02","2014-08-02","2014-08-02","USD","0"
"Food:Coffee","2014-08-03","2014-08-03","2014-08-03","USD","0"
"Food:Coffee","2014-08-04","2014-08-04","2014-08-04","USD","0"
"Food:Coffee","2014-08-05","2014-08-05","2014-08-05","USD","0"
"Food:Coffee","2014-08-06","2014-08-06","2014-08-06","USD","0"
"Food:Coffee","2014-08-07","2014-08-07","2014-08-07","USD","0"
"Food:Coffee","2014-08-08","2014-08-08","2014-08-08","USD","0"
"Food:Coffee","2014-08-09","2014-08-09","2014-08-09","USD","0"
"Food:Coffee","2014-08-10","2014-08-10","2014-08-10","USD","0"
"Food:Coffee","2014-08-11","2014-08-11","2014-08-11","USD","0"
"Food:Coffee","2014-08-12","2014-08-12","2014-08-12","USD","0"
"Food:Coffee","2014-08-13","2014-08-13","2014-08-13","USD","0"
"Food:Coffee","2014-08-14","2014-08-14","2014-08-14","USD","0"
"Food:Coffee","2014-08-15","2014-08-15","2014-08-15","USD","0"
"Food:Coffee","2014-08-16","2014-08-16","2014-08-16","USD","0"
"Food:Coffee","2014-08-17","2014-08-17","2014-08-17","USD","0"
"Food:Coffee","2014-08-18","2014-08-18","2014-08-18","USD","0"
"Food:Coffee","2014-08-19","2014-08-19","2014-08-19","USD","0"
"Food:Coffee","2014-08-20","2014-08-20","2014-08-20","USD","0"
"Food:Coffee","2014-08-21","2014-08-21","2014-08-21","USD","0"
"Food:Coffee","2014-08-22","2014-08-22","2014-08-22","USD","0"
"Food:Coffee","2014-08-23","2014-08-23","2014-08-23","USD","0"
"Food:Coffee","2014-08-24","2014-08-24","2014-08-24","USD","0"
"Food:Coffee","2014-08-25","2014-08-25","2014-08-25","USD","0"
"Food:Coffee","2014-08-26","2014-08-26","2014-08-26","USD","0"
"Food:Coffee","2014-08-27","2014-08-27","2014-08-27","USD","0"
"Food:Coffee","2014-08-28","2014-08-28","2014-08-28","USD","0"
"Food:Coffee","2014-08-29","2014-08-29","2014-08-29","USD","0"
"Food:Coffee","2014-08-30","2014-08-30","2014-08-30","USD","0"
"Food:Coffee","2014-08-31","2014-08-31","2014-08-31","USD","0"
"Food:Coffee","2014-09-01","2014-09-01","2014-09-01","USD","0"
"Food:Coffee","2014-09-02","2014-09-02","2014-09-02","USD","0"
"Food:Coffee","2014-09-03","2014-09-03","2014-09-03","USD","0"
"Food:Coffee","2014-09-04","2014-09-04","2014-09-04","USD","0"
"Food:Coffee","2014-09-05","2014-09-05","2014-09-05","USD","0"
"Food:Coffee","2014-09-06","2014-09-06","2014-09-06","USD","0"
"Food:Coffee","2014-09-07","2014-09-07","2014-09-07","USD","0"
"Food:Coffee","2014-09-08","2014-09-08","2014-09-08","USD","0"
"Food:Coffee","2014-09-09","2014-09-09","2014-09-09","USD","0"
"Food:Coffee","2014-09-10","2014-09-10","2014-09-10","USD","0"
"Food:Coffee","2014-09-11","2014-09-11","2014-09-11","USD","0"
"Food:Coffee","2014-09-12","2014-09-12","2014-09-12","USD","0"
"Food:Coffee","2014-09-13","2014-09-13","2014-09-13","USD","0"
"Food:Coffee","2014-09-14","2014-09-14","2014-09-14","USD","0"
"Food:Coffee","2014-09-15","2014-09-15","2014-09-15","USD","0"
"Food:Coffee","2014-09-16","2014-09-16","2014-09-16","USD","0"
"Food:Coffee","2014-09-17","2014-09-17","2014-09-17","USD","0"
"Food:Coffee","2014-09-18","2014-09-18","2014-09-18","USD","0"
"Food:Coffee","2014-09-19","2014-09-19","2014-09-19","USD","0"
"Food:Coffee","2014-09-20","2014-09-20","2014-09-20","USD","0"
"Food:Coffee","2014-09-21","2014-09-21","2014-09-21","USD","0"
"Food:Coffee","2014-09-22","2014-09-22","2014-09-22","USD","0"
"Food:Coffee","2014-09-23","2014-09-23","2014-09-23","USD","0"
"Food:Coffee","2014-09-24","2014-09-24","2014-09-24","USD","0"
"Food:Coffee","2014-09-25","2014-09-25","2014-09-25","USD","0"
"Food:Coffee","2014-09-26","2014-09-26","2014-09-26","USD","0"
"Food:Coffee","2014-09-27","2014-09-27","2014-09-27","USD","0"
"Food:Coffee","2014-09-28","2014-09-28","2014-09-28","USD","0"
"Food:Coffee","2014-09-29","2014-09-29","2014-09-29","USD","0"
"Food:Coffee","2014-09-30","2014-09-30","2014-09-30","USD","0"
"Food:Coffee","2014-10-01","2014-10-01","2014-10-01","USD","0"
"Food:Coffee","2014-10-02","2014-10-02","2014-10-02","USD","0"
"Food:Coffee","2014-10-03","2014-10-03","2014-10-03","USD","0"
"Food:Coffee","2014-10-04","2014-10-04","2014-10-04","USD","0"
"Food:Coffee","2014-10-05","2014-10-05","2014-10-05","USD","0"
"Food:Coffee","2014-10-06","2014-10-06","2014-10-06","USD","0"
"Food:Coffee","2014-10-07","2014-10-07","2014-10-07","USD","0"
"Food:Coffee","2014-10-08","2014-10-08","2014-10-08","USD","0"
"Food:Coffee","2014-10-09","2014-10-09","2014-10-09","USD","0"
"Food:Coffee","2014-10-10","2014-10-10","2014-10-10","USD","0"
"Food:Coffee","2014-10-11","2014-10-11","2014-10-11","USD","0"
"Food:Groceries","2012-01-03","2012-01-03","2012-01-03","USD","0"
"Food:Groceries","2012-01-04","2012-01-04","2012-01-04","USD","0"
"Food:Groceries","2012-01-05","2012-01-05","2012-01-05","USD","0"
"Food:Groceries","2012-01-06","2012-01-06","2012-01-06","USD","77.89"
"Food:Groceries","2012-01-07","2012-01-07","2012-01-07","USD","0"
"Food:Groceries","2012-01-08","2012-01-08","2012-01-08","USD","0"
"Food:Groceries","2012-01-09","2012-01-09","2012-01-09","USD","0"
"Food:Groceries","2012-01-10","2012-01-10","2012-01-10","USD","0"
"Food:Groceries","2012-01-11","2012-01-11","2012-01-11","USD","0"
"Food:Groceries","2012-01-12","2012-01-12","2012-01-12","USD","0"
"Food:Groceries","2012-01-13","2012-01-13","2012-01-13","USD","0"
"Food:Groceries","2012-01-14","2012-01-14","2012-01-14","USD","0"
"Food:Groceries","2012-01-15","2012-01-15","2012-01-15","USD","0"
"Food:Groceries","2012-01-16","2012-01-16","2012-01-16","USD","0"
"Food:Groceries","2012-01-17","2012-01-17","2012-01-17","USD","0"
"Food:Groceries","2012-01-18","2012-01-18","2012-01-18","USD","0"
"Food:Groceries","2012-01-19","2012-01-19","2012-01-19","USD","111.33"
"Food:Groceries","2012-01-20","2012-01-20","2012-01-20","USD","0"
"Food:Groceries","2012-01-21","2012-01-21","2012-01-21","USD","0"
"Food:Groceries","2012-01-22","2012-01-22","2012-01-22","USD","0"
"Food:Groceries","2012-01-23","2012-01-23","2012-01-23","USD","0"
"Food:Groceries","2012-01-24","2012-01-24","2012-01-24","USD","0"
"Food:Groceries","2012-01-25","2012-01-25","2012-01-25","USD","0"
"Food:Groceries","2012-01-26","2012-01-26","2012-01-26","USD","0"
"Food:Groceries","2012-01-27","2012-01-27","2012-01-27","USD","59.92"
"Food:Groceries","2012-01-28","2012-01-28","2012-01-28","USD","0"
"Food:Groceries","2012-01-29","2012-01-29","2012-01-29","USD","0"
"Food:Groceries","2012-01-30","2012-01-30","2012-01-30","USD","0"
"Food:Groceries","2012-01-31","2012-01-31","2012-01-31","USD","0"
"Food:Groceries","2012-02-01","2012-02-01","2012-02-01","USD","0"
"Food:Groceries","2012-02-02","2012-02-02","2012-02-02","USD","0"
"Food:Groceries","2012-02-03","2012-02-03","2012-02-03","USD","50.16"
"Food:Groceries","2012-02-04","2012-02-04","2012-02-04","USD","0"
"Food:Groceries","2012-02-05","2012-02-05","2012-02-05","USD","0"
"Food:Groceries","2012-02-06","2012-02-06","2012-02-06","USD","0"
"Food:Groceries","2012-02-07","2012-02-07","2012-02-07","USD","0"
"Food:Groceries","2012-02-08","2012-02-08","2012-02-08","USD","0"
"Food:Groceries","2012-02-09","2012-02-09","2012-02-09","USD","0"
"Food:Groceries","2012-02-10","2012-02-10","2012-02-10","USD","0"
"Food:Groceries","2012-02-11","2012-02-11","2012-02-11","USD","0"
"Food:Groceries","2012-02-12","2012-02-12","2012-02-12","USD","0"
"Food:Groceries","2012-02-13","2012-02-13","2012-02-13","USD","0"
"Food:Groceries","2012-02-14","2012-02-14","2012-02-14","USD","0"
"Food:Groceries","2012-02-15","2012-02-15","2012-02-15","USD","66.76"
"Food:Groceries","2012-02-16","2012-02-16","2012-02-16","USD","0"
"Food:Groceries","2012-02-17","2012-02-17","2012-02-17","USD","0"
"Food:Groceries","2012-02-18","2012-02-18","2012-02-18","USD","0"
"Food:Groceries","2012-02-19","2012-02-19","2012-02-19","USD","0"
"Food:Groceries","2012-02-20","2012-02-20","2012-02-20","USD","0"
"Food:Groceries","2012-02-21","2012-02-21","2012-02-21","USD","0"
"Food:Groceries","2012-02-22","2012-02-22","2012-02-22","USD","0"
"Food:Groceries","2012-02-23","2012-02-23","2012-02-23","USD","0"
"Food:Groceries","2012-02-24","2012-02-24","2012-02-24","USD","0"
"Food:Groceries","2012-02-25","2012-02-25","2012-02-25","USD","68.11"
"Food:Groceries","2012-02-26","2012-02-26","2012-02-26","USD","0"
"Food:Groceries","2012-02-27","2012-02-27","2012-02-27","USD","0"
"Food:Groceries","2012-02-28","2012-02-28","2012-02-28","USD","0"
"Food:Groceries","2012-02-29","2012-02-29","2012-02-29","USD","0"
"Food:Groceries","2012-03-01","2012-03-01","2012-03-01","USD","49.81"
"Food:Groceries","2012-03-02","2012-03-02","2012-03-02","USD","0"
"Food:Groceries","2012-03-03","2012-03-03","2012-03-03","USD","0"
"Food:Groceries","2012-03-04","2012-03-04","2012-03-04","USD","0"
"Food:Groceries","2012-03-05","2012-03-05","2012-03-05","USD","0"
"Food:Groceries","2012-03-06","2012-03-06","2012-03-06","USD","0"
"Food:Groceries","2012-03-07","2012-03-07","2012-03-07","USD","0"
"Food:Groceries","2012-03-08","2012-03-08","2012-03-08","USD","0"
"Food:Groceries","2012-03-09","2012-03-09","2012-03-09","USD","0"
"Food:Groceries","2012-03-10","2012-03-10","2012-03-10","USD","0"
"Food:Groceries","2012-03-11","2012-03-11","2012-03-11","USD","0"
"Food:Groceries","2012-03-12","2012-03-12","2012-03-12","USD","0"
"Food:Groceries","2012-03-13","2012-03-13","2012-03-13","USD","0"
"Food:Groceries","2012-03-14","2012-03-14","2012-03-14","USD","0"
"Food:Groceries","2012-03-15","2012-03-15","2012-03-15","USD","0"
"Food:Groceries","2012-03-16","2012-03-16","2012-03-16","USD","0"
"Food:Groceries","2012-03-17","2012-03-17","2012-03-17","USD","54.08"
"Food:Groceries","2012-03-18","2012-03-18","2012-03-18","USD","0"
"Food:Groceries","2012-03-19","2012-03-19","2012-03-19","USD","0"
"Food:Groceries","2012-03-20","2012-03-20","2012-03-20","USD","0"
"Food:Groceries","2012-03-21","2012-03-21","2012-03-21","USD","0"
"Food:Groceries","2012-03-22","2012-03-22","2012-03-22","USD","0"
"Food:Groceries","2012-03-23","2012-03-23","2012-03-23","USD","0"
"Food:Groceries","2012-03-24","2012-03-24","2012-03-24","USD","0"
"Food:Groceries","2012-03-25","2012-03-25","2012-03-25","USD","0"
"Food:Groceries","2012-03-26","2012-03-26","2012-03-26","USD","0"
"Food:Groceries","2012-03-27","2012-03-27","2012-03-27","USD","0"
"Food:Groceries","2012-03-28","2012-03-28","2012-03-28","USD","0"
"Food:Groceries","2012-03-29","2012-03-29","2012-03-29","USD","65.48"
"Food:Groceries","2012-03-30","2012-03-30","2012-03-30","USD","0"
"Food:Groceries","2012-03-31","2012-03-31","2012-03-31","USD","0"
"Food:Groceries","2012-04-01","2012-04-01","2012-04-01","USD","0"
"Food:Groceries","2012-04-02","2012-04-02","2012-04-02","USD","0"
"Food:Groceries","2012-04-03","2012-04-03","2012-04-03","USD","0"
"Food:Groceries","2012-04-04","2012-04-04","2012-04-04","USD","0"
"Food:Groceries","2012-04-05","2012-04-05","2012-04-05","USD","0"
"Food:Groceries","2012-04-06","2012-04-06","2012-04-06","USD","0"
"Food:Groceries","2012-04-07","2012-04-07","2012-04-07","USD","0"
"Food:Groceries","2012-04-08","2012-04-08","2012-04-08","USD","0"
"Food:Groceries","2012-04-09","2012-04-09","2012-04-09","USD","0"
"Food:Groceries","2012-04-10","2012-04-10","2012-04-10","USD","0"
"Food:Groceries","2012-04-11","2012-04-11","2012-04-11","USD","58.59"
"Food:Groceries","2012-04-12","2012-04-12","2012-04-12","USD","0"
"Food:Groceries","2012-04-13","2012-04-13","2012-04-13","USD","0"
"Food:Groceries","2012-04-14","2012-04-14","2012-04-14","USD","0"
"Food:Groceries","2012-04-15","2012-04-15","2012-04-15","USD","0"
"Food:Groceries","2012-04-16","2012-04-16","2012-04-16","USD","0"
"Food:Groceries","2012-04-17","2012-04-17","2012-04-17","USD","0"
"Food:Groceries","2012-04-18","2012-04-18","2012-04-18","USD","0"
"Food:Groceries","2012-04-19","2012-04-19","2012-04-19","USD","0"
"Food:Groceries","2012-04-20","2012-04-20","2012-04-20","USD","0"
"Food:Groceries","2012-04-21","2012-04-21","2012-04-21","USD","0"
"Food:Groceries","2012-04-22","2012-04-22","2012-04-22","USD","0"
"Food:Groceries","2012-04-23","2012-04-23","2012-04-23","USD","0"
"Food:Groceries","2012-04-24","2012-04-24","2012-04-24","USD","0"
"Food:Groceries","2012-04-25","2012-04-25","2012-04-25","USD","0"
"Food:Groceries","2012-04-26","2012-04-26","2012-04-26","USD","0"
"Food:Groceries","2012-04-27","2012-04-27","2012-04-27","USD","0"
"Food:Groceries","2012-04-28","2012-04-28","2012-04-28","USD","0"
"Food:Groceries","2012-04-29","2012-04-29","2012-04-29","USD","0"
"Food:Groceries","2012-04-30","2012-04-30","2012-04-30","USD","75.74"
"Food:Groceries","2012-05-01","2012-05-01","2012-05-01","USD","0"
"Food:Groceries","2012-05-02","2012-05-02","2012-05-02","USD","0"
"Food:Groceries","2012-05-03","2012-05-03","2012-05-03","USD","0"
"Food:Groceries","2012-05-04","2012-05-04","2012-05-04","USD","0"
"Food:Groceries","2012-05-05","2012-05-05","2012-05-05","USD","0"
"Food:Groceries","2012-05-06","2012-05-06","2012-05-06","USD","0"
"Food:Groceries","2012-05-07","2012-05-07","2012-05-07","USD","0"
"Food:Groceries","2012-05-08","2012-05-08","2012-05-08","USD","0"
"Food:Groceries","2012-05-09","2012-05-09","2012-05-09","USD","0"
"Food:Groceries","2012-05-10","2012-05-10","2012-05-10","USD","0"
"Food:Groceries","2012-05-11","2012-05-11","2012-05-11","USD","0"
"Food:Groceries","2012-05-12","2012-05-12","2012-05-12","USD","141.26"
"Food:Groceries","2012-05-13","2012-05-13","2012-05-13","USD","0"
"Food:Groceries","2012-05-14","2012-05-14","2012-05-14","USD","0"
"Food:Groceries","2012-05-15","2012-05-15","2012-05-15","USD","0"
"Food:Groceries","2012-05-16","2012-05-16","2012-05-16","USD","0"
"Food:Groceries","2012-05-17","2012-05-17","2012-05-17","USD","0"
"Food:Groceries","2012-05-18","2012-05-18","2012-05-18","USD","0"
"Food:Groceries","2012-05-19","2012-05-19","2012-05-19","USD","0"
"Food:Groceries","2012-05-20","2012-05-20","2012-05-20","USD","0"
"Food:Groceries","2012-05-21","2012-05-21","2012-05-21","USD","0"
"Food:Groceries","2012-05-22","2012-05-22","2012-05-22","USD","0"
"Food:Groceries","2012-05-23","2012-05-23","2012-05-23","USD","0"
"Food:Groceries","2012-05-24","2012-05-24","2012-05-24","USD","0"
"Food:Groceries","2012-05-25","2012-05-25","2012-05-25","USD","0"
"Food:Groceries","2012-05-26","2012-05-26","2012-05-26","USD","0"
"Food:Groceries","2012-05-27","2012-05-27","2012-05-27","USD","0"
"Food:Groceries","2012-05-28","2012-05-28","2012-05-28","USD","0"
"Food:Groceries","2012-05-29","2012-05-29","2012-05-29","USD","81.95"
"Food:Groceries","2012-05-30","2012-05-30","2012-05-30","USD","0"
"Food:Groceries","2012-05-31","2012-05-31","2012-05-31","USD","0"
"Food:Groceries","2012-06-01","2012-06-01","2012-06-01","USD","0"
"Food:Groceries","2012-06-02","2012-06-02","2012-06-02","USD","0"
"Food:Groceries","2012-06-03","2012-06-03","2012-06-03","USD","0"
"Food:Groceries","2012-06-04","2012-06-04","2012-06-04","USD","0"
"Food:Groceries","2012-06-05","2012-06-05","2012-06-05","USD","0"
"Food:Groceries","2012-06-06","2012-06-06","2012-06-06","USD","0"
"Food:Groceries","2012-06-07","2012-06-07","2012-06-07","USD","0"
"Food:Groceries","2012-06-08","2012-06-08","2012-06-08","USD","0"
"Food:Groceries","2012-06-09","2012-06-09","2012-06-09","USD","0"
"Food:Groceries","2012-06-10","2012-06-10","2012-06-10","USD","0"
"Food:Groceries","2012-06-11","2012-06-11","2012-06-11","USD","0"
"Food:Groceries","2012-06-12","2012-06-12","2012-06-12","USD","0"
"Food:Groceries","2012-06-13","2012-06-13","2012-06-13","USD","0"
"Food:Groceries","2012-06-14","2012-06-14","2012-06-14","USD","0"
"Food:Groceries","2012-06-15","2012-06-15","2012-06-15","USD","0"
"Food:Groceries","2012-06-16","2012-06-16","2012-06-16","USD","0"
"Food:Groceries","2012-06-17","2012-06-17","2012-06-17","USD","74.28"
"Food:Groceries","2012-06-18","2012-06-18","2012-06-18","USD","0"
"Food:Groceries","2012-06-19","2012-06-19","2012-06-19","USD","0"
"Food:Groceries","2012-06-20","2012-06-20","2012-06-20","USD","0"
"Food:Groceries","2012-06-21","2012-06-21","2012-06-21","USD","0"
"Food:Groceries","2012-06-22","2012-06-22","2012-06-22","USD","0"
"Food:Groceries","2012-06-23","2012-06-23","2012-06-23","USD","0"
"Food:Groceries","2012-06-24","2012-06-24","2012-06-24","USD","0"
"Food:Groceries","2012-06-25","2012-06-25","2012-06-25","USD","0"
"Food:Groceries","2012-06-26","2012-06-26","2012-06-26","USD","0"
"Food:Groceries","2012-06-27","2012-06-27","2012-06-27","USD","0"
"Food:Groceries","2012-06-28","2012-06-28","2012-06-28","USD","0"
"Food:Groceries","2012-06-29","2012-06-29","2012-06-29","USD","0"
"Food:Groceries","2012-06-30","2012-06-30","2012-06-30","USD","0"
"Food:Groceries","2012-07-01","2012-07-01","2012-07-01","USD","0"
"Food:Groceries","2012-07-02","2012-07-02","2012-07-02","USD","0"
"Food:Groceries","2012-07-03","2012-07-03","2012-07-03","USD","0"
"Food:Groceries","2012-07-04","2012-07-04","2012-07-04","USD","0"
"Food:Groceries","2012-07-05","2012-07-05","2012-07-05","USD","0"
"Food:Groceries","2012-07-06","2012-07-06","2012-07-06","USD","0"
"Food:Groceries","2012-07-07","2012-07-07","2012-07-07","USD","110.36"
"Food:Groceries","2012-07-08","2012-07-08","2012-07-08","USD","0"
"Food:Groceries","2012-07-09","2012-07-09","2012-07-09","USD","0"
"Food:Groceries","2012-07-10","2012-07-10","2012-07-10","USD","0"
"Food:Groceries","2012-07-11","2012-07-11","2012-07-11","USD","0"
"Food:Groceries","2012-07-12","2012-07-12","2012-07-12","USD","0"
"Food:Groceries","2012-07-13","2012-07-13","2012-07-13","USD","0"
"Food:Groceries","2012-07-14","2012-07-14","2012-07-14","USD","0"
"Food:Groceries","2012-07-15","2012-07-15","2012-07-15","USD","0"
"Food:Groceries","2012-07-16","2012-07-16","2012-07-16","USD","0"
"Food:Groceries","2012-07-17","2012-07-17","2012-07-17","USD","0"
"Food:Groceries","2012-07-18","2012-07-18","2012-07-18","USD","0"
"Food:Groceries","2012-07-19","2012-07-19","2012-07-19","USD","0"
"Food:Groceries","2012-07-20","2012-07-20","2012-07-20","USD","63.57"
"Food:Groceries","2012-07-21","2012-07-21","2012-07-21","USD","0"
"Food:Groceries","2012-07-22","2012-07-22","2012-07-22","USD","0"
"Food:Groceries","2012-07-23","2012-07-23","2012-07-23","USD","0"
"Food:Groceries","2012-07-24","2012-07-24","2012-07-24","USD","0"
"Food:Groceries","2012-07-25","2012-07-25","2012-07-25","USD","0"
"Food:Groceries","2012-07-26","2012-07-26","2012-07-26","USD","0"
"Food:Groceries","2012-07-27","2012-07-27","2012-07-27","USD","0"
"Food:Groceries","2012-07-28","2012-07-28","2012-07-28","USD","0"
"Food:Groceries","2012-07-29","2012-07-29","2012-07-29","USD","0"
"Food:Groceries","2012-07-30","2012-07-30","2012-07-30","USD","0"
"Food:Groceries","2012-07-31","2012-07-31","2012-07-31","USD","0"
"Food:Groceries","2012-08-01","2012-08-01","2012-08-01","USD","0"
"Food:Groceries","2012-08-02","2012-08-02","2012-08-02","USD","0"
"Food:Groceries","2012-08-03","2012-08-03","2012-08-03","USD","0"
"Food:Groceries","2012-08-04","2012-08-04","2012-08-04","USD","109.31"
"Food:Groceries","2012-08-05","2012-08-05","2012-08-05","USD","0"
"Food:Groceries","2012-08-06","2012-08-06","2012-08-06","USD","0"
"Food:Groceries","2012-08-07","2012-08-07","2012-08-07","USD","0"
"Food:Groceries","2012-08-08","2012-08-08","2012-08-08","USD","0"
"Food:Groceries","2012-08-09","2012-08-09","2012-08-09","USD","0"
"Food:Groceries","2012-08-10","2012-08-10","2012-08-10","USD","0"
"Food:Groceries","2012-08-11","2012-08-11","2012-08-11","USD","0"
"Food:Groceries","2012-08-12","2012-08-12","2012-08-12","USD","0"
"Food:Groceries","2012-08-13","2012-08-13","2012-08-13","USD","0"
"Food:Groceries","2012-08-14","2012-08-14","2012-08-14","USD","0"
"Food:Groceries","2012-08-15","2012-08-15","2012-08-15","USD","0"
"Food:Groceries","2012-08-16","2012-08-16","2012-08-16","USD","0"
"Food:Groceries","2012-08-17","2012-08-17","2012-08-17","USD","0"
"Food:Groceries","2012-08-18","2012-08-18","2012-08-18","USD","0"
"Food:Groceries","2012-08-19","2012-08-19","2012-08-19","USD","0"
"Food:Groceries","2012-08-20","2012-08-20","2012-08-20","USD","0"
"Food:Groceries","2012-08-21","2012-08-21","2012-08-21","USD","0"
"Food:Groceries","2012-08-22","2012-08-22","2012-08-22","USD","0"
"Food:Groceries","2012-08-23","2012-08-23","2012-08-23","USD","108.81"
"Food:Groceries","2012-08-24","2012-08-24","2012-08-24","USD","0"
"Food:Groceries","2012-08-25","2012-08-25","2012-08-25","USD","0"
"Food:Groceries","2012-08-26","2012-08-26","2012-08-26","USD","0"
"Food:Groceries","2012-08-27","2012-08-27","2012-08-27","USD","0"
"Food:Groceries","2012-08-28","2012-08-28","2012-08-28","USD","0"
"Food:Groceries","2012-08-29","2012-08-29","2012-08-29","USD","0"
"Food:Groceries","2012-08-30","2012-08-30","2012-08-30","USD","65.88"
"Food:Groceries","2012-08-31","2012-08-31","2012-08-31","USD","0"
"Food:Groceries","2012-09-01","2012-09-01","2012-09-01","USD","0"
"Food:Groceries","2012-09-02","2012-09-02","2012-09-02","USD","0"
"Food:Groceries","2012-09-03","2012-09-03","2012-09-03","USD","0"
"Food:Groceries","2012-09-04","2012-09-04","2012-09-04","USD","0"
"Food:Groceries","2012-09-05","2012-09-05","2012-09-05","USD","0"
"Food:Groceries","2012-09-06","2012-09-06","2012-09-06","USD","0"
"Food:Groceries","2012-09-07","2012-09-07","2012-09-07","USD","0"
"Food:Groceries","2012-09-08","2012-09-08","2012-09-08","USD","0"
"Food:Groceries","2012-09-09","2012-09-09","2012-09-09","USD","0"
"Food:Groceries","2012-09-10","2012-09-10","2012-09-10","USD","0"
"Food:Groceries","2012-09-11","2012-09-11","2012-09-11","USD","0"
"Food:Groceries","2012-09-12","2012-09-12","2012-09-12","USD","0"
"Food:Groceries","2012-09-13","2012-09-13","2012-09-13","USD","79.09"
"Food:Groceries","2012-09-14","2012-09-14","2012-09-14","USD","0"
"Food:Groceries","2012-09-15","2012-09-15","2012-09-15","USD","0"
"Food:Groceries","2012-09-16","2012-09-16","2012-09-16","USD","0"
"Food:Groceries","2012-09-17","2012-09-17","2012-09-17","USD","0"
"Food:Groceries","2012-09-18","2012-09-18","2012-09-18","USD","0"
"Food:Groceries","2012-09-19","2012-09-19","2012-09-19","USD","0"
"Food:Groceries","2012-09-20","2012-09-20","2012-09-20","USD","0"
"Food:Groceries","2012-09-21","2012-09-21","2012-09-21","USD","0"
"Food:Groceries","2012-09-22","2012-09-22","2012-09-22","USD","0"
"Food:Groceries","2012-09-23","2012-09-23","2012-09-23","USD","0"
"Food:Groceries","2012-09-24","2012-09-24","2012-09-24","USD","0"
"Food:Groceries","2012-09-25","2012-09-25","2012-09-25","USD","0"
"Food:Groceries","2012-09-26","2012-09-26","2012-09-26","USD","0"
"Food:Groceries","2012-09-27","2012-09-27","2012-09-27","USD","87.73"
"Food:Groceries","2012-09-28","2012-09-28","2012-09-28","USD","0"
"Food:Groceries","2012-09-29","2012-09-29","2012-09-29","USD","0"
"Food:Groceries","2012-09-30","2012-09-30","2012-09-30","USD","0"
"Food:Groceries","2012-10-01","2012-10-01","2012-10-01","USD","0"
"Food:Groceries","2012-10-02","2012-10-02","2012-10-02","USD","0"
"Food:Groceries","2012-10-03","2012-10-03","2012-10-03","USD","0"
"Food:Groceries","2012-10-04","2012-10-04","2012-10-04","USD","0"
"Food:Groceries","2012-10-05","2012-10-05","2012-10-05","USD","0"
"Food:Groceries","2012-10-06","2012-10-06","2012-10-06","USD","0"
"Food:Groceries","2012-10-07","2012-10-07","2012-10-07","USD","0"
"Food:Groceries","2012-10-08","2012-10-08","2012-10-08","USD","0"
"Food:Groceries","2012-10-09","2012-10-09","2012-10-09","USD","0"
"Food:Groceries","2012-10-10","2012-10-10","2012-10-10","USD","0"
"Food:Groceries","2012-10-11","2012-10-11","2012-10-11","USD","0"
"Food:Groceries","2012-10-12","2012-10-12","2012-10-12","USD","0"
"Food:Groceries","2012-10-13","2012-10-13","2012-10-13","USD","0"
"Food:Groceries","2012-10-14","2012-10-14","2012-10-14","USD","88.16"
"Food:Groceries","2012-10-15","2012-10-15","2012-10-15","USD","0"
"Food:Groceries","2012-10-16","2012-10-16","2012-10-16","USD","0"
"Food:Groceries","2012-10-17","2012-10-17","2012-10-17","USD","0"
"Food:Groceries","2012-10-18","2012-10-18","2012-10-18","USD","0"
"Food:Groceries","2012-10-19","2012-10-19","2012-10-19","USD","0"
"Food:Groceries","2012-10-20","2012-10-20","2012-10-20","USD","0"
"Food:Groceries","2012-10-21","2012-10-21","2012-10-21","USD","0"
"Food:Groceries","2012-10-22","2012-10-22","2012-10-22","USD","0"
"Food:Groceries","2012-10-23","2012-10-23","2012-10-23","USD","0"
"Food:Groceries","2012-10-24","2012-10-24","2012-10-24","USD","0"
"Food:Groceries","2012-10-25","2012-10-25","2012-10-25","USD","0"
"Food:Groceries","2012-10-26","2012-10-26","2012-10-26","USD","0"
"Food:Groceries","2012-10-27","2012-10-27","2012-10-27","USD","0"
"Food:Groceries","2012-10-28","2012-10-28","2012-10-28","USD","52.42"
"Food:Groceries","2012-10-29","2012-10-29","2012-10-29","USD","0"
"Food:Groceries","2012-10-30","2012-10-30","2012-10-30","USD","0"
"Food:Groceries","2012-10-31","2012-10-31","2012-10-31","USD","0"
"Food:Groceries","2012-11-01","2012-11-01","2012-11-01","USD","0"
"Food:Groceries","2012-11-02","2012-11-02","2012-11-02","USD","0"
"Food:Groceries","2012-11-03","2012-11-03","2012-11-03","USD","0"
"Food:Groceries","2012-11-04","2012-11-04","2012-11-04","USD","0"
"Food:Groceries","2012-11-05","2012-11-05","2012-11-05","USD","0"
"Food:Groceries","2012-11-06","2012-11-06","2012-11-06","USD","0"
"Food:Groceries","2012-11-07","2012-11-07","2012-11-07","USD","0"
"Food:Groceries","2012-11-08","2012-11-08","2012-11-08","USD","0"
"Food:Groceries","2012-11-09","2012-11-09","2012-11-09","USD","0"
"Food:Groceries","2012-11-10","2012-11-10","2012-11-10","USD","0"
"Food:Groceries","2012-11-11","2012-11-11","2012-11-11","USD","0"
"Food:Groceries","2012-11-12","2012-11-12","2012-11-12","USD","0"
"Food:Groceries","2012-11-13","2012-11-13","2012-11-13","USD","0"
"Food:Groceries","2012-11-14","2012-11-14","2012-11-14","USD","0"
"Food:Groceries","2012-11-15","2012-11-15","2012-11-15","USD","0"
"Food:Groceries","2012-11-16","2012-11-16","2012-11-16","USD","0"
"Food:Groceries","2012-11-17","2012-11-17","2012-11-17","USD","0"
"Food:Groceries","2012-11-18","2012-11-18","2012-11-18","USD","0"
"Food:Groceries","2012-11-19","2012-11-19","2012-11-19","USD","0"
"Food:Groceries","2012-11-20","2012-11-20","2012-11-20","USD","73.20"
"Food:Groceries","2012-11-21","2012-11-21","2012-11-21","USD","0"
"Food:Groceries","2012-11-22","2012-11-22","2012-11-22","USD","0"
"Food:Groceries","2012-11-23","2012-11-23","2012-11-23","USD","0"
"Food:Groceries","2012-11-24","2012-11-24","2012-11-24","USD","0"
"Food:Groceries","2012-11-25","2012-11-25","2012-11-25","USD","0"
"Food:Groceries","2012-11-26","2012-11-26","2012-11-26","USD","0"
"Food:Groceries","2012-11-27","2012-11-27","2012-11-27","USD","0"
"Food:Groceries","2012-11-28","2012-11-28","2012-11-28","USD","55.43"
"Food:Groceries","2012-11-29","2012-11-29","2012-11-29","USD","0"
"Food:Groceries","2012-11-30","2012-11-30","2012-11-30","USD","0"
"Food:Groceries","2012-12-01","2012-12-01","2012-12-01","USD","0"
"Food:Groceries","2012-12-02","2012-12-02","2012-12-02","USD","0"
"Food:Groceries","2012-12-03","2012-12-03","2012-12-03","USD","111.78"
"Food:Groceries","2012-12-04","2012-12-04","2012-12-04","USD","0"
"Food:Groceries","2012-12-05","2012-12-05","2012-12-05","USD","0"
"Food:Groceries","2012-12-06","2012-12-06","2012-12-06","USD","0"
"Food:Groceries","2012-12-07","2012-12-07","2012-12-07","USD","0"
"Food:Groceries","2012-12-08","2012-12-08","2012-12-08","USD","0"
"Food:Groceries","2012-12-09","2012-12-09","2012-12-09","USD","0"
"Food:Groceries","2012-12-10","2012-12-10","2012-12-10","USD","0"
"Food:Groceries","2012-12-11","2012-12-11","2012-12-11","USD","0"
"Food:Groceries","2012-12-12","2012-12-12","2012-12-12","USD","0"
"Food:Groceries","2012-12-13","2012-12-13","2012-12-13","USD","0"
"Food:Groceries","2012-12-14","2012-12-14","2012-12-14","USD","0"
"Food:Groceries","2012-12-15","2012-12-15","2012-12-15","USD","0"
"Food:Groceries","2012-12-16","2012-12-16","2012-12-16","USD","0"
"Food:Groceries","2012-12-17","2012-12-17","2012-12-17","USD","74.78"
"Food:Groceries","2012-12-18","2012-12-18","2012-12-18","USD","0"
"Food:Groceries","2012-12-19","2012-12-19","2012-12-19","USD","0"
"Food:Groceries","2012-12-20","2012-12-20","2012-12-20","USD","0"
"Food:Groceries","2012-12-21","2012-12-21","2012-12-21","USD","0"
"Food:Groceries","2012-12-22","2012-12-22","2012-12-22","USD","0"
"Food:Groceries","2012-12-23","2012-12-23","2012-12-23","USD","0"
"Food:Groceries","2012-12-24","2012-12-24","2012-12-24","USD","0"
"Food:Groceries","2012-12-25","2012-12-25","2012-12-25","USD","0"
"Food:Groceries","2012-12-26","2012-12-26","2012-12-26","USD","0"
"Food:Groceries","2012-12-27","2012-12-27","2012-12-27","USD","73.02"
"Food:Groceries","2012-12-28","2012-12-28","2012-12-28","USD","0"
"Food:Groceries","2012-12-29","2012-12-29","2012-12-29","USD","0"
"Food:Groceries","2012-12-30","2012-12-30","2012-12-30","USD","0"
"Food:Groceries","2012-12-31","2012-12-31","2012-12-31","USD","0"
"Food:Groceries","2013-01-01","2013-01-01","2013-01-01","USD","0"
"Food:Groceries","2013-01-02","2013-01-02","2013-01-02","USD","0"
"Food:Groceries","2013-01-03","2013-01-03","2013-01-03","USD","0"
"Food:Groceries","2013-01-04","2013-01-04","2013-01-04","USD","0"
"Food:Groceries","2013-01-05","2013-01-05","2013-01-05","USD","0"
"Food:Groceries","2013-01-06","2013-01-06","2013-01-06","USD","0"
"Food:Groceries","2013-01-07","2013-01-07","2013-01-07","USD","0"
"Food:Groceries","2013-01-08","2013-01-08","2013-01-08","USD","0"
"Food:Groceries","2013-01-09","2013-01-09","2013-01-09","USD","0"
"Food:Groceries","2013-01-10","2013-01-10","2013-01-10","USD","0"
"Food:Groceries","2013-01-11","2013-01-11","2013-01-11","USD","0"
"Food:Groceries","2013-01-12","2013-01-12","2013-01-12","USD","0"
"Food:Groceries","2013-01-13","2013-01-13","2013-01-13","USD","0"
"Food:Groceries","2013-01-14","2013-01-14","2013-01-14","USD","0"
"Food:Groceries","2013-01-15","2013-01-15","2013-01-15","USD","0"
"Food:Groceries","2013-01-16","2013-01-16","2013-01-16","USD","97.47"
"Food:Groceries","2013-01-17","2013-01-17","2013-01-17","USD","0"
"Food:Groceries","2013-01-18","2013-01-18","2013-01-18","USD","0"
"Food:Groceries","2013-01-19","2013-01-19","2013-01-19","USD","0"
"Food:Groceries","2013-01-20","2013-01-20","2013-01-20","USD","0"
"Food:Groceries","2013-01-21","2013-01-21","2013-01-21","USD","0"
"Food:Groceries","2013-01-22","2013-01-22","2013-01-22","USD","0"
"Food:Groceries","2013-01-23","2013-01-23","2013-01-23","USD","0"
"Food:Groceries","2013-01-24","2013-01-24","2013-01-24","USD","0"
"Food:Groceries","2013-01-25","2013-01-25","2013-01-25","USD","0"
"Food:Groceries","2013-01-26","2013-01-26","2013-01-26","USD","0"
"Food:Groceries","2013-01-27","2013-01-27","2013-01-27","USD","0"
"Food:Groceries","2013-01-28","2013-01-28","2013-01-28","USD","0"
"Food:Groceries","2013-01-29","2013-01-29","2013-01-29","USD","0"
"Food:Groceries","2013-01-30","2013-01-30","2013-01-30","USD","0"
"Food:Groceries","2013-01-31","2013-01-31","2013-01-31","USD","0"
"Food:Groceries","2013-02-01","2013-02-01","2013-02-01","USD","0"
"Food:Groceries","2013-02-02","2013-02-02","2013-02-02","USD","69.51"
"Food:Groceries","2013-02-03","2013-02-03","2013-02-03","USD","0"
"Food:Groceries","2013-02-04","2013-02-04","2013-02-04","USD","0"
"Food:Groceries","2013-02-05","2013-02-05","2013-02-05","USD","0"
"Food:Groceries","2013-02-06","2013-02-06","2013-02-06","USD","0"
"Food:Groceries","2013-02-07","2013-02-07","2013-02-07","USD","0"
"Food:Groceries","2013-02-08","2013-02-08","2013-02-08","USD","0"
"Food:Groceries","2013-02-09","2013-02-09","2013-02-09","USD","0"
"Food:Groceries","2013-02-10","2013-02-10","2013-02-10","USD","0"
"Food:Groceries","2013-02-11","2013-02-11","2013-02-11","USD","0"
"Food:Groceries","2013-02-12","2013-02-12","2013-02-12","USD","0"
"Food:Groceries","2013-02-13","2013-02-13","2013-02-13","USD","0"
"Food:Groceries","2013-02-14","2013-02-14","2013-02-14","USD","114.09"
"Food:Groceries","2013-02-15","2013-02-15","2013-02-15","USD","0"
"Food:Groceries","2013-02-16","2013-02-16","2013-02-16","USD","0"
"Food:Groceries","2013-02-17","2013-02-17","2013-02-17","USD","0"
"Food:Groceries","2013-02-18","2013-02-18","2013-02-18","USD","0"
"Food:Groceries","2013-02-19","2013-02-19","2013-02-19","USD","0"
"Food:Groceries","2013-02-20","2013-02-20","2013-02-20","USD","0"
"Food:Groceries","2013-02-21","2013-02-21","2013-02-21","USD","0"
"Food:Groceries","2013-02-22","2013-02-22","2013-02-22","USD","0"
"Food:Groceries","2013-02-23","2013-02-23","2013-02-23","USD","0"
"Food:Groceries","2013-02-24","2013-02-24","2013-02-24","USD","0"
"Food:Groceries","2013-02-25","2013-02-25","2013-02-25","USD","0"
"Food:Groceries","2013-02-26","2013-02-26","2013-02-26","USD","0"
"Food:Groceries","2013-02-27","2013-02-27","2013-02-27","USD","0"
"Food:Groceries","2013-02-28","2013-02-28","2013-02-28","USD","0"
"Food:Groceries","2013-03-01","2013-03-01","2013-03-01","USD","0"
"Food:Groceries","2013-03-02","2013-03-02","2013-03-02","USD","0"
"Food:Groceries","2013-03-03","2013-03-03","2013-03-03","USD","107.33"
"Food:Groceries","2013-03-04","2013-03-04","2013-03-04","USD","0"
"Food:Groceries","2013-03-05","2013-03-05","2013-03-05","USD","0"
"Food:Groceries","2013-03-06","2013-03-06","2013-03-06","USD","0"
"Food:Groceries","2013-03-07","2013-03-07","2013-03-07","USD","0"
"Food:Groceries","2013-03-08","2013-03-08","2013-03-08","USD","0"
"Food:Groceries","2013-03-09","2013-03-09","2013-03-09","USD","0"
"Food:Groceries","2013-03-10","2013-03-10","2013-03-10","USD","0"
"Food:Groceries","2013-03-11","2013-03-11","2013-03-11","USD","0"
"Food:Groceries","2013-03-12","2013-03-12","2013-03-12","USD","0"
"Food:Groceries","2013-03-13","2013-03-13","2013-03-13","USD","0"
"Food:Groceries","2013-03-14","2013-03-14","2013-03-14","USD","0"
"Food:Groceries","2013-03-15","2013-03-15","2013-03-15","USD","0"
"Food:Groceries","2013-03-16","2013-03-16","2013-03-16","USD","0"
"Food:Groceries","2013-03-17","2013-03-17","2013-03-17","USD","0"
"Food:Groceries","2013-03-18","2013-03-18","2013-03-18","USD","0"
"Food:Groceries","2013-03-19","2013-03-19","2013-03-19","USD","54.63"
"Food:Groceries","2013-03-20","2013-03-20","2013-03-20","USD","0"
"Food:Groceries","2013-03-21","2013-03-21","2013-03-21","USD","0"
"Food:Groceries","2013-03-22","2013-03-22","2013-03-22","USD","0"
"Food:Groceries","2013-03-23","2013-03-23","2013-03-23","USD","0"
"Food:Groceries","2013-03-24","2013-03-24","2013-03-24","USD","0"
"Food:Groceries","2013-03-25","2013-03-25","2013-03-25","USD","0"
"Food:Groceries","2013-03-26","2013-03-26","2013-03-26","USD","83.21"
"Food:Groceries","2013-03-27","2013-03-27","2013-03-27","USD","0"
"Food:Groceries","2013-03-28","2013-03-28","2013-03-28","USD","0"
"Food:Groceries","2013-03-29","2013-03-29","2013-03-29","USD","0"
"Food:Groceries","2013-03-30","2013-03-30","2013-03-30","USD","0"
"Food:Groceries","2013-03-31","2013-03-31","2013-03-31","USD","0"
"Food:Groceries","2013-04-01","2013-04-01","2013-04-01","USD","0"
"Food:Groceries","2013-04-02","2013-04-02","2013-04-02","USD","0"
"Food:Groceries","2013-04-03","2013-04-03","2013-04-03","USD","92.12"
"Food:Groceries","2013-04-04","2013-04-04","2013-04-04","USD","0"
"Food:Groceries","2013-04-05","2013-04-05","2013-04-05","USD","0"
"Food:Groceries","2013-04-06","2013-04-06","2013-04-06","USD","0"
"Food:Groceries","2013-04-07","2013-04-07","2013-04-07","USD","0"
"Food:Groceries","2013-04-08","2013-04-08","2013-04-08","USD","0"
"Food:Groceries","2013-04-09","2013-04-09","2013-04-09","USD","0"
"Food:Groceries","2013-04-10","2013-04-10","2013-04-10","USD","0"
"Food:Groceries","2013-04-11","2013-04-11","2013-04-11","USD","0"
"Food:Groceries","2013-04-12","2013-04-12","2013-04-12","USD","0"
"Food:Groceries","2013-04-13","2013-04-13","2013-04-13","USD","0"
"Food:Groceries","2013-04-14","2013-04-14","2013-04-14","USD","0"
"Food:Groceries","2013-04-15","2013-04-15","2013-04-15","USD","0"
"Food:Groceries","2013-04-16","2013-04-16","2013-04-16","USD","0"
"Food:Groceries","2013-04-17","2013-04-17","2013-04-17","USD","0"
"Food:Groceries","2013-04-18","2013-04-18","2013-04-18","USD","0"
"Food:Groceries","2013-04-19","2013-04-19","2013-04-19","USD","0"
"Food:Groceries","2013-04-20","2013-04-20","2013-04-20","USD","0"
"Food:Groceries","2013-04-21","2013-04-21","2013-04-21","USD","55.88"
"Food:Groceries","2013-04-22","2013-04-22","2013-04-22","USD","0"
"Food:Groceries","2013-04-23","2013-04-23","2013-04-23","USD","0"
"Food:Groceries","2013-04-24","2013-04-24","2013-04-24","USD","0"
"Food:Groceries","2013-04-25","2013-04-25","2013-04-25","USD","0"
"Food:Groceries","2013-04-26","2013-04-26","2013-04-26","USD","0"
"Food:Groceries","2013-04-27","2013-04-27","2013-04-27","USD","0"
"Food:Groceries","2013-04-28","2013-04-28","2013-04-28","USD","0"
"Food:Groceries","2013-04-29","2013-04-29","2013-04-29","USD","61.71"
"Food:Groceries","2013-04-30","2013-04-30","2013-04-30","USD","0"
"Food:Groceries","2013-05-01","2013-05-01","2013-05-01","USD","0"
"Food:Groceries","2013-05-02","2013-05-02","2013-05-02","USD","0"
"Food:Groceries","2013-05-03","2013-05-03","2013-05-03","USD","0"
"Food:Groceries","2013-05-04","2013-05-04","2013-05-04","USD","0"
"Food:Groceries","2013-05-05","2013-05-05","2013-05-05","USD","0"
"Food:Groceries","2013-05-06","2013-05-06","2013-05-06","USD","100.89"
"Food:Groceries","2013-05-07","2013-05-07","2013-05-07","USD","0"
"Food:Groceries","2013-05-08","2013-05-08","2013-05-08","USD","0"
"Food:Groceries","2013-05-09","2013-05-09","2013-05-09","USD","0"
"Food:Groceries","2013-05-10","2013-05-10","2013-05-10","USD","0"
"Food:Groceries","2013-05-11","2013-05-11","2013-05-11","USD","0"
"Food:Groceries","2013-05-12","2013-05-12","2013-05-12","USD","0"
"Food:Groceries","2013-05-13","2013-05-13","2013-05-13","USD","0"
"Food:Groceries","2013-05-14","2013-05-14","2013-05-14","USD","0"
"Food:Groceries","2013-05-15","2013-05-15","2013-05-15","USD","0"
"Food:Groceries","2013-05-16","2013-05-16","2013-05-16","USD","0"
"Food:Groceries","2013-05-17","2013-05-17","2013-05-17","USD","0"
"Food:Groceries","2013-05-18","2013-05-18","2013-05-18","USD","0"
"Food:Groceries","2013-05-19","2013-05-19","2013-05-19","USD","0"
"Food:Groceries","2013-05-20","2013-05-20","2013-05-20","USD","0"
"Food:Groceries","2013-05-21","2013-05-21","2013-05-21","USD","0"
"Food:Groceries","2013-05-22","2013-05-22","2013-05-22","USD","81.54"
"Food:Groceries","2013-05-23","2013-05-23","2013-05-23","USD","0"
"Food:Groceries","2013-05-24","2013-05-24","2013-05-24","USD","0"
"Food:Groceries","2013-05-25","2013-05-25","2013-05-25","USD","0"
"Food:Groceries","2013-05-26","2013-05-26","2013-05-26","USD","0"
"Food:Groceries","2013-05-27","2013-05-27","2013-05-27","USD","0"
"Food:Groceries","2013-05-28","2013-05-28","2013-05-28","USD","0"
"Food:Groceries","2013-05-29","2013-05-29","2013-05-29","USD","0"
"Food:Groceries","2013-05-30","2013-05-30","2013-05-30","USD","0"
"Food:Groceries","2013-05-31","2013-05-31","2013-05-31","USD","0"
"Food:Groceries","2013-06-01","2013-06-01","2013-06-01","USD","0"
"Food:Groceries","2013-06-02","2013-06-02","2013-06-02","USD","0"
"Food:Groceries","2013-06-03","2013-06-03","2013-06-03","USD","0"
"Food:Groceries","2013-06-04","2013-06-04","2013-06-04","USD","0"
"Food:Groceries","2013-06-05","2013-06-05","2013-06-05","USD","54.79"
"Food:Groceries","2013-06-06","2013-06-06","2013-06-06","USD","0"
"Food:Groceries","2013-06-07","2013-06-07","2013-06-07","USD","0"
"Food:Groceries","2013-06-08","2013-06-08","2013-06-08","USD","0"
"Food:Groceries","2013-06-09","2013-06-09","2013-06-09","USD","0"
"Food:Groceries","2013-06-10","2013-06-10","2013-06-10","USD","0"
"Food:Groceries","2013-06-11","2013-06-11","2013-06-11","USD","0"
"Food:Groceries","2013-06-12","2013-06-12","2013-06-12","USD","0"
"Food:Groceries","2013-06-13","2013-06-13","2013-06-13","USD","0"
"Food:Groceries","2013-06-14","2013-06-14","2013-06-14","USD","0"
"Food:Groceries","2013-06-15","2013-06-15","2013-06-15","USD","0"
"Food:Groceries","2013-06-16","2013-06-16","2013-06-16","USD","0"
"Food:Groceries","2013-06-17","2013-06-17","2013-06-17","USD","0"
"Food:Groceries","2013-06-18","2013-06-18","2013-06-18","USD","0"
"Food:Groceries","2013-06-19","2013-06-19","2013-06-19","USD","0"
"Food:Groceries","2013-06-20","2013-06-20","2013-06-20","USD","0"
"Food:Groceries","2013-06-21","2013-06-21","2013-06-21","USD","80.20"
"Food:Groceries","2013-06-22","2013-06-22","2013-06-22","USD","0"
"Food:Groceries","2013-06-23","2013-06-23","2013-06-23","USD","0"
"Food:Groceries","2013-06-24","2013-06-24","2013-06-24","USD","0"
"Food:Groceries","2013-06-25","2013-06-25","2013-06-25","USD","0"
"Food:Groceries","2013-06-26","2013-06-26","2013-06-26","USD","0"
"Food:Groceries","2013-06-27","2013-06-27","2013-06-27","USD","0"
"Food:Groceries","2013-06-28","2013-06-28","2013-06-28","USD","0"
"Food:Groceries","2013-06-29","2013-06-29","2013-06-29","USD","0"
"Food:Groceries","2013-06-30","2013-06-30","2013-06-30","USD","0"
"Food:Groceries","2013-07-01","2013-07-01","2013-07-01","USD","0"
"Food:Groceries","2013-07-02","2013-07-02","2013-07-02","USD","0"
"Food:Groceries","2013-07-03","2013-07-03","2013-07-03","USD","0"
"Food:Groceries","2013-07-04","2013-07-04","2013-07-04","USD","113.81"
"Food:Groceries","2013-07-05","2013-07-05","2013-07-05","USD","0"
"Food:Groceries","2013-07-06","2013-07-06","2013-07-06","USD","0"
"Food:Groceries","2013-07-07","2013-07-07","2013-07-07","USD","0"
"Food:Groceries","2013-07-08","2013-07-08","2013-07-08","USD","0"
"Food:Groceries","2013-07-09","2013-07-09","2013-07-09","USD","0"
"Food:Groceries","2013-07-10","2013-07-10","2013-07-10","USD","0"
"Food:Groceries","2013-07-11","2013-07-11","2013-07-11","USD","0"
"Food:Groceries","2013-07-12","2013-07-12","2013-07-12","USD","0"
"Food:Groceries","2013-07-13","2013-07-13","2013-07-13","USD","0"
"Food:Groceries","2013-07-14","2013-07-14","2013-07-14","USD","0"
"Food:Groceries","2013-07-15","2013-07-15","2013-07-15","USD","0"
"Food:Groceries","2013-07-16","2013-07-16","2013-07-16","USD","0"
"Food:Groceries","2013-07-17","2013-07-17","2013-07-17","USD","0"
"Food:Groceries","2013-07-18","2013-07-18","2013-07-18","USD","0"
"Food:Groceries","2013-07-19","2013-07-19","2013-07-19","USD","0"
"Food:Groceries","2013-07-20","2013-07-20","2013-07-20","USD","0"
"Food:Groceries","2013-07-21","2013-07-21","2013-07-21","USD","0"
"Food:Groceries","2013-07-22","2013-07-22","2013-07-22","USD","0"
"Food:Groceries","2013-07-23","2013-07-23","2013-07-23","USD","0"
"Food:Groceries","2013-07-24","2013-07-24","2013-07-24","USD","0"
"Food:Groceries","2013-07-25","2013-07-25","2013-07-25","USD","0"
"Food:Groceries","2013-07-26","2013-07-26","2013-07-26","USD","0"
"Food:Groceries","2013-07-27","2013-07-27","2013-07-27","USD","97.95"
"Food:Groceries","2013-07-28","2013-07-28","2013-07-28","USD","0"
"Food:Groceries","2013-07-29","2013-07-29","2013-07-29","USD","0"
"Food:Groceries","2013-07-30","2013-07-30","2013-07-30","USD","0"
"Food:Groceries","2013-07-31","2013-07-31","2013-07-31","USD","0"
"Food:Groceries","2013-08-01","2013-08-01","2013-08-01","USD","0"
"Food:Groceries","2013-08-02","2013-08-02","2013-08-02","USD","0"
"Food:Groceries","2013-08-03","2013-08-03","2013-08-03","USD","0"
"Food:Groceries","2013-08-04","2013-08-04","2013-08-04","USD","0"
"Food:Groceries","2013-08-05","2013-08-05","2013-08-05","USD","0"
"Food:Groceries","2013-08-06","2013-08-06","2013-08-06","USD","0"
"Food:Groceries","2013-08-07","2013-08-07","2013-08-07","USD","0"
"Food:Groceries","2013-08-08","2013-08-08","2013-08-08","USD","0"
"Food:Groceries","2013-08-09","2013-08-09","2013-08-09","USD","0"
"Food:Groceries","2013-08-10","2013-08-10","2013-08-10","USD","0"
"Food:Groceries","2013-08-11","2013-08-11","2013-08-11","USD","55.39"
"Food:Groceries","2013-08-12","2013-08-12","2013-08-12","USD","0"
"Food:Groceries","2013-08-13","2013-08-13","2013-08-13","USD","0"
"Food:Groceries","2013-08-14","2013-08-14","2013-08-14","USD","0"
"Food:Groceries","2013-08-15","2013-08-15","2013-08-15","USD","0"
"Food:Groceries","2013-08-16","2013-08-16","2013-08-16","USD","0"
"Food:Groceries","2013-08-17","2013-08-17","2013-08-17","USD","0"
"Food:Groceries","2013-08-18","2013-08-18","2013-08-18","USD","0"
"Food:Groceries","2013-08-19","2013-08-19","2013-08-19","USD","0"
"Food:Groceries","2013-08-20","2013-08-20","2013-08-20","USD","87.33"
"Food:Groceries","2013-08-21","2013-08-21","2013-08-21","USD","0"
"Food:Groceries","2013-08-22","2013-08-22","2013-08-22","USD","0"
"Food:Groceries","2013-08-23","2013-08-23","2013-08-23","USD","0"
"Food:Groceries","2013-08-24","2013-08-24","2013-08-24","USD","0"
"Food:Groceries","2013-08-25","2013-08-25","2013-08-25","USD","0"
"Food:Groceries","2013-08-26","2013-08-26","2013-08-26","USD","0"
"Food:Groceries","2013-08-27","2013-08-27","2013-08-27","USD","0"
"Food:Groceries","2013-08-28","2013-08-28","2013-08-28","USD","0"
"Food:Groceries","2013-08-29","2013-08-29","2013-08-29","USD","0"
"Food:Groceries","2013-08-30","2013-08-30","2013-08-30","USD","0"
"Food:Groceries","2013-08-31","2013-08-31","2013-08-31","USD","0"
"Food:Groceries","2013-09-01","2013-09-01","2013-09-01","USD","71.63"
"Food:Groceries","2013-09-02","2013-09-02","2013-09-02","USD","0"
"Food:Groceries","2013-09-03","2013-09-03","2013-09-03","USD","0"
"Food:Groceries","2013-09-04","2013-09-04","2013-09-04","USD","0"
"Food:Groceries","2013-09-05","2013-09-05","2013-09-05","USD","0"
"Food:Groceries","2013-09-06","2013-09-06","2013-09-06","USD","0"
"Food:Groceries","2013-09-07","2013-09-07","2013-09-07","USD","0"
"Food:Groceries","2013-09-08","2013-09-08","2013-09-08","USD","0"
"Food:Groceries","2013-09-09","2013-09-09","2013-09-09","USD","0"
"Food:Groceries","2013-09-10","2013-09-10","2013-09-10","USD","0"
"Food:Groceries","2013-09-11","2013-09-11","2013-09-11","USD","0"
"Food:Groceries","2013-09-12","2013-09-12","2013-09-12","USD","0"
"Food:Groceries","2013-09-13","2013-09-13","2013-09-13","USD","0"
"Food:Groceries","2013-09-14","2013-09-14","2013-09-14","USD","0"
"Food:Groceries","2013-09-15","2013-09-15","2013-09-15","USD","0"
"Food:Groceries","2013-09-16","2013-09-16","2013-09-16","USD","0"
"Food:Groceries","2013-09-17","2013-09-17","2013-09-17","USD","0"
"Food:Groceries","2013-09-18","2013-09-18","2013-09-18","USD","82.16"
"Food:Groceries","2013-09-19","2013-09-19","2013-09-19","USD","0"
"Food:Groceries","2013-09-20","2013-09-20","2013-09-20","USD","0"
"Food:Groceries","2013-09-21","2013-09-21","2013-09-21","USD","0"
"Food:Groceries","2013-09-22","2013-09-22","2013-09-22","USD","0"
"Food:Groceries","2013-09-23","2013-09-23","2013-09-23","USD","0"
"Food:Groceries","2013-09-24","2013-09-24","2013-09-24","USD","0"
"Food:Groceries","2013-09-25","2013-09-25","2013-09-25","USD","0"
"Food:Groceries","2013-09-26","2013-09-26","2013-09-26","USD","0"
"Food:Groceries","2013-09-27","2013-09-27","2013-09-27","USD","0"
"Food:Groceries","2013-09-28","2013-09-28","2013-09-28","USD","0"
"Food:Groceries","2013-09-29","2013-09-29","2013-09-29","USD","0"
"Food:Groceries","2013-09-30","2013-09-30","2013-09-30","USD","0"
"Food:Groceries","2013-10-01","2013-10-01","2013-10-01","USD","0"
"Food:Groceries","2013-10-02","2013-10-02","2013-10-02","USD","0"
"Food:Groceries","2013-10-03","2013-10-03","2013-10-03","USD","0"
"Food:Groceries","2013-10-04","2013-10-04","2013-10-04","USD","0"
"Food:Groceries","2013-10-05","2013-10-05","2013-10-05","USD","86.26"
"Food:Groceries","2013-10-06","2013-10-06","2013-10-06","USD","0"
"Food:Groceries","2013-10-07","2013-10-07","2013-10-07","USD","0"
"Food:Groceries","2013-10-08","2013-10-08","2013-10-08","USD","0"
"Food:Groceries","2013-10-09","2013-10-09","2013-10-09","USD","0"
"Food:Groceries","2013-10-10","2013-10-10","2013-10-10","USD","0"
"Food:Groceries","2013-10-11","2013-10-11","2013-10-11","USD","92.97"
"Food:Groceries","2013-10-12","2013-10-12","2013-10-12","USD","0"
"Food:Groceries","2013-10-13","2013-10-13","2013-10-13","USD","0"
"Food:Groceries","2013-10-14","2013-10-14","2013-10-14","USD","0"
"Food:Groceries","2013-10-15","2013-10-15","2013-10-15","USD","0"
"Food:Groceries","2013-10-16","2013-10-16","2013-10-16","USD","0"
"Food:Groceries","2013-10-17","2013-10-17","2013-10-17","USD","0"
"Food:Groceries","2013-10-18","2013-10-18","2013-10-18","USD","0"
"Food:Groceries","2013-10-19","2013-10-19","2013-10-19","USD","0"
"Food:Groceries","2013-10-20","2013-10-20","2013-10-20","USD","0"
"Food:Groceries","2013-10-21","2013-10-21","2013-10-21","USD","0"
"Food:Groceries","2013-10-22","2013-10-22","2013-10-22","USD","0"
"Food:Groceries","2013-10-23","2013-10-23","2013-10-23","USD","0"
"Food:Groceries","2013-10-24","2013-10-24","2013-10-24","USD","0"
"Food:Groceries","2013-10-25","2013-10-25","2013-10-25","USD","0"
"Food:Groceries","2013-10-26","2013-10-26","2013-10-26","USD","0"
"Food:Groceries","2013-10-27","2013-10-27","2013-10-27","USD","0"
"Food:Groceries","2013-10-28","2013-10-28","2013-10-28","USD","0"
"Food:Groceries","2013-10-29","2013-10-29","2013-10-29","USD","90.72"
"Food:Groceries","2013-10-30","2013-10-30","2013-10-30","USD","0"
"Food:Groceries","2013-10-31","2013-10-31","2013-10-31","USD","0"
"Food:Groceries","2013-11-01","2013-11-01","2013-11-01","USD","0"
"Food:Groceries","2013-11-02","2013-11-02","2013-11-02","USD","0"
"Food:Groceries","2013-11-03","2013-11-03","2013-11-03","USD","0"
"Food:Groceries","2013-11-04","2013-11-04","2013-11-04","USD","0"
"Food:Groceries","2013-11-05","2013-11-05","2013-11-05","USD","0"
"Food:Groceries","2013-11-06","2013-11-06","2013-11-06","USD","0"
"Food:Groceries","2013-11-07","2013-11-07","2013-11-07","USD","0"
"Food:Groceries","2013-11-08","2013-11-08","2013-11-08","USD","79.28"
"Food:Groceries","2013-11-09","2013-11-09","2013-11-09","USD","0"
"Food:Groceries","2013-11-10","2013-11-10","2013-11-10","USD","0"
"Food:Groceries","2013-11-11","2013-11-11","2013-11-11","USD","0"
"Food:Groceries","2013-11-12","2013-11-12","2013-11-12","USD","0"
"Food:Groceries","2013-11-13","2013-11-13","2013-11-13","USD","0"
"Food:Groceries","2013-11-14","2013-11-14","2013-11-14","USD","0"
"Food:Groceries","2013-11-15","2013-11-15","2013-11-15","USD","0"
"Food:Groceries","2013-11-16","2013-11-16","2013-11-16","USD","0"
"Food:Groceries","2013-11-17","2013-11-17","2013-11-17","USD","0"
"Food:Groceries","2013-11-18","2013-11-18","2013-11-18","USD","0"
"Food:Groceries","2013-11-19","2013-11-19","2013-11-19","USD","0"
"Food:Groceries","2013-11-20","2013-11-20","2013-11-20","USD","0"
"Food:Groceries","2013-11-21","2013-11-21","2013-11-21","USD","0"
"Food:Groceries","2013-11-22","2013-11-22","2013-11-22","USD","0"
"Food:Groceries","2013-11-23","2013-11-23","2013-11-23","USD","0"
"Food:Groceries","2013-11-24","2013-11-24","2013-11-24","USD","0"
"Food:Groceries","2013-11-25","2013-11-25","2013-11-25","USD","0"
"Food:Groceries","2013-11-26","2013-11-26","2013-11-26","USD","58.34"
"Food:Groceries","2013-11-27","2013-11-27","2013-11-27","USD","0"
"Food:Groceries","2013-11-28","2013-11-28","2013-11-28","USD","0"
"Food:Groceries","2013-11-29","2013-11-29","2013-11-29","USD","0"
"Food:Groceries","2013-11-30","2013-11-30","2013-11-30","USD","0"
"Food:Groceries","2013-12-01","2013-12-01","2013-12-01","USD","39.85"
"Food:Groceries","2013-12-02","2013-12-02","2013-12-02","USD","0"
"Food:Groceries","2013-12-03","2013-12-03","2013-12-03","USD","0"
"Food:Groceries","2013-12-04","2013-12-04","2013-12-04","USD","0"
"Food:Groceries","2013-12-05","2013-12-05","2013-12-05","USD","0"
"Food:Groceries","2013-12-06","2013-12-06","2013-12-06","USD","0"
"Food:Groceries","2013-12-07","2013-12-07","2013-12-07","USD","103.81"
"Food:Groceries","2013-12-08","2013-12-08","2013-12-08","USD","0"
"Food:Groceries","2013-12-09","2013-12-09","2013-12-09","USD","0"
"Food:Groceries","2013-12-10","2013-12-10","2013-12-10","USD","0"
"Food:Groceries","2013-12-11","2013-12-11","2013-12-11","USD","0"
"Food:Groceries","2013-12-12","2013-12-12","2013-12-12","USD","0"
"Food:Groceries","2013-12-13","2013-12-13","2013-12-13","USD","0"
"Food:Groceries","2013-12-14","2013-12-14","2013-12-14","USD","0"
"Food:Groceries","2013-12-15","2013-12-15","2013-12-15","USD","0"
"Food:Groceries","2013-12-16","2013-12-16","2013-12-16","USD","0"
"Food:Groceries","2013-12-17","2013-12-17","2013-12-17","USD","0"
"Food:Groceries","2013-12-18","2013-12-18","2013-12-18","USD","0"
"Food:Groceries","2013-12-19","2013-12-19","2013-12-19","USD","0"
"Food:Groceries","2013-12-20","2013-12-20","2013-12-20","USD","0"
"Food:Groceries","2013-12-21","2013-12-21","2013-12-21","USD","0"
"Food:Groceries","2013-12-22","2013-12-22","2013-12-22","USD","0"
"Food:Groceries","2013-12-23","2013-12-23","2013-12-23","USD","0"
"Food:Groceries","2013-12-24","2013-12-24","2013-12-24","USD","0"
"Food:Groceries","2013-12-25","2013-12-25","2013-12-25","USD","0"
"Food:Groceries","2013-12-26","2013-12-26","2013-12-26","USD","110.10"
"Food:Groceries","2013-12-27","2013-12-27","2013-12-27","USD","0"
"Food:Groceries","2013-12-28","2013-12-28","2013-12-28","USD","0"
"Food:Groceries","2013-12-29","2013-12-29","2013-12-29","USD","0"
"Food:Groceries","2013-12-30","2013-12-30","2013-12-30","USD","0"
"Food:Groceries","2013-12-31","2013-12-31","2013-12-31","USD","0"
"Food:Groceries","2014-01-01","2014-01-01","2014-01-01","USD","0"
"Food:Groceries","2014-01-02","2014-01-02","2014-01-02","USD","0"
"Food:Groceries","2014-01-03","2014-01-03","2014-01-03","USD","0"
"Food:Groceries","2014-01-04","2014-01-04","2014-01-04","USD","0"
"Food:Groceries","2014-01-05","2014-01-05","2014-01-05","USD","0"
"Food:Groceries","2014-01-06","2014-01-06","2014-01-06","USD","0"
"Food:Groceries","2014-01-07","2014-01-07","2014-01-07","USD","0"
"Food:Groceries","2014-01-08","2014-01-08","2014-01-08","USD","0"
"Food:Groceries","2014-01-09","2014-01-09","2014-01-09","USD","0"
"Food:Groceries","2014-01-10","2014-01-10","2014-01-10","USD","0"
"Food:Groceries","2014-01-11","2014-01-11","2014-01-11","USD","0"
"Food:Groceries","2014-01-12","2014-01-12","2014-01-12","USD","0"
"Food:Groceries","2014-01-13","2014-01-13","2014-01-13","USD","71.10"
"Food:Groceries","2014-01-14","2014-01-14","2014-01-14","USD","0"
"Food:Groceries","2014-01-15","2014-01-15","2014-01-15","USD","0"
"Food:Groceries","2014-01-16","2014-01-16","2014-01-16","USD","0"
"Food:Groceries","2014-01-17","2014-01-17","2014-01-17","USD","0"
"Food:Groceries","2014-01-18","2014-01-18","2014-01-18","USD","88.59"
"Food:Groceries","2014-01-19","2014-01-19","2014-01-19","USD","0"
"Food:Groceries","2014-01-20","2014-01-20","2014-01-20","USD","0"
"Food:Groceries","2014-01-21","2014-01-21","2014-01-21","USD","0"
"Food:Groceries","2014-01-22","2014-01-22","2014-01-22","USD","0"
"Food:Groceries","2014-01-23","2014-01-23","2014-01-23","USD","0"
"Food:Groceries","2014-01-24","2014-01-24","2014-01-24","USD","0"
"Food:Groceries","2014-01-25","2014-01-25","2014-01-25","USD","0"
"Food:Groceries","2014-01-26","2014-01-26","2014-01-26","USD","0"
"Food:Groceries","2014-01-27","2014-01-27","2014-01-27","USD","0"
"Food:Groceries","2014-01-28","2014-01-28","2014-01-28","USD","60.90"
"Food:Groceries","2014-01-29","2014-01-29","2014-01-29","USD","0"
"Food:Groceries","2014-01-30","2014-01-30","2014-01-30","USD","0"
"Food:Groceries","2014-01-31","2014-01-31","2014-01-31","USD","0"
"Food:Groceries","2014-02-01","2014-02-01","2014-02-01","USD","0"
"Food:Groceries","2014-02-02","2014-02-02","2014-02-02","USD","0"
"Food:Groceries","2014-02-03","2014-02-03","2014-02-03","USD","0"
"Food:Groceries","2014-02-04","2014-02-04","2014-02-04","USD","0"
"Food:Groceries","2014-02-05","2014-02-05","2014-02-05","USD","0"
"Food:Groceries","2014-02-06","2014-02-06","2014-02-06","USD","0"
"Food:Groceries","2014-02-07","2014-02-07","2014-02-07","USD","0"
"Food:Groceries","2014-02-08","2014-02-08","2014-02-08","USD","0"
"Food:Groceries","2014-02-09","2014-02-09","2014-02-09","USD","0"
"Food:Groceries","2014-02-10","2014-02-10","2014-02-10","USD","64.62"
"Food:Groceries","2014-02-11","2014-02-11","2014-02-11","USD","0"
"Food:Groceries","2014-02-12","2014-02-12","2014-02-12","USD","0"
"Food:Groceries","2014-02-13","2014-02-13","2014-02-13","USD","0"
"Food:Groceries","2014-02-14","2014-02-14","2014-02-14","USD","0"
"Food:Groceries","2014-02-15","2014-02-15","2014-02-15","USD","0"
"Food:Groceries","2014-02-16","2014-02-16","2014-02-16","USD","0"
"Food:Groceries","2014-02-17","2014-02-17","2014-02-17","USD","0"
"Food:Groceries","2014-02-18","2014-02-18","2014-02-18","USD","0"
"Food:Groceries","2014-02-19","2014-02-19","2014-02-19","USD","0"
"Food:Groceries","2014-02-20","2014-02-20","2014-02-20","USD","0"
"Food:Groceries","2014-02-21","2014-02-21","2014-02-21","USD","0"
"Food:Groceries","2014-02-22","2014-02-22","2014-02-22","USD","0"
"Food:Groceries","2014-02-23","2014-02-23","2014-02-23","USD","82.22"
"Food:Groceries","2014-02-24","2014-02-24","2014-02-24","USD","0"
"Food:Groceries","2014-02-25","2014-02-25","2014-02-25","USD","0"
"Food:Groceries","2014-02-26","2014-02-26","2014-02-26","USD","0"
"Food:Groceries","2014-02-27","2014-02-27","2014-02-27","USD","0"
"Food:Groceries","2014-02-28","2014-02-28","2014-02-28","USD","0"
"Food:Groceries","2014-03-01","2014-03-01","2014-03-01","USD","0"
"Food:Groceries","2014-03-02","2014-03-02","2014-03-02","USD","0"
"Food:Groceries","2014-03-03","2014-03-03","2014-03-03","USD","0"
"Food:Groceries","2014-03-04","2014-03-04","2014-03-04","USD","0"
"Food:Groceries","2014-03-05","2014-03-05","2014-03-05","USD","0"
"Food:Groceries","2014-03-06","2014-03-06","2014-03-06","USD","0"
"Food:Groceries","2014-03-07","2014-03-07","2014-03-07","USD","0"
"Food:Groceries","2014-03-08","2014-03-08","2014-03-08","USD","0"
"Food:Groceries","2014-03-09","2014-03-09","2014-03-09","USD","0"
"Food:Groceries","2014-03-10","2014-03-10","2014-03-10","USD","0"
"Food:Groceries","2014-03-11","2014-03-11","2014-03-11","USD","0"
"Food:Groceries","2014-03-12","2014-03-12","2014-03-12","USD","0"
"Food:Groceries","2014-03-13","2014-03-13","2014-03-13","USD","0"
"Food:Groceries","2014-03-14","2014-03-14","2014-03-14","USD","0"
"Food:Groceries","2014-03-15","2014-03-15","2014-03-15","USD","78.29"
"Food:Groceries","2014-03-16","2014-03-16","2014-03-16","USD","0"
"Food:Groceries","2014-03-17","2014-03-17","2014-03-17","USD","0"
"Food:Groceries","2014-03-18","2014-03-18","2014-03-18","USD","0"
"Food:Groceries","2014-03-19","2014-03-19","2014-03-19","USD","0"
"Food:Groceries","2014-03-20","2014-03-20","2014-03-20","USD","0"
"Food:Groceries","2014-03-21","2014-03-21","2014-03-21","USD","0"
"Food:Groceries","2014-03-22","2014-03-22","2014-03-22","USD","0"
"Food:Groceries","2014-03-23","2014-03-23","2014-03-23","USD","0"
"Food:Groceries","2014-03-24","2014-03-24","2014-03-24","USD","0"
"Food:Groceries","2014-03-25","2014-03-25","2014-03-25","USD","0"
"Food:Groceries","2014-03-26","2014-03-26","2014-03-26","USD","0"
"Food:Groceries","2014-03-27","2014-03-27","2014-03-27","USD","0"
"Food:Groceries","2014-03-28","2014-03-28","2014-03-28","USD","93.86"
"Food:Groceries","2014-03-29","2014-03-29","2014-03-29","USD","0"
"Food:Groceries","2014-03-30","2014-03-30","2014-03-30","USD","0"
"Food:Groceries","2014-03-31","2014-03-31","2014-03-31","USD","0"
"Food:Groceries","2014-04-01","2014-04-01","2014-04-01","USD","0"
"Food:Groceries","2014-04-02","2014-04-02","2014-04-02","USD","0"
"Food:Groceries","2014-04-03","2014-04-03","2014-04-03","USD","0"
"Food:Groceries","2014-04-04","2014-04-04","2014-04-04","USD","0"
"Food:Groceries","2014-04-05","2014-04-05","2014-04-05","USD","0"
"Food:Groceries","2014-04-06","2014-04-06","2014-04-06","USD","0"
"Food:Groceries","2014-04-07","2014-04-07","2014-04-07","USD","0"
"Food:Groceries","2014-04-08","2014-04-08","2014-04-08","USD","0"
"Food:Groceries","2014-04-09","2014-04-09","2014-04-09","USD","0"
"Food:Groceries","2014-04-10","2014-04-10","2014-04-10","USD","0"
"Food:Groceries","2014-04-11","2014-04-11","2014-04-11","USD","0"
"Food:Groceries","2014-04-12","2014-04-12","2014-04-12","USD","0"
"Food:Groceries","2014-04-13","2014-04-13","2014-04-13","USD","0"
"Food:Groceries","2014-04-14","2014-04-14","2014-04-14","USD","0"
"Food:Groceries","2014-04-15","2014-04-15","2014-04-15","USD","0"
"Food:Groceries","2014-04-16","2014-04-16","2014-04-16","USD","0"
"Food:Groceries","2014-04-17","2014-04-17","2014-04-17","USD","119.92"
"Food:Groceries","2014-04-18","2014-04-18","2014-04-18","USD","0"
"Food:Groceries","2014-04-19","2014-04-19","2014-04-19","USD","0"
"Food:Groceries","2014-04-20","2014-04-20","2014-04-20","USD","0"
"Food:Groceries","2014-04-21","2014-04-21","2014-04-21","USD","0"
"Food:Groceries","2014-04-22","2014-04-22","2014-04-22","USD","0"
"Food:Groceries","2014-04-23","2014-04-23","2014-04-23","USD","0"
"Food:Groceries","2014-04-24","2014-04-24","2014-04-24","USD","0"
"Food:Groceries","2014-04-25","2014-04-25","2014-04-25","USD","0"
"Food:Groceries","2014-04-26","2014-04-26","2014-04-26","USD","0"
"Food:Groceries","2014-04-27","2014-04-27","2014-04-27","USD","0"
"Food:Groceries","2014-04-28","2014-04-28","2014-04-28","USD","0"
"Food:Groceries","2014-04-29","2014-04-29","2014-04-29","USD","0"
"Food:Groceries","2014-04-30","2014-04-30","2014-04-30","USD","0"
"Food:Groceries","2014-05-01","2014-05-01","2014-05-01","USD","0"
"Food:Groceries","2014-05-02","2014-05-02","2014-05-02","USD","0"
"Food:Groceries","2014-05-03","2014-05-03","2014-05-03","USD","0"
"Food:Groceries","2014-05-04","2014-05-04","2014-05-04","USD","0"
"Food:Groceries","2014-05-05","2014-05-05","2014-05-05","USD","59.38"
"Food:Groceries","2014-05-06","2014-05-06","2014-05-06","USD","0"
"Food:Groceries","2014-05-07","2014-05-07","2014-05-07","USD","0"
"Food:Groceries","2014-05-08","2014-05-08","2014-05-08","USD","0"
"Food:Groceries","2014-05-09","2014-05-09","2014-05-09","USD","0"
"Food:Groceries","2014-05-10","2014-05-10","2014-05-10","USD","76.70"
"Food:Groceries","2014-05-11","2014-05-11","2014-05-11","USD","0"
"Food:Groceries","2014-05-12","2014-05-12","2014-05-12","USD","0"
"Food:Groceries","2014-05-13","2014-05-13","2014-05-13","USD","0"
"Food:Groceries","2014-05-14","2014-05-14","2014-05-14","USD","0"
"Food:Groceries","2014-05-15","2014-05-15","2014-05-15","USD","78.65"
"Food:Groceries","2014-05-16","2014-05-16","2014-05-16","USD","0"
"Food:Groceries","2014-05-17","2014-05-17","2014-05-17","USD","0"
"Food:Groceries","2014-05-18","2014-05-18","2014-05-18","USD","0"
"Food:Groceries","2014-05-19","2014-05-19","2014-05-19","USD","0"
"Food:Groceries","2014-05-20","2014-05-20","2014-05-20","USD","0"
"Food:Groceries","2014-05-21","2014-05-21","2014-05-21","USD","0"
"Food:Groceries","2014-05-22","2014-05-22","2014-05-22","USD","0"
"Food:Groceries","2014-05-23","2014-05-23","2014-05-23","USD","0"
"Food:Groceries","2014-05-24","2014-05-24","2014-05-24","USD","0"
"Food:Groceries","2014-05-25","2014-05-25","2014-05-25","USD","0"
"Food:Groceries","2014-05-26","2014-05-26","2014-05-26","USD","0"
"Food:Groceries","2014-05-27","2014-05-27","2014-05-27","USD","0"
"Food:Groceries","2014-05-28","2014-05-28","2014-05-28","USD","0"
"Food:Groceries","2014-05-29","2014-05-29","2014-05-29","USD","0"
"Food:Groceries","2014-05-30","2014-05-30","2014-05-30","USD","0"
"Food:Groceries","2014-05-31","2014-05-31","2014-05-31","USD","0"
"Food:Groceries","2014-06-01","2014-06-01","2014-06-01","USD","0"
"Food:Groceries","2014-06-02","2014-06-02","2014-06-02","USD","0"
"Food:Groceries","2014-06-03","2014-06-03","2014-06-03","USD","0"
"Food:Groceries","2014-06-04","2014-06-04","2014-06-04","USD","81.96"
"Food:Groceries","2014-06-05","2014-06-05","2014-06-05","USD","0"
"Food:Groceries","2014-06-06","2014-06-06","2014-06-06","USD","0"
"Food:Groceries","2014-06-07","2014-06-07","2014-06-07","USD","0"
"Food:Groceries","2014-06-08","2014-06-08","2014-06-08","USD","0"
"Food:Groceries","2014-06-09","2014-06-09","2014-06-09","USD","0"
"Food:Groceries","2014-06-10","2014-06-10","2014-06-10","USD","0"
"Food:Groceries","2014-06-11","2014-06-11","2014-06-11","USD","0"
"Food:Groceries","2014-06-12","2014-06-12","2014-06-12","USD","0"
"Food:Groceries","2014-06-13","2014-06-13","2014-06-13","USD","0"
"Food:Groceries","2014-06-14","2014-06-14","2014-06-14","USD","140.33"
"Food:Groceries","2014-06-15","2014-06-15","2014-06-15","USD","0"
"Food:Groceries","2014-06-16","2014-06-16","2014-06-16","USD","0"
"Food:Groceries","2014-06-17","2014-06-17","2014-06-17","USD","0"
"Food:Groceries","2014-06-18","2014-06-18","2014-06-18","USD","0"
"Food:Groceries","2014-06-19","2014-06-19","2014-06-19","USD","0"
"Food:Groceries","2014-06-20","2014-06-20","2014-06-20","USD","0"
"Food:Groceries","2014-06-21","2014-06-21","2014-06-21","USD","0"
"Food:Groceries","2014-06-22","2014-06-22","2014-06-22","USD","0"
"Food:Groceries","2014-06-23","2014-06-23","2014-06-23","USD","0"
"Food:Groceries","2014-06-24","2014-06-24","2014-06-24","USD","0"
"Food:Groceries","2014-06-25","2014-06-25","2014-06-25","USD","0"
"Food:Groceries","2014-06-26","2014-06-26","2014-06-26","USD","0"
"Food:Groceries","2014-06-27","2014-06-27","2014-06-27","USD","0"
"Food:Groceries","2014-06-28","2014-06-28","2014-06-28","USD","0"
"Food:Groceries","2014-06-29","2014-06-29","2014-06-29","USD","0"
"Food:Groceries","2014-06-30","2014-06-30","2014-06-30","USD","0"
"Food:Groceries","2014-07-01","2014-07-01","2014-07-01","USD","0"
"Food:Groceries","2014-07-02","2014-07-02","2014-07-02","USD","0"
"Food:Groceries","2014-07-03","2014-07-03","2014-07-03","USD","0"
"Food:Groceries","2014-07-04","2014-07-04","2014-07-04","USD","0"
"Food:Groceries","2014-07-05","2014-07-05","2014-07-05","USD","0"
"Food:Groceries","2014-07-06","2014-07-06","2014-07-06","USD","0"
"Food:Groceries","2014-07-07","2014-07-07","2014-07-07","USD","0"
"Food:Groceries","2014-07-08","2014-07-08","2014-07-08","USD","0"
"Food:Groceries","2014-07-09","2014-07-09","2014-07-09","USD","0"
"Food:Groceries","2014-07-10","2014-07-10","2014-07-10","USD","0"
"Food:Groceries","2014-07-11","2014-07-11","2014-07-11","USD","0"
"Food:Groceries","2014-07-12","2014-07-12","2014-07-12","USD","0"
"Food:Groceries","2014-07-13","2014-07-13","2014-07-13","USD","0"
"Food:Groceries","2014-07-14","2014-07-14","2014-07-14","USD","79.33"
"Food:Groceries","2014-07-15","2014-07-15","2014-07-15","USD","0"
"Food:Groceries","2014-07-16","2014-07-16","2014-07-16","USD","0"
"Food:Groceries","2014-07-17","2014-07-17","2014-07-17","USD","0"
"Food:Groceries","2014-07-18","2014-07-18","2014-07-18","USD","0"
"Food:Groceries","2014-07-19","2014-07-19","2014-07-19","USD","0"
"Food:Groceries","2014-07-20","2014-07-20","2014-07-20","USD","0"
"Food:Groceries","2014-07-21","2014-07-21","2014-07-21","USD","0"
"Food:Groceries","2014-07-22","2014-07-22","2014-07-22","USD","0"
"Food:Groceries","2014-07-23","2014-07-23","2014-07-23","USD","0"
"Food:Groceries","2014-07-24","2014-07-24","2014-07-24","USD","0"
"Food:Groceries","2014-07-25","2014-07-25","2014-07-25","USD","0"
"Food:Groceries","2014-07-26","2014-07-26","2014-07-26","USD","0"
"Food:Groceries","2014-07-27","2014-07-27","2014-07-27","USD","0"
"Food:Groceries","2014-07-28","2014-07-28","2014-07-28","USD","0"
"Food:Groceries","2014-07-29","2014-07-29","2014-07-29","USD","0"
"Food:Groceries","2014-07-30","2014-07-30","2014-07-30","USD","0"
"Food:Groceries","2014-07-31","2014-07-31","2014-07-31","USD","0"
"Food:Groceries","2014-08-01","2014-08-01","2014-08-01","USD","0"
"Food:Groceries","2014-08-02","2014-08-02","2014-08-02","USD","0"
"Food:Groceries","2014-08-03","2014-08-03","2014-08-03","USD","78.92"
"Food:Groceries","2014-08-04","2014-08-04","2014-08-04","USD","0"
"Food:Groceries","2014-08-05","2014-08-05","2014-08-05","USD","0"
"Food:Groceries","2014-08-06","2014-08-06","2014-08-06","USD","0"
"Food:Groceries","2014-08-07","2014-08-07","2014-08-07","USD","0"
"Food:Groceries","2014-08-08","2014-08-08","2014-08-08","USD","0"
"Food:Groceries","2014-08-09","2014-08-09","2014-08-09","USD","70.38"
"Food:Groceries","2014-08-10","2014-08-10","2014-08-10","USD","0"
"Food:Groceries","2014-08-11","2014-08-11","2014-08-11","USD","0"
"Food:Groceries","2014-08-12","2014-08-12","2014-08-12","USD","0"
"Food:Groceries","2014-08-13","2014-08-13","2014-08-13","USD","0"
"Food:Groceries","2014-08-14","2014-08-14","2014-08-14","USD","0"
"Food:Groceries","2014-08-15","2014-08-15","2014-08-15","USD","0"
"Food:Groceries","2014-08-16","2014-08-16","2014-08-16","USD","0"
"Food:Groceries","2014-08-17","2014-08-17","2014-08-17","USD","0"
"Food:Groceries","2014-08-18","2014-08-18","2014-08-18","USD","0"
"Food:Groceries","2014-08-19","2014-08-19","2014-08-19","USD","0"
"Food:Groceries","2014-08-20","2014-08-20","2014-08-20","USD","0"
"Food:Groceries","2014-08-21","2014-08-21","2014-08-21","USD","0"
"Food:Groceries","2014-08-22","2014-08-22","2014-08-22","USD","0"
"Food:Groceries","2014-08-23","2014-08-23","2014-08-23","USD","114.40"
"Food:Groceries","2014-08-24","2014-08-24","2014-08-24","USD","0"
"Food:Groceries","2014-08-25","2014-08-25","2014-08-25","USD","0"
"Food:Groceries","2014-08-26","2014-08-26","2014-08-26","USD","0"
"Food:Groceries","2014-08-27","2014-08-27","2014-08-27","USD","0"
"Food:Groceries","2014-08-28","2014-08-28","2014-08-28","USD","0"
"Food:Groceries","2014-08-29","2014-08-29","2014-08-29","USD","0"
"Food:Groceries","2014-08-30","2014-08-30","2014-08-30","USD","0"
"Food:Groceries","2014-08-31","2014-08-31","2014-08-31","USD","0"
"Food:Groceries","2014-09-01","2014-09-01","2014-09-01","USD","0"
"Food:Groceries","2014-09-02","2014-09-02","2014-09-02","USD","0"
"Food:Groceries","2014-09-03","2014-09-03","2014-09-03","USD","0"
"Food:Groceries","2014-09-04","2014-09-04","2014-09-04","USD","0"
"Food:Groceries","2014-09-05","2014-09-05","2014-09-05","USD","0"
"Food:Groceries","2014-09-06","2014-09-06","2014-09-06","USD","0"
"Food:Groceries","2014-09-07","2014-09-07","2014-09-07","USD","77.58"
"Food:Groceries","2014-09-08","2014-09-08","2014-09-08","USD","0"
"Food:Groceries","2014-09-09","2014-09-09","2014-09-09","USD","0"
"Food:Groceries","2014-09-10","2014-09-10","2014-09-10","USD","0"
"Food:Groceries","2014-09-11","2014-09-11","2014-09-11","USD","0"
"Food:Groceries","2014-09-12","2014-09-12","2014-09-12","USD","0"
"Food:Groceries","2014-09-13","2014-09-13","2014-09-13","USD","0"
"Food:Groceries","2014-09-14","2014-09-14","2014-09-14","USD","0"
"Food:Groceries","2014-09-15","2014-09-15","2014-09-15","USD","0"
"Food:Groceries","2014-09-16","2014-09-16","2014-09-16","USD","0"
"Food:Groceries","2014-09-17","2014-09-17","2014-09-17","USD","0"
"Food:Groceries","2014-09-18","2014-09-18","2014-09-18","USD","0"
"Food:Groceries","2014-09-19","2014-09-19","2014-09-19","USD","0"
"Food:Groceries","2014-09-20","2014-09-20","2014-09-20","USD","0"
"Food:Groceries","2014-09-21","2014-09-21","2014-09-21","USD","0"
"Food:Groceries","2014-09-22","2014-09-22","2014-09-22","USD","0"
"Food:Groceries","2014-09-23","2014-09-23","2014-09-23","USD","0"
"Food:Groceries","2014-09-24","2014-09-24","2014-09-24","USD","0"
"Food:Groceries","2014-09-25","2014-09-25","2014-09-25","USD","0"
"Food:Groceries","2014-09-26","2014-09-26","2014-09-26","USD","85.38"
"Food:Groceries","2014-09-27","2014-09-27","2014-09-27","USD","0"
"Food:Groceries","2014-09-28","2014-09-28","2014-09-28","USD","0"
"Food:Groceries","2014-09-29","2014-09-29","2014-09-29","USD","0"
"Food:Groceries","2014-09-30","2014-09-30","2014-09-30","USD","0"
"Food:Groceries","2014-10-01","2014-10-01","2014-10-01","USD","0"
"Food:Groceries","2014-10-02","2014-10-02","2014-10-02","USD","0"
"Food:Groceries","2014-10-03","2014-10-03","2014-10-03","USD","0"
"Food:Groceries","2014-10-04","2014-10-04","2014-10-04","USD","0"
"Food:Groceries","2014-10-05","2014-10-05","2014-10-05","USD","0"
"Food:Groceries","2014-10-06","2014-10-06","2014-10-06","USD","0"
"Food:Groceries","2014-10-07","2014-10-07","2014-10-07","USD","0"
"Food:Groceries","2014-10-08","2014-10-08","2014-10-08","USD","0"
"Food:Groceries","2014-10-09","2014-10-09","2014-10-09","USD","0"
"Food:Groceries","2014-10-10","2014-10-10","2014-10-10","USD","0"
"Food:Groceries","2014-10-11","2014-10-11","2014-10-11","USD","0"
"Food:Restaurant","2012-01-03","2012-01-03","2012-01-03","USD","0"
"Food:Restaurant","2012-01-04","2012-01-04","2012-01-04","USD","22.32"
"Food:Restaurant","2012-01-05","2012-01-05","2012-01-05","USD","15.99"
"Food:Restaurant","2012-01-06","2012-01-06","2012-01-06","USD","0"
"Food:Restaurant","2012-01-07","2012-01-07","2012-01-07","USD","0"
"Food:Restaurant","2012-01-08","2012-01-08","2012-01-08","USD","24.16"
"Food:Restaurant","2012-01-09","2012-01-09","2012-01-09","USD","0"
"Food:Restaurant","2012-01-10","2012-01-10","2012-01-10","USD","0"
"Food:Restaurant","2012-01-11","2012-01-11","2012-01-11","USD","36.44"
"Food:Restaurant","2012-01-12","2012-01-12","2012-01-12","USD","0"
"Food:Restaurant","2012-01-13","2012-01-13","2012-01-13","USD","0"
"Food:Restaurant","2012-01-14","2012-01-14","2012-01-14","USD","29.22"
"Food:Restaurant","2012-01-15","2012-01-15","2012-01-15","USD","0"
"Food:Restaurant","2012-01-16","2012-01-16","2012-01-16","USD","0"
"Food:Restaurant","2012-01-17","2012-01-17","2012-01-17","USD","0"
"Food:Restaurant","2012-01-18","2012-01-18","2012-01-18","USD","0"
"Food:Restaurant","2012-01-19","2012-01-19","2012-01-19","USD","32.07"
"Food:Restaurant","2012-01-20","2012-01-20","2012-01-20","USD","0"
"Food:Restaurant","2012-01-21","2012-01-21","2012-01-21","USD","0"
"Food:Restaurant","2012-01-22","2012-01-22","2012-01-22","USD","30.23"
"Food:Restaurant","2012-01-23","2012-01-23","2012-01-23","USD","0"
"Food:Restaurant","2012-01-24","2012-01-24","2012-01-24","USD","0"
"Food:Restaurant","2012-01-25","2012-01-25","2012-01-25","USD","0"
"Food:Restaurant","2012-01-26","2012-01-26","2012-01-26","USD","67.88"
"Food:Restaurant","2012-01-27","2012-01-27","2012-01-27","USD","35.28"
"Food:Restaurant","2012-01-28","2012-01-28","2012-01-28","USD","0"
"Food:Restaurant","2012-01-29","2012-01-29","2012-01-29","USD","0"
"Food:Restaurant","2012-01-30","2012-01-30","2012-01-30","USD","0"
"Food:Restaurant","2012-01-31","2012-01-31","2012-01-31","USD","0"
"Food:Restaurant","2012-02-01","2012-02-01","2012-02-01","USD","25.84"
"Food:Restaurant","2012-02-02","2012-02-02","2012-02-02","USD","0"
"Food:Restaurant","2012-02-03","2012-02-03","2012-02-03","USD","0"
"Food:Restaurant","2012-02-04","2012-02-04","2012-02-04","USD","36.73"
"Food:Restaurant","2012-02-05","2012-02-05","2012-02-05","USD","0"
"Food:Restaurant","2012-02-06","2012-02-06","2012-02-06","USD","0"
"Food:Restaurant","2012-02-07","2012-02-07","2012-02-07","USD","0"
"Food:Restaurant","2012-02-08","2012-02-08","2012-02-08","USD","28.11"
"Food:Restaurant","2012-02-09","2012-02-09","2012-02-09","USD","21.12"
"Food:Restaurant","2012-02-10","2012-02-10","2012-02-10","USD","0"
"Food:Restaurant","2012-02-11","2012-02-11","2012-02-11","USD","41.63"
"Food:Restaurant","2012-02-12","2012-02-12","2012-02-12","USD","0"
"Food:Restaurant","2012-02-13","2012-02-13","2012-02-13","USD","0"
"Food:Restaurant","2012-02-14","2012-02-14","2012-02-14","USD","0"
"Food:Restaurant","2012-02-15","2012-02-15","2012-02-15","USD","0"
"Food:Restaurant","2012-02-16","2012-02-16","2012-02-16","USD","18.89"
"Food:Restaurant","2012-02-17","2012-02-17","2012-02-17","USD","0"
"Food:Restaurant","2012-02-18","2012-02-18","2012-02-18","USD","12.94"
"Food:Restaurant","2012-02-19","2012-02-19","2012-02-19","USD","0"
"Food:Restaurant","2012-02-20","2012-02-20","2012-02-20","USD","16.37"
"Food:Restaurant","2012-02-21","2012-02-21","2012-02-21","USD","0"
"Food:Restaurant","2012-02-22","2012-02-22","2012-02-22","USD","0"
"Food:Restaurant","2012-02-23","2012-02-23","2012-02-23","USD","0"
"Food:Restaurant","2012-02-24","2012-02-24","2012-02-24","USD","39.36"
"Food:Restaurant","2012-02-25","2012-02-25","2012-02-25","USD","0"
"Food:Restaurant","2012-02-26","2012-02-26","2012-02-26","USD","0"
"Food:Restaurant","2012-02-27","2012-02-27","2012-02-27","USD","32.95"
"Food:Restaurant","2012-02-28","2012-02-28","2012-02-28","USD","0"
"Food:Restaurant","2012-02-29","2012-02-29","2012-02-29","USD","0"
"Food:Restaurant","2012-03-01","2012-03-01","2012-03-01","USD","15.73"
"Food:Restaurant","2012-03-02","2012-03-02","2012-03-02","USD","0"
"Food:Restaurant","2012-03-03","2012-03-03","2012-03-03","USD","0"
"Food:Restaurant","2012-03-04","2012-03-04","2012-03-04","USD","13.61"
"Food:Restaurant","2012-03-05","2012-03-05","2012-03-05","USD","40.20"
"Food:Restaurant","2012-03-06","2012-03-06","2012-03-06","USD","0"
"Food:Restaurant","2012-03-07","2012-03-07","2012-03-07","USD","25.19"
"Food:Restaurant","2012-03-08","2012-03-08","2012-03-08","USD","0"
"Food:Restaurant","2012-03-09","2012-03-09","2012-03-09","USD","0"
"Food:Restaurant","2012-03-10","2012-03-10","2012-03-10","USD","0"
"Food:Restaurant","2012-03-11","2012-03-11","2012-03-11","USD","60.08"
"Food:Restaurant","2012-03-12","2012-03-12","2012-03-12","USD","0"
"Food:Restaurant","2012-03-13","2012-03-13","2012-03-13","USD","0"
"Food:Restaurant","2012-03-14","2012-03-14","2012-03-14","USD","31.70"
"Food:Restaurant","2012-03-15","2012-03-15","2012-03-15","USD","0"
"Food:Restaurant","2012-03-16","2012-03-16","2012-03-16","USD","0"
"Food:Restaurant","2012-03-17","2012-03-17","2012-03-17","USD","0"
"Food:Restaurant","2012-03-18","2012-03-18","2012-03-18","USD","32.29"
"Food:Restaurant","2012-03-19","2012-03-19","2012-03-19","USD","0"
"Food:Restaurant","2012-03-20","2012-03-20","2012-03-20","USD","0"
"Food:Restaurant","2012-03-21","2012-03-21","2012-03-21","USD","0"
"Food:Restaurant","2012-03-22","2012-03-22","2012-03-22","USD","20.44"
"Food:Restaurant","2012-03-23","2012-03-23","2012-03-23","USD","28.67"
"Food:Restaurant","2012-03-24","2012-03-24","2012-03-24","USD","25.43"
"Food:Restaurant","2012-03-25","2012-03-25","2012-03-25","USD","0"
"Food:Restaurant","2012-03-26","2012-03-26","2012-03-26","USD","0"
"Food:Restaurant","2012-03-27","2012-03-27","2012-03-27","USD","0"
"Food:Restaurant","2012-03-28","2012-03-28","2012-03-28","USD","71.20"
"Food:Restaurant","2012-03-29","2012-03-29","2012-03-29","USD","0"
"Food:Restaurant","2012-03-30","2012-03-30","2012-03-30","USD","18.03"
"Food:Restaurant","2012-03-31","2012-03-31","2012-03-31","USD","0"
"Food:Restaurant","2012-04-01","2012-04-01","2012-04-01","USD","0"
"Food:Restaurant","2012-04-02","2012-04-02","2012-04-02","USD","17.66"
"Food:Restaurant","2012-04-03","2012-04-03","2012-04-03","USD","0"
"Food:Restaurant","2012-04-04","2012-04-04","2012-04-04","USD","30.58"
"Food:Restaurant","2012-04-05","2012-04-05","2012-04-05","USD","0"
"Food:Restaurant","2012-04-06","2012-04-06","2012-04-06","USD","0"
"Food:Restaurant","2012-04-07","2012-04-07","2012-04-07","USD","0"
"Food:Restaurant","2012-04-08","2012-04-08","2012-04-08","USD","27.16"
"Food:Restaurant","2012-04-09","2012-04-09","2012-04-09","USD","0"
"Food:Restaurant","2012-04-10","2012-04-10","2012-04-10","USD","31.96"
"Food:Restaurant","2012-04-11","2012-04-11","2012-04-11","USD","45.00"
"Food:Restaurant","2012-04-12","2012-04-12","2012-04-12","USD","0"
"Food:Restaurant","2012-04-13","2012-04-13","2012-04-13","USD","0"
"Food:Restaurant","2012-04-14","2012-04-14","2012-04-14","USD","0"
"Food:Restaurant","2012-04-15","2012-04-15","2012-04-15","USD","0"
"Food:Restaurant","2012-04-16","2012-04-16","2012-04-16","USD","25.71"
"Food:Restaurant","2012-04-17","2012-04-17","2012-04-17","USD","0"
"Food:Restaurant","2012-04-18","2012-04-18","2012-04-18","USD","0"
"Food:Restaurant","2012-04-19","2012-04-19","2012-04-19","USD","0"
"Food:Restaurant","2012-04-20","2012-04-20","2012-04-20","USD","27.73"
"Food:Restaurant","2012-04-21","2012-04-21","2012-04-21","USD","0"
"Food:Restaurant","2012-04-22","2012-04-22","2012-04-22","USD","0"
"Food:Restaurant","2012-04-23","2012-04-23","2012-04-23","USD","0"
"Food:Restaurant","2012-04-24","2012-04-24","2012-04-24","USD","21.67"
"Food:Restaurant","2012-04-25","2012-04-25","2012-04-25","USD","18.59"
"Food:Restaurant","2012-04-26","2012-04-26","2012-04-26","USD","56.00"
"Food:Restaurant","2012-04-27","2012-04-27","2012-04-27","USD","0"
"Food:Restaurant","2012-04-28","2012-04-28","2012-04-28","USD","0"
"Food:Restaurant","2012-04-29","2012-04-29","2012-04-29","USD","0"
"Food:Restaurant","2012-04-30","2012-04-30","2012-04-30","USD","17.39"
"Food:Restaurant","2012-05-01","2012-05-01","2012-05-01","USD","0"
"Food:Restaurant","2012-05-02","2012-05-02","2012-05-02","USD","0"
"Food:Restaurant","2012-05-03","2012-05-03","2012-05-03","USD","37.93"
"Food:Restaurant","2012-05-04","2012-05-04","2012-05-04","USD","0"
"Food:Restaurant","2012-05-05","2012-05-05","2012-05-05","USD","26.73"
"Food:Restaurant","2012-05-06","2012-05-06","2012-05-06","USD","0"
"Food:Restaurant","2012-05-07","2012-05-07","2012-05-07","USD","15.84"
"Food:Restaurant","2012-05-08","2012-05-08","2012-05-08","USD","0"
"Food:Restaurant","2012-05-09","2012-05-09","2012-05-09","USD","0"
"Food:Restaurant","2012-05-10","2012-05-10","2012-05-10","USD","27.22"
"Food:Restaurant","2012-05-11","2012-05-11","2012-05-11","USD","0"
"Food:Restaurant","2012-05-12","2012-05-12","2012-05-12","USD","0"
"Food:Restaurant","2012-05-13","2012-05-13","2012-05-13","USD","0"
"Food:Restaurant","2012-05-14","2012-05-14","2012-05-14","USD","0"
"Food:Restaurant","2012-05-15","2012-05-15","2012-05-15","USD","17.28"
"Food:Restaurant","2012-05-16","2012-05-16","2012-05-16","USD","0"
"Food:Restaurant","2012-05-17","2012-05-17","2012-05-17","USD","0"
"Food:Restaurant","2012-05-18","2012-05-18","2012-05-18","USD","0"
"Food:Restaurant","2012-05-19","2012-05-19","2012-05-19","USD","29.08"
"Food:Restaurant","2012-05-20","2012-05-20","2012-05-20","USD","0"
"Food:Restaurant","2012-05-21","2012-05-21","2012-05-21","USD","14.31"
"Food:Restaurant","2012-05-22","2012-05-22","2012-05-22","USD","0"
"Food:Restaurant","2012-05-23","2012-05-23","2012-05-23","USD","0"
"Food:Restaurant","2012-05-24","2012-05-24","2012-05-24","USD","0"
"Food:Restaurant","2012-05-25","2012-05-25","2012-05-25","USD","0"
"Food:Restaurant","2012-05-26","2012-05-26","2012-05-26","USD","84.76"
"Food:Restaurant","2012-05-27","2012-05-27","2012-05-27","USD","0"
"Food:Restaurant","2012-05-28","2012-05-28","2012-05-28","USD","0"
"Food:Restaurant","2012-05-29","2012-05-29","2012-05-29","USD","0"
"Food:Restaurant","2012-05-30","2012-05-30","2012-05-30","USD","23.66"
"Food:Restaurant","2012-05-31","2012-05-31","2012-05-31","USD","0"
"Food:Restaurant","2012-06-01","2012-06-01","2012-06-01","USD","0"
"Food:Restaurant","2012-06-02","2012-06-02","2012-06-02","USD","0"
"Food:Restaurant","2012-06-03","2012-06-03","2012-06-03","USD","0"
"Food:Restaurant","2012-06-04","2012-06-04","2012-06-04","USD","31.09"
"Food:Restaurant","2012-06-05","2012-06-05","2012-06-05","USD","0"
"Food:Restaurant","2012-06-06","2012-06-06","2012-06-06","USD","0"
"Food:Restaurant","2012-06-07","2012-06-07","2012-06-07","USD","0"
"Food:Restaurant","2012-06-08","2012-06-08","2012-06-08","USD","0"
"Food:Restaurant","2012-06-09","2012-06-09","2012-06-09","USD","34.11"
"Food:Restaurant","2012-06-10","2012-06-10","2012-06-10","USD","0"
"Food:Restaurant","2012-06-11","2012-06-11","2012-06-11","USD","37.22"
"Food:Restaurant","2012-06-12","2012-06-12","2012-06-12","USD","14.29"
"Food:Restaurant","2012-06-13","2012-06-13","2012-06-13","USD","0"
"Food:Restaurant","2012-06-14","2012-06-14","2012-06-14","USD","0"
"Food:Restaurant","2012-06-15","2012-06-15","2012-06-15","USD","0"
"Food:Restaurant","2012-06-16","2012-06-16","2012-06-16","USD","0"
"Food:Restaurant","2012-06-17","2012-06-17","2012-06-17","USD","34.63"
"Food:Restaurant","2012-06-18","2012-06-18","2012-06-18","USD","0"
"Food:Restaurant","2012-06-19","2012-06-19","2012-06-19","USD","0"
"Food:Restaurant","2012-06-20","2012-06-20","2012-06-20","USD","18.22"
"Food:Restaurant","2012-06-21","2012-06-21","2012-06-21","USD","31.70"
"Food:Restaurant","2012-06-22","2012-06-22","2012-06-22","USD","0"
"Food:Restaurant","2012-06-23","2012-06-23","2012-06-23","USD","0"
"Food:Restaurant","2012-06-24","2012-06-24","2012-06-24","USD","0"
"Food:Restaurant","2012-06-25","2012-06-25","2012-06-25","USD","22.42"
"Food:Restaurant","2012-06-26","2012-06-26","2012-06-26","USD","0"
"Food:Restaurant","2012-06-27","2012-06-27","2012-06-27","USD","0"
"Food:Restaurant","2012-06-28","2012-06-28","2012-06-28","USD","0"
"Food:Restaurant","2012-06-29","2012-06-29","2012-06-29","USD","35.17"
"Food:Restaurant","2012-06-30","2012-06-30","2012-06-30","USD","0"
"Food:Restaurant","2012-07-01","2012-07-01","2012-07-01","USD","39.68"
"Food:Restaurant","2012-07-02","2012-07-02","2012-07-02","USD","32.59"
"Food:Restaurant","2012-07-03","2012-07-03","2012-07-03","USD","0"
"Food:Restaurant","2012-07-04","2012-07-04","2012-07-04","USD","0"
"Food:Restaurant","2012-07-05","2012-07-05","2012-07-05","USD","0"
"Food:Restaurant","2012-07-06","2012-07-06","2012-07-06","USD","31.42"
"Food:Restaurant","2012-07-07","2012-07-07","2012-07-07","USD","19.65"
"Food:Restaurant","2012-07-08","2012-07-08","2012-07-08","USD","0"
"Food:Restaurant","2012-07-09","2012-07-09","2012-07-09","USD","0"
"Food:Restaurant","2012-07-10","2012-07-10","2012-07-10","USD","0"
"Food:Restaurant","2012-07-11","2012-07-11","2012-07-11","USD","44.31"
"Food:Restaurant","2012-07-12","2012-07-12","2012-07-12","USD","0"
"Food:Restaurant","2012-07-13","2012-07-13","2012-07-13","USD","0"
"Food:Restaurant","2012-07-14","2012-07-14","2012-07-14","USD","0"
"Food:Restaurant","2012-07-15","2012-07-15","2012-07-15","USD","42.33"
"Food:Restaurant","2012-07-16","2012-07-16","2012-07-16","USD","0"
"Food:Restaurant","2012-07-17","2012-07-17","2012-07-17","USD","24.30"
"Food:Restaurant","2012-07-18","2012-07-18","2012-07-18","USD","0"
"Food:Restaurant","2012-07-19","2012-07-19","2012-07-19","USD","0"
"Food:Restaurant","2012-07-20","2012-07-20","2012-07-20","USD","17.29"
"Food:Restaurant","2012-07-21","2012-07-21","2012-07-21","USD","0"
"Food:Restaurant","2012-07-22","2012-07-22","2012-07-22","USD","0"
"Food:Restaurant","2012-07-23","2012-07-23","2012-07-23","USD","0"
"Food:Restaurant","2012-07-24","2012-07-24","2012-07-24","USD","28.78"
"Food:Restaurant","2012-07-25","2012-07-25","2012-07-25","USD","0"
"Food:Restaurant","2012-07-26","2012-07-26","2012-07-26","USD","0"
"Food:Restaurant","2012-07-27","2012-07-27","2012-07-27","USD","0"
"Food:Restaurant","2012-07-28","2012-07-28","2012-07-28","USD","26.13"
"Food:Restaurant","2012-07-29","2012-07-29","2012-07-29","USD","0"
"Food:Restaurant","2012-07-30","2012-07-30","2012-07-30","USD","0"
"Food:Restaurant","2012-07-31","2012-07-31","2012-07-31","USD","0"
"Food:Restaurant","2012-08-01","2012-08-01","2012-08-01","USD","0"
"Food:Restaurant","2012-08-02","2012-08-02","2012-08-02","USD","49.27"
"Food:Restaurant","2012-08-03","2012-08-03","2012-08-03","USD","0"
"Food:Restaurant","2012-08-04","2012-08-04","2012-08-04","USD","0"
"Food:Restaurant","2012-08-05","2012-08-05","2012-08-05","USD","0"
"Food:Restaurant","2012-08-06","2012-08-06","2012-08-06","USD","0"
"Food:Restaurant","2012-08-07","2012-08-07","2012-08-07","USD","31.11"
"Food:Restaurant","2012-08-08","2012-08-08","2012-08-08","USD","0"
"Food:Restaurant","2012-08-09","2012-08-09","2012-08-09","USD","38.77"
"Food:Restaurant","2012-08-10","2012-08-10","2012-08-10","USD","0"
"Food:Restaurant","2012-08-11","2012-08-11","2012-08-11","USD","0"
"Food:Restaurant","2012-08-12","2012-08-12","2012-08-12","USD","0"
"Food:Restaurant","2012-08-13","2012-08-13","2012-08-13","USD","62.86"
"Food:Restaurant","2012-08-14","2012-08-14","2012-08-14","USD","0"
"Food:Restaurant","2012-08-15","2012-08-15","2012-08-15","USD","0"
"Food:Restaurant","2012-08-16","2012-08-16","2012-08-16","USD","0"
"Food:Restaurant","2012-08-17","2012-08-17","2012-08-17","USD","0"
"Food:Restaurant","2012-08-18","2012-08-18","2012-08-18","USD","32.99"
"Food:Restaurant","2012-08-19","2012-08-19","2012-08-19","USD","0"
"Food:Restaurant","2012-08-20","2012-08-20","2012-08-20","USD","0"
"Food:Restaurant","2012-08-21","2012-08-21","2012-08-21","USD","0"
"Food:Restaurant","2012-08-22","2012-08-22","2012-08-22","USD","20.04"
"Food:Restaurant","2012-08-23","2012-08-23","2012-08-23","USD","0"
"Food:Restaurant","2012-08-24","2012-08-24","2012-08-24","USD","0"
"Food:Restaurant","2012-08-25","2012-08-25","2012-08-25","USD","0"
"Food:Restaurant","2012-08-26","2012-08-26","2012-08-26","USD","0"
"Food:Restaurant","2012-08-27","2012-08-27","2012-08-27","USD","20.53"
"Food:Restaurant","2012-08-28","2012-08-28","2012-08-28","USD","0"
"Food:Restaurant","2012-08-29","2012-08-29","2012-08-29","USD","0"
"Food:Restaurant","2012-08-30","2012-08-30","2012-08-30","USD","0"
"Food:Restaurant","2012-08-31","2012-08-31","2012-08-31","USD","30.90"
"Food:Restaurant","2012-09-01","2012-09-01","2012-09-01","USD","26.87"
"Food:Restaurant","2012-09-02","2012-09-02","2012-09-02","USD","38.70"
"Food:Restaurant","2012-09-03","2012-09-03","2012-09-03","USD","0"
"Food:Restaurant","2012-09-04","2012-09-04","2012-09-04","USD","0"
"Food:Restaurant","2012-09-05","2012-09-05","2012-09-05","USD","0"
"Food:Restaurant","2012-09-06","2012-09-06","2012-09-06","USD","18.82"
"Food:Restaurant","2012-09-07","2012-09-07","2012-09-07","USD","0"
"Food:Restaurant","2012-09-08","2012-09-08","2012-09-08","USD","18.82"
"Food:Restaurant","2012-09-09","2012-09-09","2012-09-09","USD","0"
"Food:Restaurant","2012-09-10","2012-09-10","2012-09-10","USD","0"
"Food:Restaurant","2012-09-11","2012-09-11","2012-09-11","USD","23.27"
"Food:Restaurant","2012-09-12","2012-09-12","2012-09-12","USD","0"
"Food:Restaurant","2012-09-13","2012-09-13","2012-09-13","USD","0"
"Food:Restaurant","2012-09-14","2012-09-14","2012-09-14","USD","0"
"Food:Restaurant","2012-09-15","2012-09-15","2012-09-15","USD","0"
"Food:Restaurant","2012-09-16","2012-09-16","2012-09-16","USD","28.31"
"Food:Restaurant","2012-09-17","2012-09-17","2012-09-17","USD","0"
"Food:Restaurant","2012-09-18","2012-09-18","2012-09-18","USD","42.10"
"Food:Restaurant","2012-09-19","2012-09-19","2012-09-19","USD","0"
"Food:Restaurant","2012-09-20","2012-09-20","2012-09-20","USD","0"
"Food:Restaurant","2012-09-21","2012-09-21","2012-09-21","USD","0"
"Food:Restaurant","2012-09-22","2012-09-22","2012-09-22","USD","0"
"Food:Restaurant","2012-09-23","2012-09-23","2012-09-23","USD","45.68"
"Food:Restaurant","2012-09-24","2012-09-24","2012-09-24","USD","0"
"Food:Restaurant","2012-09-25","2012-09-25","2012-09-25","USD","77.57"
"Food:Restaurant","2012-09-26","2012-09-26","2012-09-26","USD","0"
"Food:Restaurant","2012-09-27","2012-09-27","2012-09-27","USD","0"
"Food:Restaurant","2012-09-28","2012-09-28","2012-09-28","USD","24.42"
"Food:Restaurant","2012-09-29","2012-09-29","2012-09-29","USD","0"
"Food:Restaurant","2012-09-30","2012-09-30","2012-09-30","USD","38.58"
"Food:Restaurant","2012-10-01","2012-10-01","2012-10-01","USD","0"
"Food:Restaurant","2012-10-02","2012-10-02","2012-10-02","USD","0"
"Food:Restaurant","2012-10-03","2012-10-03","2012-10-03","USD","0"
"Food:Restaurant","2012-10-04","2012-10-04","2012-10-04","USD","0"
"Food:Restaurant","2012-10-05","2012-10-05","2012-10-05","USD","25.81"
"Food:Restaurant","2012-10-06","2012-10-06","2012-10-06","USD","22.34"
"Food:Restaurant","2012-10-07","2012-10-07","2012-10-07","USD","0"
"Food:Restaurant","2012-10-08","2012-10-08","2012-10-08","USD","32.04"
"Food:Restaurant","2012-10-09","2012-10-09","2012-10-09","USD","0"
"Food:Restaurant","2012-10-10","2012-10-10","2012-10-10","USD","0"
"Food:Restaurant","2012-10-11","2012-10-11","2012-10-11","USD","0"
"Food:Restaurant","2012-10-12","2012-10-12","2012-10-12","USD","0"
"Food:Restaurant","2012-10-13","2012-10-13","2012-10-13","USD","26.06"
"Food:Restaurant","2012-10-14","2012-10-14","2012-10-14","USD","0"
"Food:Restaurant","2012-10-15","2012-10-15","2012-10-15","USD","28.70"
"Food:Restaurant","2012-10-16","2012-10-16","2012-10-16","USD","0"
"Food:Restaurant","2012-10-17","2012-10-17","2012-10-17","USD","0"
"Food:Restaurant","2012-10-18","2012-10-18","2012-10-18","USD","25.05"
"Food:Restaurant","2012-10-19","2012-10-19","2012-10-19","USD","0"
"Food:Restaurant","2012-10-20","2012-10-20","2012-10-20","USD","0"
"Food:Restaurant","2012-10-21","2012-10-21","2012-10-21","USD","14.46"
"Food:Restaurant","2012-10-22","2012-10-22","2012-10-22","USD","32.80"
"Food:Restaurant","2012-10-23","2012-10-23","2012-10-23","USD","0"
"Food:Restaurant","2012-10-24","2012-10-24","2012-10-24","USD","0"
"Food:Restaurant","2012-10-25","2012-10-25","2012-10-25","USD","43.52"
"Food:Restaurant","2012-10-26","2012-10-26","2012-10-26","USD","32.18"
"Food:Restaurant","2012-10-27","2012-10-27","2012-10-27","USD","37.59"
"Food:Restaurant","2012-10-28","2012-10-28","2012-10-28","USD","0"
"Food:Restaurant","2012-10-29","2012-10-29","2012-10-29","USD","0"
"Food:Restaurant","2012-10-30","2012-10-30","2012-10-30","USD","0"
"Food:Restaurant","2012-10-31","2012-10-31","2012-10-31","USD","38.68"
"Food:Restaurant","2012-11-01","2012-11-01","2012-11-01","USD","0"
"Food:Restaurant","2012-11-02","2012-11-02","2012-11-02","USD","149.26"
"Food:Restaurant","2012-11-03","2012-11-03","2012-11-03","USD","44.25"
"Food:Restaurant","2012-11-04","2012-11-04","2012-11-04","USD","98.77"
"Food:Restaurant","2012-11-05","2012-11-05","2012-11-05","USD","37.97"
"Food:Restaurant","2012-11-06","2012-11-06","2012-11-06","USD","79.82"
"Food:Restaurant","2012-11-07","2012-11-07","2012-11-07","USD","0"
"Food:Restaurant","2012-11-08","2012-11-08","2012-11-08","USD","68.13"
"Food:Restaurant","2012-11-09","2012-11-09","2012-11-09","USD","50.92"
"Food:Restaurant","2012-11-10","2012-11-10","2012-11-10","USD","154.00"
"Food:Restaurant","2012-11-11","2012-11-11","2012-11-11","USD","0"
"Food:Restaurant","2012-11-12","2012-11-12","2012-11-12","USD","43.81"
"Food:Restaurant","2012-11-13","2012-11-13","2012-11-13","USD","39.01"
"Food:Restaurant","2012-11-14","2012-11-14","2012-11-14","USD","36.16"
"Food:Restaurant","2012-11-15","2012-11-15","2012-11-15","USD","0"
"Food:Restaurant","2012-11-16","2012-11-16","2012-11-16","USD","0"
"Food:Restaurant","2012-11-17","2012-11-17","2012-11-17","USD","0"
"Food:Restaurant","2012-11-18","2012-11-18","2012-11-18","USD","31.17"
"Food:Restaurant","2012-11-19","2012-11-19","2012-11-19","USD","0"
"Food:Restaurant","2012-11-20","2012-11-20","2012-11-20","USD","0"
"Food:Restaurant","2012-11-21","2012-11-21","2012-11-21","USD","36.28"
"Food:Restaurant","2012-11-22","2012-11-22","2012-11-22","USD","0"
"Food:Restaurant","2012-11-23","2012-11-23","2012-11-23","USD","0"
"Food:Restaurant","2012-11-24","2012-11-24","2012-11-24","USD","16.43"
"Food:Restaurant","2012-11-25","2012-11-25","2012-11-25","USD","0"
"Food:Restaurant","2012-11-26","2012-11-26","2012-11-26","USD","0"
"Food:Restaurant","2012-11-27","2012-11-27","2012-11-27","USD","0"
"Food:Restaurant","2012-11-28","2012-11-28","2012-11-28","USD","35.70"
"Food:Restaurant","2012-11-29","2012-11-29","2012-11-29","USD","23.31"
"Food:Restaurant","2012-11-30","2012-11-30","2012-11-30","USD","0"
"Food:Restaurant","2012-12-01","2012-12-01","2012-12-01","USD","0"
"Food:Restaurant","2012-12-02","2012-12-02","2012-12-02","USD","0"
"Food:Restaurant","2012-12-03","2012-12-03","2012-12-03","USD","41.97"
"Food:Restaurant","2012-12-04","2012-12-04","2012-12-04","USD","0"
"Food:Restaurant","2012-12-05","2012-12-05","2012-12-05","USD","0"
"Food:Restaurant","2012-12-06","2012-12-06","2012-12-06","USD","26.76"
"Food:Restaurant","2012-12-07","2012-12-07","2012-12-07","USD","0"
"Food:Restaurant","2012-12-08","2012-12-08","2012-12-08","USD","0"
"Food:Restaurant","2012-12-09","2012-12-09","2012-12-09","USD","0"
"Food:Restaurant","2012-12-10","2012-12-10","2012-12-10","USD","0"
"Food:Restaurant","2012-12-11","2012-12-11","2012-12-11","USD","46.79"
"Food:Restaurant","2012-12-12","2012-12-12","2012-12-12","USD","0"
"Food:Restaurant","2012-12-13","2012-12-13","2012-12-13","USD","0"
"Food:Restaurant","2012-12-14","2012-12-14","2012-12-14","USD","21.11"
"Food:Restaurant","2012-12-15","2012-12-15","2012-12-15","USD","26.45"
"Food:Restaurant","2012-12-16","2012-12-16","2012-12-16","USD","0"
"Food:Restaurant","2012-12-17","2012-12-17","2012-12-17","USD","0"
"Food:Restaurant","2012-12-18","2012-12-18","2012-12-18","USD","0"
"Food:Restaurant","2012-12-19","2012-12-19","2012-12-19","USD","66.52"
"Food:Restaurant","2012-12-20","2012-12-20","2012-12-20","USD","31.27"
"Food:Restaurant","2012-12-21","2012-12-21","2012-12-21","USD","29.39"
"Food:Restaurant","2012-12-22","2012-12-22","2012-12-22","USD","27.10"
"Food:Restaurant","2012-12-23","2012-12-23","2012-12-23","USD","0"
"Food:Restaurant","2012-12-24","2012-12-24","2012-12-24","USD","37.80"
"Food:Restaurant","2012-12-25","2012-12-25","2012-12-25","USD","0"
"Food:Restaurant","2012-12-26","2012-12-26","2012-12-26","USD","0"
"Food:Restaurant","2012-12-27","2012-12-27","2012-12-27","USD","0"
"Food:Restaurant","2012-12-28","2012-12-28","2012-12-28","USD","27.37"
"Food:Restaurant","2012-12-29","2012-12-29","2012-12-29","USD","0"
"Food:Restaurant","2012-12-30","2012-12-30","2012-12-30","USD","49.49"
"Food:Restaurant","2012-12-31","2012-12-31","2012-12-31","USD","0"
"Food:Restaurant","2013-01-01","2013-01-01","2013-01-01","USD","0"
"Food:Restaurant","2013-01-02","2013-01-02","2013-01-02","USD","40.65"
"Food:Restaurant","2013-01-03","2013-01-03","2013-01-03","USD","0"
"Food:Restaurant","2013-01-04","2013-01-04","2013-01-04","USD","0"
"Food:Restaurant","2013-01-05","2013-01-05","2013-01-05","USD","0"
"Food:Restaurant","2013-01-06","2013-01-06","2013-01-06","USD","0"
"Food:Restaurant","2013-01-07","2013-01-07","2013-01-07","USD","17.07"
"Food:Restaurant","2013-01-08","2013-01-08","2013-01-08","USD","47.53"
"Food:Restaurant","2013-01-09","2013-01-09","2013-01-09","USD","0"
"Food:Restaurant","2013-01-10","2013-01-10","2013-01-10","USD","0"
"Food:Restaurant","2013-01-11","2013-01-11","2013-01-11","USD","0"
"Food:Restaurant","2013-01-12","2013-01-12","2013-01-12","USD","0"
"Food:Restaurant","2013-01-13","2013-01-13","2013-01-13","USD","42.56"
"Food:Restaurant","2013-01-14","2013-01-14","2013-01-14","USD","0"
"Food:Restaurant","2013-01-15","2013-01-15","2013-01-15","USD","0"
"Food:Restaurant","2013-01-16","2013-01-16","2013-01-16","USD","0"
"Food:Restaurant","2013-01-17","2013-01-17","2013-01-17","USD","34.89"
"Food:Restaurant","2013-01-18","2013-01-18","2013-01-18","USD","0"
"Food:Restaurant","2013-01-19","2013-01-19","2013-01-19","USD","0"
"Food:Restaurant","2013-01-20","2013-01-20","2013-01-20","USD","0"
"Food:Restaurant","2013-01-21","2013-01-21","2013-01-21","USD","0"
"Food:Restaurant","2013-01-22","2013-01-22","2013-01-22","USD","21.60"
"Food:Restaurant","2013-01-23","2013-01-23","2013-01-23","USD","27.57"
"Food:Restaurant","2013-01-24","2013-01-24","2013-01-24","USD","0"
"Food:Restaurant","2013-01-25","2013-01-25","2013-01-25","USD","0"
"Food:Restaurant","2013-01-26","2013-01-26","2013-01-26","USD","0"
"Food:Restaurant","2013-01-27","2013-01-27","2013-01-27","USD","21.17"
"Food:Restaurant","2013-01-28","2013-01-28","2013-01-28","USD","0"
"Food:Restaurant","2013-01-29","2013-01-29","2013-01-29","USD","0"
"Food:Restaurant","2013-01-30","2013-01-30","2013-01-30","USD","45.95"
"Food:Restaurant","2013-01-31","2013-01-31","2013-01-31","USD","0"
"Food:Restaurant","2013-02-01","2013-02-01","2013-02-01","USD","0"
"Food:Restaurant","2013-02-02","2013-02-02","2013-02-02","USD","18.73"
"Food:Restaurant","2013-02-03","2013-02-03","2013-02-03","USD","0"
"Food:Restaurant","2013-02-04","2013-02-04","2013-02-04","USD","19.65"
"Food:Restaurant","2013-02-05","2013-02-05","2013-02-05","USD","0"
"Food:Restaurant","2013-02-06","2013-02-06","2013-02-06","USD","0"
"Food:Restaurant","2013-02-07","2013-02-07","2013-02-07","USD","0"
"Food:Restaurant","2013-02-08","2013-02-08","2013-02-08","USD","32.71"
"Food:Restaurant","2013-02-09","2013-02-09","2013-02-09","USD","0"
"Food:Restaurant","2013-02-10","2013-02-10","2013-02-10","USD","22.16"
"Food:Restaurant","2013-02-11","2013-02-11","2013-02-11","USD","0"
"Food:Restaurant","2013-02-12","2013-02-12","2013-02-12","USD","0"
"Food:Restaurant","2013-02-13","2013-02-13","2013-02-13","USD","49.50"
"Food:Restaurant","2013-02-14","2013-02-14","2013-02-14","USD","0"
"Food:Restaurant","2013-02-15","2013-02-15","2013-02-15","USD","37.76"
"Food:Restaurant","2013-02-16","2013-02-16","2013-02-16","USD","0"
"Food:Restaurant","2013-02-17","2013-02-17","2013-02-17","USD","0"
"Food:Restaurant","2013-02-18","2013-02-18","2013-02-18","USD","0"
"Food:Restaurant","2013-02-19","2013-02-19","2013-02-19","USD","0"
"Food:Restaurant","2013-02-20","2013-02-20","2013-02-20","USD","25.81"
"Food:Restaurant","2013-02-21","2013-02-21","2013-02-21","USD","0"
"Food:Restaurant","2013-02-22","2013-02-22","2013-02-22","USD","0"
"Food:Restaurant","2013-02-23","2013-02-23","2013-02-23","USD","27.07"
"Food:Restaurant","2013-02-24","2013-02-24","2013-02-24","USD","42.02"
"Food:Restaurant","2013-02-25","2013-02-25","2013-02-25","USD","0"
"Food:Restaurant","2013-02-26","2013-02-26","2013-02-26","USD","22.47"
"Food:Restaurant","2013-02-27","2013-02-27","2013-02-27","USD","0"
"Food:Restaurant","2013-02-28","2013-02-28","2013-02-28","USD","0"
"Food:Restaurant","2013-03-01","2013-03-01","2013-03-01","USD","62.78"
"Food:Restaurant","2013-03-02","2013-03-02","2013-03-02","USD","0"
"Food:Restaurant","2013-03-03","2013-03-03","2013-03-03","USD","0"
"Food:Restaurant","2013-03-04","2013-03-04","2013-03-04","USD","0"
"Food:Restaurant","2013-03-05","2013-03-05","2013-03-05","USD","38.82"
"Food:Restaurant","2013-03-06","2013-03-06","2013-03-06","USD","0"
"Food:Restaurant","2013-03-07","2013-03-07","2013-03-07","USD","0"
"Food:Restaurant","2013-03-08","2013-03-08","2013-03-08","USD","0"
"Food:Restaurant","2013-03-09","2013-03-09","2013-03-09","USD","0"
"Food:Restaurant","2013-03-10","2013-03-10","2013-03-10","USD","9.66"
"Food:Restaurant","2013-03-11","2013-03-11","2013-03-11","USD","0"
"Food:Restaurant","2013-03-12","2013-03-12","2013-03-12","USD","0"
"Food:Restaurant","2013-03-13","2013-03-13","2013-03-13","USD","0"
"Food:Restaurant","2013-03-14","2013-03-14","2013-03-14","USD","37.65"
"Food:Restaurant","2013-03-15","2013-03-15","2013-03-15","USD","0"
"Food:Restaurant","2013-03-16","2013-03-16","2013-03-16","USD","31.20"
"Food:Restaurant","2013-03-17","2013-03-17","2013-03-17","USD","0"
"Food:Restaurant","2013-03-18","2013-03-18","2013-03-18","USD","0"
"Food:Restaurant","2013-03-19","2013-03-19","2013-03-19","USD","42.15"
"Food:Restaurant","2013-03-20","2013-03-20","2013-03-20","USD","19.72"
"Food:Restaurant","2013-03-21","2013-03-21","2013-03-21","USD","0"
"Food:Restaurant","2013-03-22","2013-03-22","2013-03-22","USD","0"
"Food:Restaurant","2013-03-23","2013-03-23","2013-03-23","USD","0"
"Food:Restaurant","2013-03-24","2013-03-24","2013-03-24","USD","22.22"
"Food:Restaurant","2013-03-25","2013-03-25","2013-03-25","USD","0"
"Food:Restaurant","2013-03-26","2013-03-26","2013-03-26","USD","0"
"Food:Restaurant","2013-03-27","2013-03-27","2013-03-27","USD","0"
"Food:Restaurant","2013-03-28","2013-03-28","2013-03-28","USD","0"
"Food:Restaurant","2013-03-29","2013-03-29","2013-03-29","USD","42.19"
"Food:Restaurant","2013-03-30","2013-03-30","2013-03-30","USD","0"
"Food:Restaurant","2013-03-31","2013-03-31","2013-03-31","USD","51.76"
"Food:Restaurant","2013-04-01","2013-04-01","2013-04-01","USD","0"
"Food:Restaurant","2013-04-02","2013-04-02","2013-04-02","USD","0"
"Food:Restaurant","2013-04-03","2013-04-03","2013-04-03","USD","0"
"Food:Restaurant","2013-04-04","2013-04-04","2013-04-04","USD","20.16"
"Food:Restaurant","2013-04-05","2013-04-05","2013-04-05","USD","0"
"Food:Restaurant","2013-04-06","2013-04-06","2013-04-06","USD","0"
"Food:Restaurant","2013-04-07","2013-04-07","2013-04-07","USD","0"
"Food:Restaurant","2013-04-08","2013-04-08","2013-04-08","USD","0"
"Food:Restaurant","2013-04-09","2013-04-09","2013-04-09","USD","18.25"
"Food:Restaurant","2013-04-10","2013-04-10","2013-04-10","USD","0"
"Food:Restaurant","2013-04-11","2013-04-11","2013-04-11","USD","30.26"
"Food:Restaurant","2013-04-12","2013-04-12","2013-04-12","USD","0"
"Food:Restaurant","2013-04-13","2013-04-13","2013-04-13","USD","0"
"Food:Restaurant","2013-04-14","2013-04-14","2013-04-14","USD","0"
"Food:Restaurant","2013-04-15","2013-04-15","2013-04-15","USD","0"
"Food:Restaurant","2013-04-16","2013-04-16","2013-04-16","USD","29.43"
"Food:Restaurant","2013-04-17","2013-04-17","2013-04-17","USD","0"
"Food:Restaurant","2013-04-18","2013-04-18","2013-04-18","USD","31.04"
"Food:Restaurant","2013-04-19","2013-04-19","2013-04-19","USD","55.56"
"Food:Restaurant","2013-04-20","2013-04-20","2013-04-20","USD","0"
"Food:Restaurant","2013-04-21","2013-04-21","2013-04-21","USD","0"
"Food:Restaurant","2013-04-22","2013-04-22","2013-04-22","USD","28.07"
"Food:Restaurant","2013-04-23","2013-04-23","2013-04-23","USD","38.92"
"Food:Restaurant","2013-04-24","2013-04-24","2013-04-24","USD","53.05"
"Food:Restaurant","2013-04-25","2013-04-25","2013-04-25","USD","0"
"Food:Restaurant","2013-04-26","2013-04-26","2013-04-26","USD","0"
"Food:Restaurant","2013-04-27","2013-04-27","2013-04-27","USD","0"
"Food:Restaurant","2013-04-28","2013-04-28","2013-04-28","USD","41.75"
"Food:Restaurant","2013-04-29","2013-04-29","2013-04-29","USD","0"
"Food:Restaurant","2013-04-30","2013-04-30","2013-04-30","USD","25.33"
"Food:Restaurant","2013-05-01","2013-05-01","2013-05-01","USD","15.06"
"Food:Restaurant","2013-05-02","2013-05-02","2013-05-02","USD","0"
"Food:Restaurant","2013-05-03","2013-05-03","2013-05-03","USD","41.52"
"Food:Restaurant","2013-05-04","2013-05-04","2013-05-04","USD","0"
"Food:Restaurant","2013-05-05","2013-05-05","2013-05-05","USD","0"
"Food:Restaurant","2013-05-06","2013-05-06","2013-05-06","USD","0"
"Food:Restaurant","2013-05-07","2013-05-07","2013-05-07","USD","0"
"Food:Restaurant","2013-05-08","2013-05-08","2013-05-08","USD","26.15"
"Food:Restaurant","2013-05-09","2013-05-09","2013-05-09","USD","0"
"Food:Restaurant","2013-05-10","2013-05-10","2013-05-10","USD","0"
"Food:Restaurant","2013-05-11","2013-05-11","2013-05-11","USD","27.86"
"Food:Restaurant","2013-05-12","2013-05-12","2013-05-12","USD","0"
"Food:Restaurant","2013-05-13","2013-05-13","2013-05-13","USD","0"
"Food:Restaurant","2013-05-14","2013-05-14","2013-05-14","USD","0"
"Food:Restaurant","2013-05-15","2013-05-15","2013-05-15","USD","25.92"
"Food:Restaurant","2013-05-16","2013-05-16","2013-05-16","USD","0"
"Food:Restaurant","2013-05-17","2013-05-17","2013-05-17","USD","0"
"Food:Restaurant","2013-05-18","2013-05-18","2013-05-18","USD","0"
"Food:Restaurant","2013-05-19","2013-05-19","2013-05-19","USD","0"
"Food:Restaurant","2013-05-20","2013-05-20","2013-05-20","USD","19.83"
"Food:Restaurant","2013-05-21","2013-05-21","2013-05-21","USD","0"
"Food:Restaurant","2013-05-22","2013-05-22","2013-05-22","USD","0"
"Food:Restaurant","2013-05-23","2013-05-23","2013-05-23","USD","0"
"Food:Restaurant","2013-05-24","2013-05-24","2013-05-24","USD","0"
"Food:Restaurant","2013-05-25","2013-05-25","2013-05-25","USD","25.28"
"Food:Restaurant","2013-05-26","2013-05-26","2013-05-26","USD","0"
"Food:Restaurant","2013-05-27","2013-05-27","2013-05-27","USD","0"
"Food:Restaurant","2013-05-28","2013-05-28","2013-05-28","USD","0"
"Food:Restaurant","2013-05-29","2013-05-29","2013-05-29","USD","9.34"
"Food:Restaurant","2013-05-30","2013-05-30","2013-05-30","USD","0"
"Food:Restaurant","2013-05-31","2013-05-31","2013-05-31","USD","0"
"Food:Restaurant","2013-06-01","2013-06-01","2013-06-01","USD","0"
"Food:Restaurant","2013-06-02","2013-06-02","2013-06-02","USD","0"
"Food:Restaurant","2013-06-03","2013-06-03","2013-06-03","USD","41.23"
"Food:Restaurant","2013-06-04","2013-06-04","2013-06-04","USD","0"
"Food:Restaurant","2013-06-05","2013-06-05","2013-06-05","USD","26.52"
"Food:Restaurant","2013-06-06","2013-06-06","2013-06-06","USD","0"
"Food:Restaurant","2013-06-07","2013-06-07","2013-06-07","USD","0"
"Food:Restaurant","2013-06-08","2013-06-08","2013-06-08","USD","0"
"Food:Restaurant","2013-06-09","2013-06-09","2013-06-09","USD","0"
"Food:Restaurant","2013-06-10","2013-06-10","2013-06-10","USD","91.85"
"Food:Restaurant","2013-06-11","2013-06-11","2013-06-11","USD","0"
"Food:Restaurant","2013-06-12","2013-06-12","2013-06-12","USD","49.67"
"Food:Restaurant","2013-06-13","2013-06-13","2013-06-13","USD","0"
"Food:Restaurant","2013-06-14","2013-06-14","2013-06-14","USD","0"
"Food:Restaurant","2013-06-15","2013-06-15","2013-06-15","USD","0"
"Food:Restaurant","2013-06-16","2013-06-16","2013-06-16","USD","0"
"Food:Restaurant","2013-06-17","2013-06-17","2013-06-17","USD","22.37"
"Food:Restaurant","2013-06-18","2013-06-18","2013-06-18","USD","27.91"
"Food:Restaurant","2013-06-19","2013-06-19","2013-06-19","USD","0"
"Food:Restaurant","2013-06-20","2013-06-20","2013-06-20","USD","0"
"Food:Restaurant","2013-06-21","2013-06-21","2013-06-21","USD","0"
"Food:Restaurant","2013-06-22","2013-06-22","2013-06-22","USD","0"
"Food:Restaurant","2013-06-23","2013-06-23","2013-06-23","USD","25.36"
"Food:Restaurant","2013-06-24","2013-06-24","2013-06-24","USD","0"
"Food:Restaurant","2013-06-25","2013-06-25","2013-06-25","USD","0"
"Food:Restaurant","2013-06-26","2013-06-26","2013-06-26","USD","0"
"Food:Restaurant","2013-06-27","2013-06-27","2013-06-27","USD","0"
"Food:Restaurant","2013-06-28","2013-06-28","2013-06-28","USD","30.48"
"Food:Restaurant","2013-06-29","2013-06-29","2013-06-29","USD","42.69"
"Food:Restaurant","2013-06-30","2013-06-30","2013-06-30","USD","0"
"Food:Restaurant","2013-07-01","2013-07-01","2013-07-01","USD","0"
"Food:Restaurant","2013-07-02","2013-07-02","2013-07-02","USD","0"
"Food:Restaurant","2013-07-03","2013-07-03","2013-07-03","USD","0"
"Food:Restaurant","2013-07-04","2013-07-04","2013-07-04","USD","48.80"
"Food:Restaurant","2013-07-05","2013-07-05","2013-07-05","USD","0"
"Food:Restaurant","2013-07-06","2013-07-06","2013-07-06","USD","0"
"Food:Restaurant","2013-07-07","2013-07-07","2013-07-07","USD","0"
"Food:Restaurant","2013-07-08","2013-07-08","2013-07-08","USD","0"
"Food:Restaurant","2013-07-09","2013-07-09","2013-07-09","USD","47.52"
"Food:Restaurant","2013-07-10","2013-07-10","2013-07-10","USD","0"
"Food:Restaurant","2013-07-11","2013-07-11","2013-07-11","USD","112.17"
"Food:Restaurant","2013-07-12","2013-07-12","2013-07-12","USD","0"
"Food:Restaurant","2013-07-13","2013-07-13","2013-07-13","USD","31.81"
"Food:Restaurant","2013-07-14","2013-07-14","2013-07-14","USD","20.76"
"Food:Restaurant","2013-07-15","2013-07-15","2013-07-15","USD","61.05"
"Food:Restaurant","2013-07-16","2013-07-16","2013-07-16","USD","51.08"
"Food:Restaurant","2013-07-17","2013-07-17","2013-07-17","USD","26.76"
"Food:Restaurant","2013-07-18","2013-07-18","2013-07-18","USD","133.80"
"Food:Restaurant","2013-07-19","2013-07-19","2013-07-19","USD","20.36"
"Food:Restaurant","2013-07-20","2013-07-20","2013-07-20","USD","24.81"
"Food:Restaurant","2013-07-21","2013-07-21","2013-07-21","USD","108.76"
"Food:Restaurant","2013-07-22","2013-07-22","2013-07-22","USD","25.46"
"Food:Restaurant","2013-07-23","2013-07-23","2013-07-23","USD","0"
"Food:Restaurant","2013-07-24","2013-07-24","2013-07-24","USD","0"
"Food:Restaurant","2013-07-25","2013-07-25","2013-07-25","USD","0"
"Food:Restaurant","2013-07-26","2013-07-26","2013-07-26","USD","37.01"
"Food:Restaurant","2013-07-27","2013-07-27","2013-07-27","USD","82.18"
"Food:Restaurant","2013-07-28","2013-07-28","2013-07-28","USD","0"
"Food:Restaurant","2013-07-29","2013-07-29","2013-07-29","USD","30.89"
"Food:Restaurant","2013-07-30","2013-07-30","2013-07-30","USD","0"
"Food:Restaurant","2013-07-31","2013-07-31","2013-07-31","USD","0"
"Food:Restaurant","2013-08-01","2013-08-01","2013-08-01","USD","0"
"Food:Restaurant","2013-08-02","2013-08-02","2013-08-02","USD","0"
"Food:Restaurant","2013-08-03","2013-08-03","2013-08-03","USD","29.60"
"Food:Restaurant","2013-08-04","2013-08-04","2013-08-04","USD","0"
"Food:Restaurant","2013-08-05","2013-08-05","2013-08-05","USD","29.36"
"Food:Restaurant","2013-08-06","2013-08-06","2013-08-06","USD","20.07"
"Food:Restaurant","2013-08-07","2013-08-07","2013-08-07","USD","0"
"Food:Restaurant","2013-08-08","2013-08-08","2013-08-08","USD","0"
"Food:Restaurant","2013-08-09","2013-08-09","2013-08-09","USD","0"
"Food:Restaurant","2013-08-10","2013-08-10","2013-08-10","USD","0"
"Food:Restaurant","2013-08-11","2013-08-11","2013-08-11","USD","25.92"
"Food:Restaurant","2013-08-12","2013-08-12","2013-08-12","USD","0"
"Food:Restaurant","2013-08-13","2013-08-13","2013-08-13","USD","17.67"
"Food:Restaurant","2013-08-14","2013-08-14","2013-08-14","USD","0"
"Food:Restaurant","2013-08-15","2013-08-15","2013-08-15","USD","0"
"Food:Restaurant","2013-08-16","2013-08-16","2013-08-16","USD","0"
"Food:Restaurant","2013-08-17","2013-08-17","2013-08-17","USD","49.43"
"Food:Restaurant","2013-08-18","2013-08-18","2013-08-18","USD","0"
"Food:Restaurant","2013-08-19","2013-08-19","2013-08-19","USD","61.13"
"Food:Restaurant","2013-08-20","2013-08-20","2013-08-20","USD","0"
"Food:Restaurant","2013-08-21","2013-08-21","2013-08-21","USD","0"
"Food:Restaurant","2013-08-22","2013-08-22","2013-08-22","USD","48.07"
"Food:Restaurant","2013-08-23","2013-08-23","2013-08-23","USD","0"
"Food:Restaurant","2013-08-24","2013-08-24","2013-08-24","USD","37.73"
"Food:Restaurant","2013-08-25","2013-08-25","2013-08-25","USD","39.32"
"Food:Restaurant","2013-08-26","2013-08-26","2013-08-26","USD","0"
"Food:Restaurant","2013-08-27","2013-08-27","2013-08-27","USD","0"
"Food:Restaurant","2013-08-28","2013-08-28","2013-08-28","USD","0"
"Food:Restaurant","2013-08-29","2013-08-29","2013-08-29","USD","0"
"Food:Restaurant","2013-08-30","2013-08-30","2013-08-30","USD","38.91"
"Food:Restaurant","2013-08-31","2013-08-31","2013-08-31","USD","0"
"Food:Restaurant","2013-09-01","2013-09-01","2013-09-01","USD","0"
"Food:Restaurant","2013-09-02","2013-09-02","2013-09-02","USD","0"
"Food:Restaurant","2013-09-03","2013-09-03","2013-09-03","USD","0"
"Food:Restaurant","2013-09-04","2013-09-04","2013-09-04","USD","50.41"
"Food:Restaurant","2013-09-05","2013-09-05","2013-09-05","USD","32.83"
"Food:Restaurant","2013-09-06","2013-09-06","2013-09-06","USD","0"
"Food:Restaurant","2013-09-07","2013-09-07","2013-09-07","USD","0"
"Food:Restaurant","2013-09-08","2013-09-08","2013-09-08","USD","0"
"Food:Restaurant","2013-09-09","2013-09-09","2013-09-09","USD","0"
"Food:Restaurant","2013-09-10","2013-09-10","2013-09-10","USD","44.10"
"Food:Restaurant","2013-09-11","2013-09-11","2013-09-11","USD","15.76"
"Food:Restaurant","2013-09-12","2013-09-12","2013-09-12","USD","0"
"Food:Restaurant","2013-09-13","2013-09-13","2013-09-13","USD","0"
"Food:Restaurant","2013-09-14","2013-09-14","2013-09-14","USD","0"
"Food:Restaurant","2013-09-15","2013-09-15","2013-09-15","USD","0"
"Food:Restaurant","2013-09-16","2013-09-16","2013-09-16","USD","29.38"
"Food:Restaurant","2013-09-17","2013-09-17","2013-09-17","USD","0"
"Food:Restaurant","2013-09-18","2013-09-18","2013-09-18","USD","0"
"Food:Restaurant","2013-09-19","2013-09-19","2013-09-19","USD","0"
"Food:Restaurant","2013-09-20","2013-09-20","2013-09-20","USD","0"
"Food:Restaurant","2013-09-21","2013-09-21","2013-09-21","USD","18.85"
"Food:Restaurant","2013-09-22","2013-09-22","2013-09-22","USD","0"
"Food:Restaurant","2013-09-23","2013-09-23","2013-09-23","USD","0"
"Food:Restaurant","2013-09-24","2013-09-24","2013-09-24","USD","0"
"Food:Restaurant","2013-09-25","2013-09-25","2013-09-25","USD","20.56"
"Food:Restaurant","2013-09-26","2013-09-26","2013-09-26","USD","0"
"Food:Restaurant","2013-09-27","2013-09-27","2013-09-27","USD","0"
"Food:Restaurant","2013-09-28","2013-09-28","2013-09-28","USD","30.33"
"Food:Restaurant","2013-09-29","2013-09-29","2013-09-29","USD","0"
"Food:Restaurant","2013-09-30","2013-09-30","2013-09-30","USD","0"
"Food:Restaurant","2013-10-01","2013-10-01","2013-10-01","USD","15.89"
"Food:Restaurant","2013-10-02","2013-10-02","2013-10-02","USD","0"
"Food:Restaurant","2013-10-03","2013-10-03","2013-10-03","USD","0"
"Food:Restaurant","2013-10-04","2013-10-04","2013-10-04","USD","0"
"Food:Restaurant","2013-10-05","2013-10-05","2013-10-05","USD","0"
"Food:Restaurant","2013-10-06","2013-10-06","2013-10-06","USD","40.70"
"Food:Restaurant","2013-10-07","2013-10-07","2013-10-07","USD","0"
"Food:Restaurant","2013-10-08","2013-10-08","2013-10-08","USD","25.07"
"Food:Restaurant","2013-10-09","2013-10-09","2013-10-09","USD","0"
"Food:Restaurant","2013-10-10","2013-10-10","2013-10-10","USD","0"
"Food:Restaurant","2013-10-11","2013-10-11","2013-10-11","USD","20.32"
"Food:Restaurant","2013-10-12","2013-10-12","2013-10-12","USD","0"
"Food:Restaurant","2013-10-13","2013-10-13","2013-10-13","USD","0"
"Food:Restaurant","2013-10-14","2013-10-14","2013-10-14","USD","0"
"Food:Restaurant","2013-10-15","2013-10-15","2013-10-15","USD","0"
"Food:Restaurant","2013-10-16","2013-10-16","2013-10-16","USD","49.29"
"Food:Restaurant","2013-10-17","2013-10-17","2013-10-17","USD","0"
"Food:Restaurant","2013-10-18","2013-10-18","2013-10-18","USD","0"
"Food:Restaurant","2013-10-19","2013-10-19","2013-10-19","USD","25.49"
"Food:Restaurant","2013-10-20","2013-10-20","2013-10-20","USD","0"
"Food:Restaurant","2013-10-21","2013-10-21","2013-10-21","USD","0"
"Food:Restaurant","2013-10-22","2013-10-22","2013-10-22","USD","0"
"Food:Restaurant","2013-10-23","2013-10-23","2013-10-23","USD","16.88"
"Food:Restaurant","2013-10-24","2013-10-24","2013-10-24","USD","0"
"Food:Restaurant","2013-10-25","2013-10-25","2013-10-25","USD","0"
"Food:Restaurant","2013-10-26","2013-10-26","2013-10-26","USD","0"
"Food:Restaurant","2013-10-27","2013-10-27","2013-10-27","USD","0"
"Food:Restaurant","2013-10-28","2013-10-28","2013-10-28","USD","22.25"
"Food:Restaurant","2013-10-29","2013-10-29","2013-10-29","USD","57.20"
"Food:Restaurant","2013-10-30","2013-10-30","2013-10-30","USD","0"
"Food:Restaurant","2013-10-31","2013-10-31","2013-10-31","USD","0"
"Food:Restaurant","2013-11-01","2013-11-01","2013-11-01","USD","15.16"
"Food:Restaurant","2013-11-02","2013-11-02","2013-11-02","USD","0"
"Food:Restaurant","2013-11-03","2013-11-03","2013-11-03","USD","0"
"Food:Restaurant","2013-11-04","2013-11-04","2013-11-04","USD","0"
"Food:Restaurant","2013-11-05","2013-11-05","2013-11-05","USD","0"
"Food:Restaurant","2013-11-06","2013-11-06","2013-11-06","USD","18.10"
"Food:Restaurant","2013-11-07","2013-11-07","2013-11-07","USD","0"
"Food:Restaurant","2013-11-08","2013-11-08","2013-11-08","USD","0"
"Food:Restaurant","2013-11-09","2013-11-09","2013-11-09","USD","55.28"
"Food:Restaurant","2013-11-10","2013-11-10","2013-11-10","USD","0"
"Food:Restaurant","2013-11-11","2013-11-11","2013-11-11","USD","0"
"Food:Restaurant","2013-11-12","2013-11-12","2013-11-12","USD","39.47"
"Food:Restaurant","2013-11-13","2013-11-13","2013-11-13","USD","0"
"Food:Restaurant","2013-11-14","2013-11-14","2013-11-14","USD","0"
"Food:Restaurant","2013-11-15","2013-11-15","2013-11-15","USD","21.32"
"Food:Restaurant","2013-11-16","2013-11-16","2013-11-16","USD","0"
"Food:Restaurant","2013-11-17","2013-11-17","2013-11-17","USD","0"
"Food:Restaurant","2013-11-18","2013-11-18","2013-11-18","USD","30.61"
"Food:Restaurant","2013-11-19","2013-11-19","2013-11-19","USD","0"
"Food:Restaurant","2013-11-20","2013-11-20","2013-11-20","USD","0"
"Food:Restaurant","2013-11-21","2013-11-21","2013-11-21","USD","26.45"
"Food:Restaurant","2013-11-22","2013-11-22","2013-11-22","USD","0"
"Food:Restaurant","2013-11-23","2013-11-23","2013-11-23","USD","23.98"
"Food:Restaurant","2013-11-24","2013-11-24","2013-11-24","USD","0"
"Food:Restaurant","2013-11-25","2013-11-25","2013-11-25","USD","0"
"Food:Restaurant","2013-11-26","2013-11-26","2013-11-26","USD","0"
"Food:Restaurant","2013-11-27","2013-11-27","2013-11-27","USD","0"
"Food:Restaurant","2013-11-28","2013-11-28","2013-11-28","USD","35.53"
"Food:Restaurant","2013-11-29","2013-11-29","2013-11-29","USD","0"
"Food:Restaurant","2013-11-30","2013-11-30","2013-11-30","USD","32.30"
"Food:Restaurant","2013-12-01","2013-12-01","2013-12-01","USD","27.18"
"Food:Restaurant","2013-12-02","2013-12-02","2013-12-02","USD","0"
"Food:Restaurant","2013-12-03","2013-12-03","2013-12-03","USD","0"
"Food:Restaurant","2013-12-04","2013-12-04","2013-12-04","USD","0"
"Food:Restaurant","2013-12-05","2013-12-05","2013-12-05","USD","0"
"Food:Restaurant","2013-12-06","2013-12-06","2013-12-06","USD","30.61"
"Food:Restaurant","2013-12-07","2013-12-07","2013-12-07","USD","40.94"
"Food:Restaurant","2013-12-08","2013-12-08","2013-12-08","USD","0"
"Food:Restaurant","2013-12-09","2013-12-09","2013-12-09","USD","0"
"Food:Restaurant","2013-12-10","2013-12-10","2013-12-10","USD","0"
"Food:Restaurant","2013-12-11","2013-12-11","2013-12-11","USD","25.01"
"Food:Restaurant","2013-12-12","2013-12-12","2013-12-12","USD","60.45"
"Food:Restaurant","2013-12-13","2013-12-13","2013-12-13","USD","0"
"Food:Restaurant","2013-12-14","2013-12-14","2013-12-14","USD","0"
"Food:Restaurant","2013-12-15","2013-12-15","2013-12-15","USD","0"
"Food:Restaurant","2013-12-16","2013-12-16","2013-12-16","USD","0"
"Food:Restaurant","2013-12-17","2013-12-17","2013-12-17","USD","35.92"
"Food:Restaurant","2013-12-18","2013-12-18","2013-12-18","USD","0"
"Food:Restaurant","2013-12-19","2013-12-19","2013-12-19","USD","0"
"Food:Restaurant","2013-12-20","2013-12-20","2013-12-20","USD","30.12"
"Food:Restaurant","2013-12-21","2013-12-21","2013-12-21","USD","0"
"Food:Restaurant","2013-12-22","2013-12-22","2013-12-22","USD","33.63"
"Food:Restaurant","2013-12-23","2013-12-23","2013-12-23","USD","0"
"Food:Restaurant","2013-12-24","2013-12-24","2013-12-24","USD","0"
"Food:Restaurant","2013-12-25","2013-12-25","2013-12-25","USD","0"
"Food:Restaurant","2013-12-26","2013-12-26","2013-12-26","USD","36.98"
"Food:Restaurant","2013-12-27","2013-12-27","2013-12-27","USD","0"
"Food:Restaurant","2013-12-28","2013-12-28","2013-12-28","USD","0"
"Food:Restaurant","2013-12-29","2013-12-29","2013-12-29","USD","0"
"Food:Restaurant","2013-12-30","2013-12-30","2013-12-30","USD","0"
"Food:Restaurant","2013-12-31","2013-12-31","2013-12-31","USD","15.57"
"Food:Restaurant","2014-01-01","2014-01-01","2014-01-01","USD","0"
"Food:Restaurant","2014-01-02","2014-01-02","2014-01-02","USD","0"
"Food:Restaurant","2014-01-03","2014-01-03","2014-01-03","USD","0"
"Food:Restaurant","2014-01-04","2014-01-04","2014-01-04","USD","19.98"
"Food:Restaurant","2014-01-05","2014-01-05","2014-01-05","USD","0"
"Food:Restaurant","2014-01-06","2014-01-06","2014-01-06","USD","0"
"Food:Restaurant","2014-01-07","2014-01-07","2014-01-07","USD","23.60"
"Food:Restaurant","2014-01-08","2014-01-08","2014-01-08","USD","0"
"Food:Restaurant","2014-01-09","2014-01-09","2014-01-09","USD","0"
"Food:Restaurant","2014-01-10","2014-01-10","2014-01-10","USD","29.09"
"Food:Restaurant","2014-01-11","2014-01-11","2014-01-11","USD","40.05"
"Food:Restaurant","2014-01-12","2014-01-12","2014-01-12","USD","0"
"Food:Restaurant","2014-01-13","2014-01-13","2014-01-13","USD","0"
"Food:Restaurant","2014-01-14","2014-01-14","2014-01-14","USD","0"
"Food:Restaurant","2014-01-15","2014-01-15","2014-01-15","USD","0"
"Food:Restaurant","2014-01-16","2014-01-16","2014-01-16","USD","85.37"
"Food:Restaurant","2014-01-17","2014-01-17","2014-01-17","USD","0"
"Food:Restaurant","2014-01-18","2014-01-18","2014-01-18","USD","0"
"Food:Restaurant","2014-01-19","2014-01-19","2014-01-19","USD","0"
"Food:Restaurant","2014-01-20","2014-01-20","2014-01-20","USD","18.11"
"Food:Restaurant","2014-01-21","2014-01-21","2014-01-21","USD","32.82"
"Food:Restaurant","2014-01-22","2014-01-22","2014-01-22","USD","0"
"Food:Restaurant","2014-01-23","2014-01-23","2014-01-23","USD","0"
"Food:Restaurant","2014-01-24","2014-01-24","2014-01-24","USD","22.96"
"Food:Restaurant","2014-01-25","2014-01-25","2014-01-25","USD","54.79"
"Food:Restaurant","2014-01-26","2014-01-26","2014-01-26","USD","0"
"Food:Restaurant","2014-01-27","2014-01-27","2014-01-27","USD","0"
"Food:Restaurant","2014-01-28","2014-01-28","2014-01-28","USD","0"
"Food:Restaurant","2014-01-29","2014-01-29","2014-01-29","USD","0"
"Food:Restaurant","2014-01-30","2014-01-30","2014-01-30","USD","48.46"
"Food:Restaurant","2014-01-31","2014-01-31","2014-01-31","USD","0"
"Food:Restaurant","2014-02-01","2014-02-01","2014-02-01","USD","0"
"Food:Restaurant","2014-02-02","2014-02-02","2014-02-02","USD","0"
"Food:Restaurant","2014-02-03","2014-02-03","2014-02-03","USD","0"
"Food:Restaurant","2014-02-04","2014-02-04","2014-02-04","USD","44.45"
"Food:Restaurant","2014-02-05","2014-02-05","2014-02-05","USD","0"
"Food:Restaurant","2014-02-06","2014-02-06","2014-02-06","USD","52.93"
"Food:Restaurant","2014-02-07","2014-02-07","2014-02-07","USD","0"
"Food:Restaurant","2014-02-08","2014-02-08","2014-02-08","USD","0"
"Food:Restaurant","2014-02-09","2014-02-09","2014-02-09","USD","0"
"Food:Restaurant","2014-02-10","2014-02-10","2014-02-10","USD","40.61"
"Food:Restaurant","2014-02-11","2014-02-11","2014-02-11","USD","0"
"Food:Restaurant","2014-02-12","2014-02-12","2014-02-12","USD","0"
"Food:Restaurant","2014-02-13","2014-02-13","2014-02-13","USD","0"
"Food:Restaurant","2014-02-14","2014-02-14","2014-02-14","USD","0"
"Food:Restaurant","2014-02-15","2014-02-15","2014-02-15","USD","41.79"
"Food:Restaurant","2014-02-16","2014-02-16","2014-02-16","USD","0"
"Food:Restaurant","2014-02-17","2014-02-17","2014-02-17","USD","0"
"Food:Restaurant","2014-02-18","2014-02-18","2014-02-18","USD","51.68"
"Food:Restaurant","2014-02-19","2014-02-19","2014-02-19","USD","22.32"
"Food:Restaurant","2014-02-20","2014-02-20","2014-02-20","USD","0"
"Food:Restaurant","2014-02-21","2014-02-21","2014-02-21","USD","18.66"
"Food:Restaurant","2014-02-22","2014-02-22","2014-02-22","USD","0"
"Food:Restaurant","2014-02-23","2014-02-23","2014-02-23","USD","14.06"
"Food:Restaurant","2014-02-24","2014-02-24","2014-02-24","USD","0"
"Food:Restaurant","2014-02-25","2014-02-25","2014-02-25","USD","34.55"
"Food:Restaurant","2014-02-26","2014-02-26","2014-02-26","USD","0"
"Food:Restaurant","2014-02-27","2014-02-27","2014-02-27","USD","0"
"Food:Restaurant","2014-02-28","2014-02-28","2014-02-28","USD","0"
"Food:Restaurant","2014-03-01","2014-03-01","2014-03-01","USD","40.82"
"Food:Restaurant","2014-03-02","2014-03-02","2014-03-02","USD","32.33"
"Food:Restaurant","2014-03-03","2014-03-03","2014-03-03","USD","32.29"
"Food:Restaurant","2014-03-04","2014-03-04","2014-03-04","USD","0"
"Food:Restaurant","2014-03-05","2014-03-05","2014-03-05","USD","47.98"
"Food:Restaurant","2014-03-06","2014-03-06","2014-03-06","USD","0"
"Food:Restaurant","2014-03-07","2014-03-07","2014-03-07","USD","0"
"Food:Restaurant","2014-03-08","2014-03-08","2014-03-08","USD","42.60"
"Food:Restaurant","2014-03-09","2014-03-09","2014-03-09","USD","0"
"Food:Restaurant","2014-03-10","2014-03-10","2014-03-10","USD","23.22"
"Food:Restaurant","2014-03-11","2014-03-11","2014-03-11","USD","24.36"
"Food:Restaurant","2014-03-12","2014-03-12","2014-03-12","USD","0"
"Food:Restaurant","2014-03-13","2014-03-13","2014-03-13","USD","0"
"Food:Restaurant","2014-03-14","2014-03-14","2014-03-14","USD","0"
"Food:Restaurant","2014-03-15","2014-03-15","2014-03-15","USD","0"
"Food:Restaurant","2014-03-16","2014-03-16","2014-03-16","USD","20.53"
"Food:Restaurant","2014-03-17","2014-03-17","2014-03-17","USD","0"
"Food:Restaurant","2014-03-18","2014-03-18","2014-03-18","USD","40.82"
"Food:Restaurant","2014-03-19","2014-03-19","2014-03-19","USD","31.19"
"Food:Restaurant","2014-03-20","2014-03-20","2014-03-20","USD","0"
"Food:Restaurant","2014-03-21","2014-03-21","2014-03-21","USD","0"
"Food:Restaurant","2014-03-22","2014-03-22","2014-03-22","USD","0"
"Food:Restaurant","2014-03-23","2014-03-23","2014-03-23","USD","0"
"Food:Restaurant","2014-03-24","2014-03-24","2014-03-24","USD","70.57"
"Food:Restaurant","2014-03-25","2014-03-25","2014-03-25","USD","0"
"Food:Restaurant","2014-03-26","2014-03-26","2014-03-26","USD","23.96"
"Food:Restaurant","2014-03-27","2014-03-27","2014-03-27","USD","20.24"
"Food:Restaurant","2014-03-28","2014-03-28","2014-03-28","USD","31.56"
"Food:Restaurant","2014-03-29","2014-03-29","2014-03-29","USD","0"
"Food:Restaurant","2014-03-30","2014-03-30","2014-03-30","USD","0"
"Food:Restaurant","2014-03-31","2014-03-31","2014-03-31","USD","28.83"
"Food:Restaurant","2014-04-01","2014-04-01","2014-04-01","USD","0"
"Food:Restaurant","2014-04-02","2014-04-02","2014-04-02","USD","0"
"Food:Restaurant","2014-04-03","2014-04-03","2014-04-03","USD","0"
"Food:Restaurant","2014-04-04","2014-04-04","2014-04-04","USD","69.15"
"Food:Restaurant","2014-04-05","2014-04-05","2014-04-05","USD","0"
"Food:Restaurant","2014-04-06","2014-04-06","2014-04-06","USD","0"
"Food:Restaurant","2014-04-07","2014-04-07","2014-04-07","USD","0"
"Food:Restaurant","2014-04-08","2014-04-08","2014-04-08","USD","0"
"Food:Restaurant","2014-04-09","2014-04-09","2014-04-09","USD","64.18"
"Food:Restaurant","2014-04-10","2014-04-10","2014-04-10","USD","19.97"
"Food:Restaurant","2014-04-11","2014-04-11","2014-04-11","USD","0"
"Food:Restaurant","2014-04-12","2014-04-12","2014-04-12","USD","0"
"Food:Restaurant","2014-04-13","2014-04-13","2014-04-13","USD","0"
"Food:Restaurant","2014-04-14","2014-04-14","2014-04-14","USD","0"
"Food:Restaurant","2014-04-15","2014-04-15","2014-04-15","USD","19.44"
"Food:Restaurant","2014-04-16","2014-04-16","2014-04-16","USD","0"
"Food:Restaurant","2014-04-17","2014-04-17","2014-04-17","USD","0"
"Food:Restaurant","2014-04-18","2014-04-18","2014-04-18","USD","23.55"
"Food:Restaurant","2014-04-19","2014-04-19","2014-04-19","USD","0"
"Food:Restaurant","2014-04-20","2014-04-20","2014-04-20","USD","36.05"
"Food:Restaurant","2014-04-21","2014-04-21","2014-04-21","USD","0"
"Food:Restaurant","2014-04-22","2014-04-22","2014-04-22","USD","41.40"
"Food:Restaurant","2014-04-23","2014-04-23","2014-04-23","USD","0"
"Food:Restaurant","2014-04-24","2014-04-24","2014-04-24","USD","0"
"Food:Restaurant","2014-04-25","2014-04-25","2014-04-25","USD","0"
"Food:Restaurant","2014-04-26","2014-04-26","2014-04-26","USD","23.34"
"Food:Restaurant","2014-04-27","2014-04-27","2014-04-27","USD","0"
"Food:Restaurant","2014-04-28","2014-04-28","2014-04-28","USD","0"
"Food:Restaurant","2014-04-29","2014-04-29","2014-04-29","USD","0"
"Food:Restaurant","2014-04-30","2014-04-30","2014-04-30","USD","0"
"Food:Restaurant","2014-05-01","2014-05-01","2014-05-01","USD","29.91"
"Food:Restaurant","2014-05-02","2014-05-02","2014-05-02","USD","0"
"Food:Restaurant","2014-05-03","2014-05-03","2014-05-03","USD","0"
"Food:Restaurant","2014-05-04","2014-05-04","2014-05-04","USD","42.55"
"Food:Restaurant","2014-05-05","2014-05-05","2014-05-05","USD","0"
"Food:Restaurant","2014-05-06","2014-05-06","2014-05-06","USD","32.71"
"Food:Restaurant","2014-05-07","2014-05-07","2014-05-07","USD","0"
"Food:Restaurant","2014-05-08","2014-05-08","2014-05-08","USD","0"
"Food:Restaurant","2014-05-09","2014-05-09","2014-05-09","USD","30.10"
"Food:Restaurant","2014-05-10","2014-05-10","2014-05-10","USD","48.24"
"Food:Restaurant","2014-05-11","2014-05-11","2014-05-11","USD","0"
"Food:Restaurant","2014-05-12","2014-05-12","2014-05-12","USD","0"
"Food:Restaurant","2014-05-13","2014-05-13","2014-05-13","USD","0"
"Food:Restaurant","2014-05-14","2014-05-14","2014-05-14","USD","0"
"Food:Restaurant","2014-05-15","2014-05-15","2014-05-15","USD","29.51"
"Food:Restaurant","2014-05-16","2014-05-16","2014-05-16","USD","0"
"Food:Restaurant","2014-05-17","2014-05-17","2014-05-17","USD","0"
"Food:Restaurant","2014-05-18","2014-05-18","2014-05-18","USD","0"
"Food:Restaurant","2014-05-19","2014-05-19","2014-05-19","USD","0"
"Food:Restaurant","2014-05-20","2014-05-20","2014-05-20","USD","32.69"
"Food:Restaurant","2014-05-21","2014-05-21","2014-05-21","USD","46.49"
"Food:Restaurant","2014-05-22","2014-05-22","2014-05-22","USD","0"
"Food:Restaurant","2014-05-23","2014-05-23","2014-05-23","USD","0"
"Food:Restaurant","2014-05-24","2014-05-24","2014-05-24","USD","0"
"Food:Restaurant","2014-05-25","2014-05-25","2014-05-25","USD","0"
"Food:Restaurant","2014-05-26","2014-05-26","2014-05-26","USD","35.21"
"Food:Restaurant","2014-05-27","2014-05-27","2014-05-27","USD","0"
"Food:Restaurant","2014-05-28","2014-05-28","2014-05-28","USD","60.05"
"Food:Restaurant","2014-05-29","2014-05-29","2014-05-29","USD","0"
"Food:Restaurant","2014-05-30","2014-05-30","2014-05-30","USD","13.53"
"Food:Restaurant","2014-05-31","2014-05-31","2014-05-31","USD","7.73"
"Food:Restaurant","2014-06-01","2014-06-01","2014-06-01","USD","0"
"Food:Restaurant","2014-06-02","2014-06-02","2014-06-02","USD","0"
"Food:Restaurant","2014-06-03","2014-06-03","2014-06-03","USD","0"
"Food:Restaurant","2014-06-04","2014-06-04","2014-06-04","USD","0"
"Food:Restaurant","2014-06-05","2014-06-05","2014-06-05","USD","42.25"
"Food:Restaurant","2014-06-06","2014-06-06","2014-06-06","USD","0"
"Food:Restaurant","2014-06-07","2014-06-07","2014-06-07","USD","0"
"Food:Restaurant","2014-06-08","2014-06-08","2014-06-08","USD","0"
"Food:Restaurant","2014-06-09","2014-06-09","2014-06-09","USD","0"
"Food:Restaurant","2014-06-10","2014-06-10","2014-06-10","USD","21.94"
"Food:Restaurant","2014-06-11","2014-06-11","2014-06-11","USD","0"
"Food:Restaurant","2014-06-12","2014-06-12","2014-06-12","USD","17.58"
"Food:Restaurant","2014-06-13","2014-06-13","2014-06-13","USD","0"
"Food:Restaurant","2014-06-14","2014-06-14","2014-06-14","USD","27.42"
"Food:Restaurant","2014-06-15","2014-06-15","2014-06-15","USD","0"
"Food:Restaurant","2014-06-16","2014-06-16","2014-06-16","USD","17.39"
"Food:Restaurant","2014-06-17","2014-06-17","2014-06-17","USD","0"
"Food:Restaurant","2014-06-18","2014-06-18","2014-06-18","USD","0"
"Food:Restaurant","2014-06-19","2014-06-19","2014-06-19","USD","31.19"
"Food:Restaurant","2014-06-20","2014-06-20","2014-06-20","USD","0"
"Food:Restaurant","2014-06-21","2014-06-21","2014-06-21","USD","0"
"Food:Restaurant","2014-06-22","2014-06-22","2014-06-22","USD","34.64"
"Food:Restaurant","2014-06-23","2014-06-23","2014-06-23","USD","86.95"
"Food:Restaurant","2014-06-24","2014-06-24","2014-06-24","USD","45.66"
"Food:Restaurant","2014-06-25","2014-06-25","2014-06-25","USD","0"
"Food:Restaurant","2014-06-26","2014-06-26","2014-06-26","USD","69.51"
"Food:Restaurant","2014-06-27","2014-06-27","2014-06-27","USD","37.21"
"Food:Restaurant","2014-06-28","2014-06-28","2014-06-28","USD","80.31"
"Food:Restaurant","2014-06-29","2014-06-29","2014-06-29","USD","37.60"
"Food:Restaurant","2014-06-30","2014-06-30","2014-06-30","USD","49.19"
"Food:Restaurant","2014-07-01","2014-07-01","2014-07-01","USD","40.85"
"Food:Restaurant","2014-07-02","2014-07-02","2014-07-02","USD","51.35"
"Food:Restaurant","2014-07-03","2014-07-03","2014-07-03","USD","64.07"
"Food:Restaurant","2014-07-04","2014-07-04","2014-07-04","USD","0"
"Food:Restaurant","2014-07-05","2014-07-05","2014-07-05","USD","83.76"
"Food:Restaurant","2014-07-06","2014-07-06","2014-07-06","USD","34.77"
"Food:Restaurant","2014-07-07","2014-07-07","2014-07-07","USD","0"
"Food:Restaurant","2014-07-08","2014-07-08","2014-07-08","USD","0"
"Food:Restaurant","2014-07-09","2014-07-09","2014-07-09","USD","23.04"
"Food:Restaurant","2014-07-10","2014-07-10","2014-07-10","USD","70.09"
"Food:Restaurant","2014-07-11","2014-07-11","2014-07-11","USD","85.62"
"Food:Restaurant","2014-07-12","2014-07-12","2014-07-12","USD","77.85"
"Food:Restaurant","2014-07-13","2014-07-13","2014-07-13","USD","22.82"
"Food:Restaurant","2014-07-14","2014-07-14","2014-07-14","USD","54.46"
"Food:Restaurant","2014-07-15","2014-07-15","2014-07-15","USD","0"
"Food:Restaurant","2014-07-16","2014-07-16","2014-07-16","USD","0"
"Food:Restaurant","2014-07-17","2014-07-17","2014-07-17","USD","0"
"Food:Restaurant","2014-07-18","2014-07-18","2014-07-18","USD","18.18"
"Food:Restaurant","2014-07-19","2014-07-19","2014-07-19","USD","0"
"Food:Restaurant","2014-07-20","2014-07-20","2014-07-20","USD","0"
"Food:Restaurant","2014-07-21","2014-07-21","2014-07-21","USD","37.65"
"Food:Restaurant","2014-07-22","2014-07-22","2014-07-22","USD","0"
"Food:Restaurant","2014-07-23","2014-07-23","2014-07-23","USD","0"
"Food:Restaurant","2014-07-24","2014-07-24","2014-07-24","USD","34.70"
"Food:Restaurant","2014-07-25","2014-07-25","2014-07-25","USD","0"
"Food:Restaurant","2014-07-26","2014-07-26","2014-07-26","USD","0"
"Food:Restaurant","2014-07-27","2014-07-27","2014-07-27","USD","0"
"Food:Restaurant","2014-07-28","2014-07-28","2014-07-28","USD","0"
"Food:Restaurant","2014-07-29","2014-07-29","2014-07-29","USD","62.04"
"Food:Restaurant","2014-07-30","2014-07-30","2014-07-30","USD","0"
"Food:Restaurant","2014-07-31","2014-07-31","2014-07-31","USD","0"
"Food:Restaurant","2014-08-01","2014-08-01","2014-08-01","USD","0"
"Food:Restaurant","2014-08-02","2014-08-02","2014-08-02","USD","20.26"
"Food:Restaurant","2014-08-03","2014-08-03","2014-08-03","USD","0"
"Food:Restaurant","2014-08-04","2014-08-04","2014-08-04","USD","0"
"Food:Restaurant","2014-08-05","2014-08-05","2014-08-05","USD","44.46"
"Food:Restaurant","2014-08-06","2014-08-06","2014-08-06","USD","0"
"Food:Restaurant","2014-08-07","2014-08-07","2014-08-07","USD","0"
"Food:Restaurant","2014-08-08","2014-08-08","2014-08-08","USD","37.62"
"Food:Restaurant","2014-08-09","2014-08-09","2014-08-09","USD","0"
"Food:Restaurant","2014-08-10","2014-08-10","2014-08-10","USD","48.58"
"Food:Restaurant","2014-08-11","2014-08-11","2014-08-11","USD","30.24"
"Food:Restaurant","2014-08-12","2014-08-12","2014-08-12","USD","0"
"Food:Restaurant","2014-08-13","2014-08-13","2014-08-13","USD","24.73"
"Food:Restaurant","2014-08-14","2014-08-14","2014-08-14","USD","0"
"Food:Restaurant","2014-08-15","2014-08-15","2014-08-15","USD","28.32"
"Food:Restaurant","2014-08-16","2014-08-16","2014-08-16","USD","0"
"Food:Restaurant","2014-08-17","2014-08-17","2014-08-17","USD","0"
"Food:Restaurant","2014-08-18","2014-08-18","2014-08-18","USD","22.64"
"Food:Restaurant","2014-08-19","2014-08-19","2014-08-19","USD","0"
"Food:Restaurant","2014-08-20","2014-08-20","2014-08-20","USD","21.86"
"Food:Restaurant","2014-08-21","2014-08-21","2014-08-21","USD","23.04"
"Food:Restaurant","2014-08-22","2014-08-22","2014-08-22","USD","29.75"
"Food:Restaurant","2014-08-23","2014-08-23","2014-08-23","USD","0"
"Food:Restaurant","2014-08-24","2014-08-24","2014-08-24","USD","0"
"Food:Restaurant","2014-08-25","2014-08-25","2014-08-25","USD","37.46"
"Food:Restaurant","2014-08-26","2014-08-26","2014-08-26","USD","0"
"Food:Restaurant","2014-08-27","2014-08-27","2014-08-27","USD","39.35"
"Food:Restaurant","2014-08-28","2014-08-28","2014-08-28","USD","0"
"Food:Restaurant","2014-08-29","2014-08-29","2014-08-29","USD","40.56"
"Food:Restaurant","2014-08-30","2014-08-30","2014-08-30","USD","36.73"
"Food:Restaurant","2014-08-31","2014-08-31","2014-08-31","USD","18.93"
"Food:Restaurant","2014-09-01","2014-09-01","2014-09-01","USD","24.08"
"Food:Restaurant","2014-09-02","2014-09-02","2014-09-02","USD","0"
"Food:Restaurant","2014-09-03","2014-09-03","2014-09-03","USD","0"
"Food:Restaurant","2014-09-04","2014-09-04","2014-09-04","USD","0"
"Food:Restaurant","2014-09-05","2014-09-05","2014-09-05","USD","11.02"
"Food:Restaurant","2014-09-06","2014-09-06","2014-09-06","USD","0"
"Food:Restaurant","2014-09-07","2014-09-07","2014-09-07","USD","0"
"Food:Restaurant","2014-09-08","2014-09-08","2014-09-08","USD","46.39"
"Food:Restaurant","2014-09-09","2014-09-09","2014-09-09","USD","27.02"
"Food:Restaurant","2014-09-10","2014-09-10","2014-09-10","USD","25.39"
"Food:Restaurant","2014-09-11","2014-09-11","2014-09-11","USD","0"
"Food:Restaurant","2014-09-12","2014-09-12","2014-09-12","USD","0"
"Food:Restaurant","2014-09-13","2014-09-13","2014-09-13","USD","30.97"
"Food:Restaurant","2014-09-14","2014-09-14","2014-09-14","USD","10.90"
"Food:Restaurant","2014-09-15","2014-09-15","2014-09-15","USD","0"
"Food:Restaurant","2014-09-16","2014-09-16","2014-09-16","USD","0"
"Food:Restaurant","2014-09-17","2014-09-17","2014-09-17","USD","0"
"Food:Restaurant","2014-09-18","2014-09-18","2014-09-18","USD","22.80"
"Food:Restaurant","2014-09-19","2014-09-19","2014-09-19","USD","0"
"Food:Restaurant","2014-09-20","2014-09-20","2014-09-20","USD","35.57"
"Food:Restaurant","2014-09-21","2014-09-21","2014-09-21","USD","0"
"Food:Restaurant","2014-09-22","2014-09-22","2014-09-22","USD","0"
"Food:Restaurant","2014-09-23","2014-09-23","2014-09-23","USD","0"
"Food:Restaurant","2014-09-24","2014-09-24","2014-09-24","USD","21.15"
"Food:Restaurant","2014-09-25","2014-09-25","2014-09-25","USD","0"
"Food:Restaurant","2014-09-26","2014-09-26","2014-09-26","USD","21.03"
"Food:Restaurant","2014-09-27","2014-09-27","2014-09-27","USD","0"
"Food:Restaurant","2014-09-28","2014-09-28","2014-09-28","USD","0"
"Food:Restaurant","2014-09-29","2014-09-29","2014-09-29","USD","27.44"
"Food:Restaurant","2014-09-30","2014-09-30","2014-09-30","USD","0"
"Food:Restaurant","2014-10-01","2014-10-01","2014-10-01","USD","0"
"Food:Restaurant","2014-10-02","2014-10-02","2014-10-02","USD","0"
"Food:Restaurant","2014-10-03","2014-10-03","2014-10-03","USD","0"
"Food:Restaurant","2014-10-04","2014-10-04","2014-10-04","USD","38.17"
"Food:Restaurant","2014-10-05","2014-10-05","2014-10-05","USD","0"
"Food:Restaurant","2014-10-06","2014-10-06","2014-10-06","USD","23.00"
"Food:Restaurant","2014-10-07","2014-10-07","2014-10-07","USD","0"
"Food:Restaurant","2014-10-08","2014-10-08","2014-10-08","USD","0"
"Food:Restaurant","2014-10-09","2014-10-09","2014-10-09","USD","0"
"Food:Restaurant","2014-10-10","2014-10-10","2014-10-10","USD","0"
"Food:Restaurant","2014-10-11","2014-10-11","2014-10-11","USD","21.83"
"Health:Dental","2012-01-03","2012-01-03","2012-01-03","USD","0"
"Health:Dental","2012-01-04","2012-01-04","2012-01-04","USD","0"
"Health:Dental","2012-01-05","2012-01-05","2012-01-05","USD","2.90"
"Health:Dental","2012-01-06","2012-01-06","2012-01-06","USD","0"
"Health:Dental","2012-01-07","2012-01-07","2012-01-07","USD","0"
"Health:Dental","2012-01-08","2012-01-08","2012-01-08","USD","0"
"Health:Dental","2012-01-09","2012-01-09","2012-01-09","USD","0"
"Health:Dental","2012-01-10","2012-01-10","2012-01-10","USD","0"
"Health:Dental","2012-01-11","2012-01-11","2012-01-11","USD","0"
"Health:Dental","2012-01-12","2012-01-12","2012-01-12","USD","0"
"Health:Dental","2012-01-13","2012-01-13","2012-01-13","USD","0"
"Health:Dental","2012-01-14","2012-01-14","2012-01-14","USD","0"
"Health:Dental","2012-01-15","2012-01-15","2012-01-15","USD","0"
"Health:Dental","2012-01-16","2012-01-16","2012-01-16","USD","0"
"Health:Dental","2012-01-17","2012-01-17","2012-01-17","USD","0"
"Health:Dental","2012-01-18","2012-01-18","2012-01-18","USD","0"
"Health:Dental","2012-01-19","2012-01-19","2012-01-19","USD","2.90"
"Health:Dental","2012-01-20","2012-01-20","2012-01-20","USD","0"
"Health:Dental","2012-01-21","2012-01-21","2012-01-21","USD","0"
"Health:Dental","2012-01-22","2012-01-22","2012-01-22","USD","0"
"Health:Dental","2012-01-23","2012-01-23","2012-01-23","USD","0"
"Health:Dental","2012-01-24","2012-01-24","2012-01-24","USD","0"
"Health:Dental","2012-01-25","2012-01-25","2012-01-25","USD","0"
"Health:Dental","2012-01-26","2012-01-26","2012-01-26","USD","0"
"Health:Dental","2012-01-27","2012-01-27","2012-01-27","USD","0"
"Health:Dental","2012-01-28","2012-01-28","2012-01-28","USD","0"
"Health:Dental","2012-01-29","2012-01-29","2012-01-29","USD","0"
"Health:Dental","2012-01-30","2012-01-30","2012-01-30","USD","0"
"Health:Dental","2012-01-31","2012-01-31","2012-01-31","USD","0"
"Health:Dental","2012-02-01","2012-02-01","2012-02-01","USD","0"
"Health:Dental","2012-02-02","2012-02-02","2012-02-02","USD","2.90"
"Health:Dental","2012-02-03","2012-02-03","2012-02-03","USD","0"
"Health:Dental","2012-02-04","2012-02-04","2012-02-04","USD","0"
"Health:Dental","2012-02-05","2012-02-05","2012-02-05","USD","0"
"Health:Dental","2012-02-06","2012-02-06","2012-02-06","USD","0"
"Health:Dental","2012-02-07","2012-02-07","2012-02-07","USD","0"
"Health:Dental","2012-02-08","2012-02-08","2012-02-08","USD","0"
"Health:Dental","2012-02-09","2012-02-09","2012-02-09","USD","0"
"Health:Dental","2012-02-10","2012-02-10","2012-02-10","USD","0"
"Health:Dental","2012-02-11","2012-02-11","2012-02-11","USD","0"
"Health:Dental","2012-02-12","2012-02-12","2012-02-12","USD","0"
"Health:Dental","2012-02-13","2012-02-13","2012-02-13","USD","0"
"Health:Dental","2012-02-14","2012-02-14","2012-02-14","USD","0"
"Health:Dental","2012-02-15","2012-02-15","2012-02-15","USD","0"
"Health:Dental","2012-02-16","2012-02-16","2012-02-16","USD","2.90"
"Health:Dental","2012-02-17","2012-02-17","2012-02-17","USD","0"
"Health:Dental","2012-02-18","2012-02-18","2012-02-18","USD","0"
"Health:Dental","2012-02-19","2012-02-19","2012-02-19","USD","0"
"Health:Dental","2012-02-20","2012-02-20","2012-02-20","USD","0"
"Health:Dental","2012-02-21","2012-02-21","2012-02-21","USD","0"
"Health:Dental","2012-02-22","2012-02-22","2012-02-22","USD","0"
"Health:Dental","2012-02-23","2012-02-23","2012-02-23","USD","0"
"Health:Dental","2012-02-24","2012-02-24","2012-02-24","USD","0"
"Health:Dental","2012-02-25","2012-02-25","2012-02-25","USD","0"
"Health:Dental","2012-02-26","2012-02-26","2012-02-26","USD","0"
"Health:Dental","2012-02-27","2012-02-27","2012-02-27","USD","0"
"Health:Dental","2012-02-28","2012-02-28","2012-02-28","USD","0"
"Health:Dental","2012-02-29","2012-02-29","2012-02-29","USD","0"
"Health:Dental","2012-03-01","2012-03-01","2012-03-01","USD","2.90"
"Health:Dental","2012-03-02","2012-03-02","2012-03-02","USD","0"
"Health:Dental","2012-03-03","2012-03-03","2012-03-03","USD","0"
"Health:Dental","2012-03-04","2012-03-04","2012-03-04","USD","0"
"Health:Dental","2012-03-05","2012-03-05","2012-03-05","USD","0"
"Health:Dental","2012-03-06","2012-03-06","2012-03-06","USD","0"
"Health:Dental","2012-03-07","2012-03-07","2012-03-07","USD","0"
"Health:Dental","2012-03-08","2012-03-08","2012-03-08","USD","0"
"Health:Dental","2012-03-09","2012-03-09","2012-03-09","USD","0"
"Health:Dental","2012-03-10","2012-03-10","2012-03-10","USD","0"
"Health:Dental","2012-03-11","2012-03-11","2012-03-11","USD","0"
"Health:Dental","2012-03-12","2012-03-12","2012-03-12","USD","0"
"Health:Dental","2012-03-13","2012-03-13","2012-03-13","USD","0"
"Health:Dental","2012-03-14","2012-03-14","2012-03-14","USD","0"
"Health:Dental","2012-03-15","2012-03-15","2012-03-15","USD","2.90"
"Health:Dental","2012-03-16","2012-03-16","2012-03-16","USD","0"
"Health:Dental","2012-03-17","2012-03-17","2012-03-17","USD","0"
"Health:Dental","2012-03-18","2012-03-18","2012-03-18","USD","0"
"Health:Dental","2012-03-19","2012-03-19","2012-03-19","USD","0"
"Health:Dental","2012-03-20","2012-03-20","2012-03-20","USD","0"
"Health:Dental","2012-03-21","2012-03-21","2012-03-21","USD","0"
"Health:Dental","2012-03-22","2012-03-22","2012-03-22","USD","0"
"Health:Dental","2012-03-23","2012-03-23","2012-03-23","USD","0"
"Health:Dental","2012-03-24","2012-03-24","2012-03-24","USD","0"
"Health:Dental","2012-03-25","2012-03-25","2012-03-25","USD","0"
"Health:Dental","2012-03-26","2012-03-26","2012-03-26","USD","0"
"Health:Dental","2012-03-27","2012-03-27","2012-03-27","USD","0"
"Health:Dental","2012-03-28","2012-03-28","2012-03-28","USD","0"
"Health:Dental","2012-03-29","2012-03-29","2012-03-29","USD","2.90"
"Health:Dental","2012-03-30","2012-03-30","2012-03-30","USD","0"
"Health:Dental","2012-03-31","2012-03-31","2012-03-31","USD","0"
"Health:Dental","2012-04-01","2012-04-01","2012-04-01","USD","0"
"Health:Dental","2012-04-02","2012-04-02","2012-04-02","USD","0"
"Health:Dental","2012-04-03","2012-04-03","2012-04-03","USD","0"
"Health:Dental","2012-04-04","2012-04-04","2012-04-04","USD","0"
"Health:Dental","2012-04-05","2012-04-05","2012-04-05","USD","0"
"Health:Dental","2012-04-06","2012-04-06","2012-04-06","USD","0"
"Health:Dental","2012-04-07","2012-04-07","2012-04-07","USD","0"
"Health:Dental","2012-04-08","2012-04-08","2012-04-08","USD","0"
"Health:Dental","2012-04-09","2012-04-09","2012-04-09","USD","0"
"Health:Dental","2012-04-10","2012-04-10","2012-04-10","USD","0"
"Health:Dental","2012-04-11","2012-04-11","2012-04-11","USD","0"
"Health:Dental","2012-04-12","2012-04-12","2012-04-12","USD","2.90"
"Health:Dental","2012-04-13","2012-04-13","2012-04-13","USD","0"
"Health:Dental","2012-04-14","2012-04-14","2012-04-14","USD","0"
"Health:Dental","2012-04-15","2012-04-15","2012-04-15","USD","0"
"Health:Dental","2012-04-16","2012-04-16","2012-04-16","USD","0"
"Health:Dental","2012-04-17","2012-04-17","2012-04-17","USD","0"
"Health:Dental","2012-04-18","2012-04-18","2012-04-18","USD","0"
"Health:Dental","2012-04-19","2012-04-19","2012-04-19","USD","0"
"Health:Dental","2012-04-20","2012-04-20","2012-04-20","USD","0"
"Health:Dental","2012-04-21","2012-04-21","2012-04-21","USD","0"
"Health:Dental","2012-04-22","2012-04-22","2012-04-22","USD","0"
"Health:Dental","2012-04-23","2012-04-23","2012-04-23","USD","0"
"Health:Dental","2012-04-24","2012-04-24","2012-04-24","USD","0"
"Health:Dental","2012-04-25","2012-04-25","2012-04-25","USD","0"
"Health:Dental","2012-04-26","2012-04-26","2012-04-26","USD","2.90"
"Health:Dental","2012-04-27","2012-04-27","2012-04-27","USD","0"
"Health:Dental","2012-04-28","2012-04-28","2012-04-28","USD","0"
"Health:Dental","2012-04-29","2012-04-29","2012-04-29","USD","0"
"Health:Dental","2012-04-30","2012-04-30","2012-04-30","USD","0"
"Health:Dental","2012-05-01","2012-05-01","2012-05-01","USD","0"
"Health:Dental","2012-05-02","2012-05-02","2012-05-02","USD","0"
"Health:Dental","2012-05-03","2012-05-03","2012-05-03","USD","0"
"Health:Dental","2012-05-04","2012-05-04","2012-05-04","USD","0"
"Health:Dental","2012-05-05","2012-05-05","2012-05-05","USD","0"
"Health:Dental","2012-05-06","2012-05-06","2012-05-06","USD","0"
"Health:Dental","2012-05-07","2012-05-07","2012-05-07","USD","0"
"Health:Dental","2012-05-08","2012-05-08","2012-05-08","USD","0"
"Health:Dental","2012-05-09","2012-05-09","2012-05-09","USD","0"
"Health:Dental","2012-05-10","2012-05-10","2012-05-10","USD","2.90"
"Health:Dental","2012-05-11","2012-05-11","2012-05-11","USD","0"
"Health:Dental","2012-05-12","2012-05-12","2012-05-12","USD","0"
"Health:Dental","2012-05-13","2012-05-13","2012-05-13","USD","0"
"Health:Dental","2012-05-14","2012-05-14","2012-05-14","USD","0"
"Health:Dental","2012-05-15","2012-05-15","2012-05-15","USD","0"
"Health:Dental","2012-05-16","2012-05-16","2012-05-16","USD","0"
"Health:Dental","2012-05-17","2012-05-17","2012-05-17","USD","0"
"Health:Dental","2012-05-18","2012-05-18","2012-05-18","USD","0"
"Health:Dental","2012-05-19","2012-05-19","2012-05-19","USD","0"
"Health:Dental","2012-05-20","2012-05-20","2012-05-20","USD","0"
"Health:Dental","2012-05-21","2012-05-21","2012-05-21","USD","0"
"Health:Dental","2012-05-22","2012-05-22","2012-05-22","USD","0"
"Health:Dental","2012-05-23","2012-05-23","2012-05-23","USD","0"
"Health:Dental","2012-05-24","2012-05-24","2012-05-24","USD","2.90"
"Health:Dental","2012-05-25","2012-05-25","2012-05-25","USD","0"
"Health:Dental","2012-05-26","2012-05-26","2012-05-26","USD","0"
"Health:Dental","2012-05-27","2012-05-27","2012-05-27","USD","0"
"Health:Dental","2012-05-28","2012-05-28","2012-05-28","USD","0"
"Health:Dental","2012-05-29","2012-05-29","2012-05-29","USD","0"
"Health:Dental","2012-05-30","2012-05-30","2012-05-30","USD","0"
"Health:Dental","2012-05-31","2012-05-31","2012-05-31","USD","0"
"Health:Dental","2012-06-01","2012-06-01","2012-06-01","USD","0"
"Health:Dental","2012-06-02","2012-06-02","2012-06-02","USD","0"
"Health:Dental","2012-06-03","2012-06-03","2012-06-03","USD","0"
"Health:Dental","2012-06-04","2012-06-04","2012-06-04","USD","0"
"Health:Dental","2012-06-05","2012-06-05","2012-06-05","USD","0"
"Health:Dental","2012-06-06","2012-06-06","2012-06-06","USD","0"
"Health:Dental","2012-06-07","2012-06-07","2012-06-07","USD","2.90"
"Health:Dental","2012-06-08","2012-06-08","2012-06-08","USD","0"
"Health:Dental","2012-06-09","2012-06-09","2012-06-09","USD","0"
"Health:Dental","2012-06-10","2012-06-10","2012-06-10","USD","0"
"Health:Dental","2012-06-11","2012-06-11","2012-06-11","USD","0"
"Health:Dental","2012-06-12","2012-06-12","2012-06-12","USD","0"
"Health:Dental","2012-06-13","2012-06-13","2012-06-13","USD","0"
"Health:Dental","2012-06-14","2012-06-14","2012-06-14","USD","0"
"Health:Dental","2012-06-15","2012-06-15","2012-06-15","USD","0"
"Health:Dental","2012-06-16","2012-06-16","2012-06-16","USD","0"
"Health:Dental","2012-06-17","2012-06-17","2012-06-17","USD","0"
"Health:Dental","2012-06-18","2012-06-18","2012-06-18","USD","0"
"Health:Dental","2012-06-19","2012-06-19","2012-06-19","USD","0"
"Health:Dental","2012-06-20","2012-06-20","2012-06-20","USD","0"
"Health:Dental","2012-06-21","2012-06-21","2012-06-21","USD","2.90"
"Health:Dental","2012-06-22","2012-06-22","2012-06-22","USD","0"
"Health:Dental","2012-06-23","2012-06-23","2012-06-23","USD","0"
"Health:Dental","2012-06-24","2012-06-24","2012-06-24","USD","0"
"Health:Dental","2012-06-25","2012-06-25","2012-06-25","USD","0"
"Health:Dental","2012-06-26","2012-06-26","2012-06-26","USD","0"
"Health:Dental","2012-06-27","2012-06-27","2012-06-27","USD","0"
"Health:Dental","2012-06-28","2012-06-28","2012-06-28","USD","0"
"Health:Dental","2012-06-29","2012-06-29","2012-06-29","USD","0"
"Health:Dental","2012-06-30","2012-06-30","2012-06-30","USD","0"
"Health:Dental","2012-07-01","2012-07-01","2012-07-01","USD","0"
"Health:Dental","2012-07-02","2012-07-02","2012-07-02","USD","0"
"Health:Dental","2012-07-03","2012-07-03","2012-07-03","USD","0"
"Health:Dental","2012-07-04","2012-07-04","2012-07-04","USD","0"
"Health:Dental","2012-07-05","2012-07-05","2012-07-05","USD","2.90"
"Health:Dental","2012-07-06","2012-07-06","2012-07-06","USD","0"
"Health:Dental","2012-07-07","2012-07-07","2012-07-07","USD","0"
"Health:Dental","2012-07-08","2012-07-08","2012-07-08","USD","0"
"Health:Dental","2012-07-09","2012-07-09","2012-07-09","USD","0"
"Health:Dental","2012-07-10","2012-07-10","2012-07-10","USD","0"
"Health:Dental","2012-07-11","2012-07-11","2012-07-11","USD","0"
"Health:Dental","2012-07-12","2012-07-12","2012-07-12","USD","0"
"Health:Dental","2012-07-13","2012-07-13","2012-07-13","USD","0"
"Health:Dental","2012-07-14","2012-07-14","2012-07-14","USD","0"
"Health:Dental","2012-07-15","2012-07-15","2012-07-15","USD","0"
"Health:Dental","2012-07-16","2012-07-16","2012-07-16","USD","0"
"Health:Dental","2012-07-17","2012-07-17","2012-07-17","USD","0"
"Health:Dental","2012-07-18","2012-07-18","2012-07-18","USD","0"
"Health:Dental","2012-07-19","2012-07-19","2012-07-19","USD","2.90"
"Health:Dental","2012-07-20","2012-07-20","2012-07-20","USD","0"
"Health:Dental","2012-07-21","2012-07-21","2012-07-21","USD","0"
"Health:Dental","2012-07-22","2012-07-22","2012-07-22","USD","0"
"Health:Dental","2012-07-23","2012-07-23","2012-07-23","USD","0"
"Health:Dental","2012-07-24","2012-07-24","2012-07-24","USD","0"
"Health:Dental","2012-07-25","2012-07-25","2012-07-25","USD","0"
"Health:Dental","2012-07-26","2012-07-26","2012-07-26","USD","0"
"Health:Dental","2012-07-27","2012-07-27","2012-07-27","USD","0"
"Health:Dental","2012-07-28","2012-07-28","2012-07-28","USD","0"
"Health:Dental","2012-07-29","2012-07-29","2012-07-29","USD","0"
"Health:Dental","2012-07-30","2012-07-30","2012-07-30","USD","0"
"Health:Dental","2012-07-31","2012-07-31","2012-07-31","USD","0"
"Health:Dental","2012-08-01","2012-08-01","2012-08-01","USD","0"
"Health:Dental","2012-08-02","2012-08-02","2012-08-02","USD","2.90"
"Health:Dental","2012-08-03","2012-08-03","2012-08-03","USD","0"
"Health:Dental","2012-08-04","2012-08-04","2012-08-04","USD","0"
"Health:Dental","2012-08-05","2012-08-05","2012-08-05","USD","0"
"Health:Dental","2012-08-06","2012-08-06","2012-08-06","USD","0"
"Health:Dental","2012-08-07","2012-08-07","2012-08-07","USD","0"
"Health:Dental","2012-08-08","2012-08-08","2012-08-08","USD","0"
"Health:Dental","2012-08-09","2012-08-09","2012-08-09","USD","0"
"Health:Dental","2012-08-10","2012-08-10","2012-08-10","USD","0"
"Health:Dental","2012-08-11","2012-08-11","2012-08-11","USD","0"
"Health:Dental","2012-08-12","2012-08-12","2012-08-12","USD","0"
"Health:Dental","2012-08-13","2012-08-13","2012-08-13","USD","0"
"Health:Dental","2012-08-14","2012-08-14","2012-08-14","USD","0"
"Health:Dental","2012-08-15","2012-08-15","2012-08-15","USD","0"
"Health:Dental","2012-08-16","2012-08-16","2012-08-16","USD","2.90"
"Health:Dental","2012-08-17","2012-08-17","2012-08-17","USD","0"
"Health:Dental","2012-08-18","2012-08-18","2012-08-18","USD","0"
"Health:Dental","2012-08-19","2012-08-19","2012-08-19","USD","0"
"Health:Dental","2012-08-20","2012-08-20","2012-08-20","USD","0"
"Health:Dental","2012-08-21","2012-08-21","2012-08-21","USD","0"
"Health:Dental","2012-08-22","2012-08-22","2012-08-22","USD","0"
"Health:Dental","2012-08-23","2012-08-23","2012-08-23","USD","0"
"Health:Dental","2012-08-24","2012-08-24","2012-08-24","USD","0"
"Health:Dental","2012-08-25","2012-08-25","2012-08-25","USD","0"
"Health:Dental","2012-08-26","2012-08-26","2012-08-26","USD","0"
"Health:Dental","2012-08-27","2012-08-27","2012-08-27","USD","0"
"Health:Dental","2012-08-28","2012-08-28","2012-08-28","USD","0"
"Health:Dental","2012-08-29","2012-08-29","2012-08-29","USD","0"
"Health:Dental","2012-08-30","2012-08-30","2012-08-30","USD","2.90"
"Health:Dental","2012-08-31","2012-08-31","2012-08-31","USD","0"
"Health:Dental","2012-09-01","2012-09-01","2012-09-01","USD","0"
"Health:Dental","2012-09-02","2012-09-02","2012-09-02","USD","0"
"Health:Dental","2012-09-03","2012-09-03","2012-09-03","USD","0"
"Health:Dental","2012-09-04","2012-09-04","2012-09-04","USD","0"
"Health:Dental","2012-09-05","2012-09-05","2012-09-05","USD","0"
"Health:Dental","2012-09-06","2012-09-06","2012-09-06","USD","0"
"Health:Dental","2012-09-07","2012-09-07","2012-09-07","USD","0"
"Health:Dental","2012-09-08","2012-09-08","2012-09-08","USD","0"
"Health:Dental","2012-09-09","2012-09-09","2012-09-09","USD","0"
"Health:Dental","2012-09-10","2012-09-10","2012-09-10","USD","0"
"Health:Dental","2012-09-11","2012-09-11","2012-09-11","USD","0"
"Health:Dental","2012-09-12","2012-09-12","2012-09-12","USD","0"
"Health:Dental","2012-09-13","2012-09-13","2012-09-13","USD","2.90"
"Health:Dental","2012-09-14","2012-09-14","2012-09-14","USD","0"
"Health:Dental","2012-09-15","2012-09-15","2012-09-15","USD","0"
"Health:Dental","2012-09-16","2012-09-16","2012-09-16","USD","0"
"Health:Dental","2012-09-17","2012-09-17","2012-09-17","USD","0"
"Health:Dental","2012-09-18","2012-09-18","2012-09-18","USD","0"
"Health:Dental","2012-09-19","2012-09-19","2012-09-19","USD","0"
"Health:Dental","2012-09-20","2012-09-20","2012-09-20","USD","0"
"Health:Dental","2012-09-21","2012-09-21","2012-09-21","USD","0"
"Health:Dental","2012-09-22","2012-09-22","2012-09-22","USD","0"
"Health:Dental","2012-09-23","2012-09-23","2012-09-23","USD","0"
"Health:Dental","2012-09-24","2012-09-24","2012-09-24","USD","0"
"Health:Dental","2012-09-25","2012-09-25","2012-09-25","USD","0"
"Health:Dental","2012-09-26","2012-09-26","2012-09-26","USD","0"
"Health:Dental","2012-09-27","2012-09-27","2012-09-27","USD","2.90"
"Health:Dental","2012-09-28","2012-09-28","2012-09-28","USD","0"
"Health:Dental","2012-09-29","2012-09-29","2012-09-29","USD","0"
"Health:Dental","2012-09-30","2012-09-30","2012-09-30","USD","0"
"Health:Dental","2012-10-01","2012-10-01","2012-10-01","USD","0"
"Health:Dental","2012-10-02","2012-10-02","2012-10-02","USD","0"
"Health:Dental","2012-10-03","2012-10-03","2012-10-03","USD","0"
"Health:Dental","2012-10-04","2012-10-04","2012-10-04","USD","0"
"Health:Dental","2012-10-05","2012-10-05","2012-10-05","USD","0"
"Health:Dental","2012-10-06","2012-10-06","2012-10-06","USD","0"
"Health:Dental","2012-10-07","2012-10-07","2012-10-07","USD","0"
"Health:Dental","2012-10-08","2012-10-08","2012-10-08","USD","0"
"Health:Dental","2012-10-09","2012-10-09","2012-10-09","USD","0"
"Health:Dental","2012-10-10","2012-10-10","2012-10-10","USD","0"
"Health:Dental","2012-10-11","2012-10-11","2012-10-11","USD","2.90"
"Health:Dental","2012-10-12","2012-10-12","2012-10-12","USD","0"
"Health:Dental","2012-10-13","2012-10-13","2012-10-13","USD","0"
"Health:Dental","2012-10-14","2012-10-14","2012-10-14","USD","0"
"Health:Dental","2012-10-15","2012-10-15","2012-10-15","USD","0"
"Health:Dental","2012-10-16","2012-10-16","2012-10-16","USD","0"
"Health:Dental","2012-10-17","2012-10-17","2012-10-17","USD","0"
"Health:Dental","2012-10-18","2012-10-18","2012-10-18","USD","0"
"Health:Dental","2012-10-19","2012-10-19","2012-10-19","USD","0"
"Health:Dental","2012-10-20","2012-10-20","2012-10-20","USD","0"
"Health:Dental","2012-10-21","2012-10-21","2012-10-21","USD","0"
"Health:Dental","2012-10-22","2012-10-22","2012-10-22","USD","0"
"Health:Dental","2012-10-23","2012-10-23","2012-10-23","USD","0"
"Health:Dental","2012-10-24","2012-10-24","2012-10-24","USD","0"
"Health:Dental","2012-10-25","2012-10-25","2012-10-25","USD","2.90"
"Health:Dental","2012-10-26","2012-10-26","2012-10-26","USD","0"
"Health:Dental","2012-10-27","2012-10-27","2012-10-27","USD","0"
"Health:Dental","2012-10-28","2012-10-28","2012-10-28","USD","0"
"Health:Dental","2012-10-29","2012-10-29","2012-10-29","USD","0"
"Health:Dental","2012-10-30","2012-10-30","2012-10-30","USD","0"
"Health:Dental","2012-10-31","2012-10-31","2012-10-31","USD","0"
"Health:Dental","2012-11-01","2012-11-01","2012-11-01","USD","0"
"Health:Dental","2012-11-02","2012-11-02","2012-11-02","USD","0"
"Health:Dental","2012-11-03","2012-11-03","2012-11-03","USD","0"
"Health:Dental","2012-11-04","2012-11-04","2012-11-04","USD","0"
"Health:Dental","2012-11-05","2012-11-05","2012-11-05","USD","0"
"Health:Dental","2012-11-06","2012-11-06","2012-11-06","USD","0"
"Health:Dental","2012-11-07","2012-11-07","2012-11-07","USD","0"
"Health:Dental","2012-11-08","2012-11-08","2012-11-08","USD","2.90"
"Health:Dental","2012-11-09","2012-11-09","2012-11-09","USD","0"
"Health:Dental","2012-11-10","2012-11-10","2012-11-10","USD","0"
"Health:Dental","2012-11-11","2012-11-11","2012-11-11","USD","0"
"Health:Dental","2012-11-12","2012-11-12","2012-11-12","USD","0"
"Health:Dental","2012-11-13","2012-11-13","2012-11-13","USD","0"
"Health:Dental","2012-11-14","2012-11-14","2012-11-14","USD","0"
"Health:Dental","2012-11-15","2012-11-15","2012-11-15","USD","0"
"Health:Dental","2012-11-16","2012-11-16","2012-11-16","USD","0"
"Health:Dental","2012-11-17","2012-11-17","2012-11-17","USD","0"
"Health:Dental","2012-11-18","2012-11-18","2012-11-18","USD","0"
"Health:Dental","2012-11-19","2012-11-19","2012-11-19","USD","0"
"Health:Dental","2012-11-20","2012-11-20","2012-11-20","USD","0"
"Health:Dental","2012-11-21","2012-11-21","2012-11-21","USD","0"
"Health:Dental","2012-11-22","2012-11-22","2012-11-22","USD","2.90"
"Health:Dental","2012-11-23","2012-11-23","2012-11-23","USD","0"
"Health:Dental","2012-11-24","2012-11-24","2012-11-24","USD","0"
"Health:Dental","2012-11-25","2012-11-25","2012-11-25","USD","0"
"Health:Dental","2012-11-26","2012-11-26","2012-11-26","USD","0"
"Health:Dental","2012-11-27","2012-11-27","2012-11-27","USD","0"
"Health:Dental","2012-11-28","2012-11-28","2012-11-28","USD","0"
"Health:Dental","2012-11-29","2012-11-29","2012-11-29","USD","0"
"Health:Dental","2012-11-30","2012-11-30","2012-11-30","USD","0"
"Health:Dental","2012-12-01","2012-12-01","2012-12-01","USD","0"
"Health:Dental","2012-12-02","2012-12-02","2012-12-02","USD","0"
"Health:Dental","2012-12-03","2012-12-03","2012-12-03","USD","0"
"Health:Dental","2012-12-04","2012-12-04","2012-12-04","USD","0"
"Health:Dental","2012-12-05","2012-12-05","2012-12-05","USD","0"
"Health:Dental","2012-12-06","2012-12-06","2012-12-06","USD","2.90"
"Health:Dental","2012-12-07","2012-12-07","2012-12-07","USD","0"
"Health:Dental","2012-12-08","2012-12-08","2012-12-08","USD","0"
"Health:Dental","2012-12-09","2012-12-09","2012-12-09","USD","0"
"Health:Dental","2012-12-10","2012-12-10","2012-12-10","USD","0"
"Health:Dental","2012-12-11","2012-12-11","2012-12-11","USD","0"
"Health:Dental","2012-12-12","2012-12-12","2012-12-12","USD","0"
"Health:Dental","2012-12-13","2012-12-13","2012-12-13","USD","0"
"Health:Dental","2012-12-14","2012-12-14","2012-12-14","USD","0"
"Health:Dental","2012-12-15","2012-12-15","2012-12-15","USD","0"
"Health:Dental","2012-12-16","2012-12-16","2012-12-16","USD","0"
"Health:Dental","2012-12-17","2012-12-17","2012-12-17","USD","0"
"Health:Dental","2012-12-18","2012-12-18","2012-12-18","USD","0"
"Health:Dental","2012-12-19","2012-12-19","2012-12-19","USD","0"
"Health:Dental","2012-12-20","2012-12-20","2012-12-20","USD","2.90"
"Health:Dental","2012-12-21","2012-12-21","2012-12-21","USD","0"
"Health:Dental","2012-12-22","2012-12-22","2012-12-22","USD","0"
"Health:Dental","2012-12-23","2012-12-23","2012-12-23","USD","0"
"Health:Dental","2012-12-24","2012-12-24","2012-12-24","USD","0"
"Health:Dental","2012-12-25","2012-12-25","2012-12-25","USD","0"
"Health:Dental","2012-12-26","2012-12-26","2012-12-26","USD","0"
"Health:Dental","2012-12-27","2012-12-27","2012-12-27","USD","0"
"Health:Dental","2012-12-28","2012-12-28","2012-12-28","USD","0"
"Health:Dental","2012-12-29","2012-12-29","2012-12-29","USD","0"
"Health:Dental","2012-12-30","2012-12-30","2012-12-30","USD","0"
"Health:Dental","2012-12-31","2012-12-31","2012-12-31","USD","0"
"Health:Dental","2013-01-01","2013-01-01","2013-01-01","USD","0"
"Health:Dental","2013-01-02","2013-01-02","2013-01-02","USD","0"
"Health:Dental","2013-01-03","2013-01-03","2013-01-03","USD","2.90"
"Health:Dental","2013-01-04","2013-01-04","2013-01-04","USD","0"
"Health:Dental","2013-01-05","2013-01-05","2013-01-05","USD","0"
"Health:Dental","2013-01-06","2013-01-06","2013-01-06","USD","0"
"Health:Dental","2013-01-07","2013-01-07","2013-01-07","USD","0"
"Health:Dental","2013-01-08","2013-01-08","2013-01-08","USD","0"
"Health:Dental","2013-01-09","2013-01-09","2013-01-09","USD","0"
"Health:Dental","2013-01-10","2013-01-10","2013-01-10","USD","0"
"Health:Dental","2013-01-11","2013-01-11","2013-01-11","USD","0"
"Health:Dental","2013-01-12","2013-01-12","2013-01-12","USD","0"
"Health:Dental","2013-01-13","2013-01-13","2013-01-13","USD","0"
"Health:Dental","2013-01-14","2013-01-14","2013-01-14","USD","0"
"Health:Dental","2013-01-15","2013-01-15","2013-01-15","USD","0"
"Health:Dental","2013-01-16","2013-01-16","2013-01-16","USD","0"
"Health:Dental","2013-01-17","2013-01-17","2013-01-17","USD","2.90"
"Health:Dental","2013-01-18","2013-01-18","2013-01-18","USD","0"
"Health:Dental","2013-01-19","2013-01-19","2013-01-19","USD","0"
"Health:Dental","2013-01-20","2013-01-20","2013-01-20","USD","0"
"Health:Dental","2013-01-21","2013-01-21","2013-01-21","USD","0"
"Health:Dental","2013-01-22","2013-01-22","2013-01-22","USD","0"
"Health:Dental","2013-01-23","2013-01-23","2013-01-23","USD","0"
"Health:Dental","2013-01-24","2013-01-24","2013-01-24","USD","0"
"Health:Dental","2013-01-25","2013-01-25","2013-01-25","USD","0"
"Health:Dental","2013-01-26","2013-01-26","2013-01-26","USD","0"
"Health:Dental","2013-01-27","2013-01-27","2013-01-27","USD","0"
"Health:Dental","2013-01-28","2013-01-28","2013-01-28","USD","0"
"Health:Dental","2013-01-29","2013-01-29","2013-01-29","USD","0"
"Health:Dental","2013-01-30","2013-01-30","2013-01-30","USD","0"
"Health:Dental","2013-01-31","2013-01-31","2013-01-31","USD","2.90"
"Health:Dental","2013-02-01","2013-02-01","2013-02-01","USD","0"
"Health:Dental","2013-02-02","2013-02-02","2013-02-02","USD","0"
"Health:Dental","2013-02-03","2013-02-03","2013-02-03","USD","0"
"Health:Dental","2013-02-04","2013-02-04","2013-02-04","USD","0"
"Health:Dental","2013-02-05","2013-02-05","2013-02-05","USD","0"
"Health:Dental","2013-02-06","2013-02-06","2013-02-06","USD","0"
"Health:Dental","2013-02-07","2013-02-07","2013-02-07","USD","0"
"Health:Dental","2013-02-08","2013-02-08","2013-02-08","USD","0"
"Health:Dental","2013-02-09","2013-02-09","2013-02-09","USD","0"
"Health:Dental","2013-02-10","2013-02-10","2013-02-10","USD","0"
"Health:Dental","2013-02-11","2013-02-11","2013-02-11","USD","0"
"Health:Dental","2013-02-12","2013-02-12","2013-02-12","USD","0"
"Health:Dental","2013-02-13","2013-02-13","2013-02-13","USD","0"
"Health:Dental","2013-02-14","2013-02-14","2013-02-14","USD","2.90"
"Health:Dental","2013-02-15","2013-02-15","2013-02-15","USD","0"
"Health:Dental","2013-02-16","2013-02-16","2013-02-16","USD","0"
"Health:Dental","2013-02-17","2013-02-17","2013-02-17","USD","0"
"Health:Dental","2013-02-18","2013-02-18","2013-02-18","USD","0"
"Health:Dental","2013-02-19","2013-02-19","2013-02-19","USD","0"
"Health:Dental","2013-02-20","2013-02-20","2013-02-20","USD","0"
"Health:Dental","2013-02-21","2013-02-21","2013-02-21","USD","0"
"Health:Dental","2013-02-22","2013-02-22","2013-02-22","USD","0"
"Health:Dental","2013-02-23","2013-02-23","2013-02-23","USD","0"
"Health:Dental","2013-02-24","2013-02-24","2013-02-24","USD","0"
"Health:Dental","2013-02-25","2013-02-25","2013-02-25","USD","0"
"Health:Dental","2013-02-26","2013-02-26","2013-02-26","USD","0"
"Health:Dental","2013-02-27","2013-02-27","2013-02-27","USD","0"
"Health:Dental","2013-02-28","2013-02-28","2013-02-28","USD","2.90"
"Health:Dental","2013-03-01","2013-03-01","2013-03-01","USD","0"
"Health:Dental","2013-03-02","2013-03-02","2013-03-02","USD","0"
"Health:Dental","2013-03-03","2013-03-03","2013-03-03","USD","0"
"Health:Dental","2013-03-04","2013-03-04","2013-03-04","USD","0"
"Health:Dental","2013-03-05","2013-03-05","2013-03-05","USD","0"
"Health:Dental","2013-03-06","2013-03-06","2013-03-06","USD","0"
"Health:Dental","2013-03-07","2013-03-07","2013-03-07","USD","0"
"Health:Dental","2013-03-08","2013-03-08","2013-03-08","USD","0"
"Health:Dental","2013-03-09","2013-03-09","2013-03-09","USD","0"
"Health:Dental","2013-03-10","2013-03-10","2013-03-10","USD","0"
"Health:Dental","2013-03-11","2013-03-11","2013-03-11","USD","0"
"Health:Dental","2013-03-12","2013-03-12","2013-03-12","USD","0"
"Health:Dental","2013-03-13","2013-03-13","2013-03-13","USD","0"
"Health:Dental","2013-03-14","2013-03-14","2013-03-14","USD","2.90"
"Health:Dental","2013-03-15","2013-03-15","2013-03-15","USD","0"
"Health:Dental","2013-03-16","2013-03-16","2013-03-16","USD","0"
"Health:Dental","2013-03-17","2013-03-17","2013-03-17","USD","0"
"Health:Dental","2013-03-18","2013-03-18","2013-03-18","USD","0"
"Health:Dental","2013-03-19","2013-03-19","2013-03-19","USD","0"
"Health:Dental","2013-03-20","2013-03-20","2013-03-20","USD","0"
"Health:Dental","2013-03-21","2013-03-21","2013-03-21","USD","0"
"Health:Dental","2013-03-22","2013-03-22","2013-03-22","USD","0"
"Health:Dental","2013-03-23","2013-03-23","2013-03-23","USD","0"
"Health:Dental","2013-03-24","2013-03-24","2013-03-24","USD","0"
"Health:Dental","2013-03-25","2013-03-25","2013-03-25","USD","0"
"Health:Dental","2013-03-26","2013-03-26","2013-03-26","USD","0"
"Health:Dental","2013-03-27","2013-03-27","2013-03-27","USD","0"
"Health:Dental","2013-03-28","2013-03-28","2013-03-28","USD","2.90"
"Health:Dental","2013-03-29","2013-03-29","2013-03-29","USD","0"
"Health:Dental","2013-03-30","2013-03-30","2013-03-30","USD","0"
"Health:Dental","2013-03-31","2013-03-31","2013-03-31","USD","0"
"Health:Dental","2013-04-01","2013-04-01","2013-04-01","USD","0"
"Health:Dental","2013-04-02","2013-04-02","2013-04-02","USD","0"
"Health:Dental","2013-04-03","2013-04-03","2013-04-03","USD","0"
"Health:Dental","2013-04-04","2013-04-04","2013-04-04","USD","0"
"Health:Dental","2013-04-05","2013-04-05","2013-04-05","USD","0"
"Health:Dental","2013-04-06","2013-04-06","2013-04-06","USD","0"
"Health:Dental","2013-04-07","2013-04-07","2013-04-07","USD","0"
"Health:Dental","2013-04-08","2013-04-08","2013-04-08","USD","0"
"Health:Dental","2013-04-09","2013-04-09","2013-04-09","USD","0"
"Health:Dental","2013-04-10","2013-04-10","2013-04-10","USD","0"
"Health:Dental","2013-04-11","2013-04-11","2013-04-11","USD","2.90"
"Health:Dental","2013-04-12","2013-04-12","2013-04-12","USD","0"
"Health:Dental","2013-04-13","2013-04-13","2013-04-13","USD","0"
"Health:Dental","2013-04-14","2013-04-14","2013-04-14","USD","0"
"Health:Dental","2013-04-15","2013-04-15","2013-04-15","USD","0"
"Health:Dental","2013-04-16","2013-04-16","2013-04-16","USD","0"
"Health:Dental","2013-04-17","2013-04-17","2013-04-17","USD","0"
"Health:Dental","2013-04-18","2013-04-18","2013-04-18","USD","0"
"Health:Dental","2013-04-19","2013-04-19","2013-04-19","USD","0"
"Health:Dental","2013-04-20","2013-04-20","2013-04-20","USD","0"
"Health:Dental","2013-04-21","2013-04-21","2013-04-21","USD","0"
"Health:Dental","2013-04-22","2013-04-22","2013-04-22","USD","0"
"Health:Dental","2013-04-23","2013-04-23","2013-04-23","USD","0"
"Health:Dental","2013-04-24","2013-04-24","2013-04-24","USD","0"
"Health:Dental","2013-04-25","2013-04-25","2013-04-25","USD","2.90"
"Health:Dental","2013-04-26","2013-04-26","2013-04-26","USD","0"
"Health:Dental","2013-04-27","2013-04-27","2013-04-27","USD","0"
"Health:Dental","2013-04-28","2013-04-28","2013-04-28","USD","0"
"Health:Dental","2013-04-29","2013-04-29","2013-04-29","USD","0"
"Health:Dental","2013-04-30","2013-04-30","2013-04-30","USD","0"
"Health:Dental","2013-05-01","2013-05-01","2013-05-01","USD","0"
"Health:Dental","2013-05-02","2013-05-02","2013-05-02","USD","0"
"Health:Dental","2013-05-03","2013-05-03","2013-05-03","USD","0"
"Health:Dental","2013-05-04","2013-05-04","2013-05-04","USD","0"
"Health:Dental","2013-05-05","2013-05-05","2013-05-05","USD","0"
"Health:Dental","2013-05-06","2013-05-06","2013-05-06","USD","0"
"Health:Dental","2013-05-07","2013-05-07","2013-05-07","USD","0"
"Health:Dental","2013-05-08","2013-05-08","2013-05-08","USD","0"
"Health:Dental","2013-05-09","2013-05-09","2013-05-09","USD","2.90"
"Health:Dental","2013-05-10","2013-05-10","2013-05-10","USD","0"
"Health:Dental","2013-05-11","2013-05-11","2013-05-11","USD","0"
"Health:Dental","2013-05-12","2013-05-12","2013-05-12","USD","0"
"Health:Dental","2013-05-13","2013-05-13","2013-05-13","USD","0"
"Health:Dental","2013-05-14","2013-05-14","2013-05-14","USD","0"
"Health:Dental","2013-05-15","2013-05-15","2013-05-15","USD","0"
"Health:Dental","2013-05-16","2013-05-16","2013-05-16","USD","0"
"Health:Dental","2013-05-17","2013-05-17","2013-05-17","USD","0"
"Health:Dental","2013-05-18","2013-05-18","2013-05-18","USD","0"
"Health:Dental","2013-05-19","2013-05-19","2013-05-19","USD","0"
"Health:Dental","2013-05-20","2013-05-20","2013-05-20","USD","0"
"Health:Dental","2013-05-21","2013-05-21","2013-05-21","USD","0"
"Health:Dental","2013-05-22","2013-05-22","2013-05-22","USD","0"
"Health:Dental","2013-05-23","2013-05-23","2013-05-23","USD","2.90"
"Health:Dental","2013-05-24","2013-05-24","2013-05-24","USD","0"
"Health:Dental","2013-05-25","2013-05-25","2013-05-25","USD","0"
"Health:Dental","2013-05-26","2013-05-26","2013-05-26","USD","0"
"Health:Dental","2013-05-27","2013-05-27","2013-05-27","USD","0"
"Health:Dental","2013-05-28","2013-05-28","2013-05-28","USD","0"
"Health:Dental","2013-05-29","2013-05-29","2013-05-29","USD","0"
"Health:Dental","2013-05-30","2013-05-30","2013-05-30","USD","0"
"Health:Dental","2013-05-31","2013-05-31","2013-05-31","USD","0"
"Health:Dental","2013-06-01","2013-06-01","2013-06-01","USD","0"
"Health:Dental","2013-06-02","2013-06-02","2013-06-02","USD","0"
"Health:Dental","2013-06-03","2013-06-03","2013-06-03","USD","0"
"Health:Dental","2013-06-04","2013-06-04","2013-06-04","USD","0"
"Health:Dental","2013-06-05","2013-06-05","2013-06-05","USD","0"
"Health:Dental","2013-06-06","2013-06-06","2013-06-06","USD","2.90"
"Health:Dental","2013-06-07","2013-06-07","2013-06-07","USD","0"
"Health:Dental","2013-06-08","2013-06-08","2013-06-08","USD","0"
"Health:Dental","2013-06-09","2013-06-09","2013-06-09","USD","0"
"Health:Dental","2013-06-10","2013-06-10","2013-06-10","USD","0"
"Health:Dental","2013-06-11","2013-06-11","2013-06-11","USD","0"
"Health:Dental","2013-06-12","2013-06-12","2013-06-12","USD","0"
"Health:Dental","2013-06-13","2013-06-13","2013-06-13","USD","0"
"Health:Dental","2013-06-14","2013-06-14","2013-06-14","USD","0"
"Health:Dental","2013-06-15","2013-06-15","2013-06-15","USD","0"
"Health:Dental","2013-06-16","2013-06-16","2013-06-16","USD","0"
"Health:Dental","2013-06-17","2013-06-17","2013-06-17","USD","0"
"Health:Dental","2013-06-18","2013-06-18","2013-06-18","USD","0"
"Health:Dental","2013-06-19","2013-06-19","2013-06-19","USD","0"
"Health:Dental","2013-06-20","2013-06-20","2013-06-20","USD","2.90"
"Health:Dental","2013-06-21","2013-06-21","2013-06-21","USD","0"
"Health:Dental","2013-06-22","2013-06-22","2013-06-22","USD","0"
"Health:Dental","2013-06-23","2013-06-23","2013-06-23","USD","0"
"Health:Dental","2013-06-24","2013-06-24","2013-06-24","USD","0"
"Health:Dental","2013-06-25","2013-06-25","2013-06-25","USD","0"
"Health:Dental","2013-06-26","2013-06-26","2013-06-26","USD","0"
"Health:Dental","2013-06-27","2013-06-27","2013-06-27","USD","0"
"Health:Dental","2013-06-28","2013-06-28","2013-06-28","USD","0"
"Health:Dental","2013-06-29","2013-06-29","2013-06-29","USD","0"
"Health:Dental","2013-06-30","2013-06-30","2013-06-30","USD","0"
"Health:Dental","2013-07-01","2013-07-01","2013-07-01","USD","0"
"Health:Dental","2013-07-02","2013-07-02","2013-07-02","USD","0"
"Health:Dental","2013-07-03","2013-07-03","2013-07-03","USD","0"
"Health:Dental","2013-07-04","2013-07-04","2013-07-04","USD","2.90"
"Health:Dental","2013-07-05","2013-07-05","2013-07-05","USD","0"
"Health:Dental","2013-07-06","2013-07-06","2013-07-06","USD","0"
"Health:Dental","2013-07-07","2013-07-07","2013-07-07","USD","0"
"Health:Dental","2013-07-08","2013-07-08","2013-07-08","USD","0"
"Health:Dental","2013-07-09","2013-07-09","2013-07-09","USD","0"
"Health:Dental","2013-07-10","2013-07-10","2013-07-10","USD","0"
"Health:Dental","2013-07-11","2013-07-11","2013-07-11","USD","0"
"Health:Dental","2013-07-12","2013-07-12","2013-07-12","USD","0"
"Health:Dental","2013-07-13","2013-07-13","2013-07-13","USD","0"
"Health:Dental","2013-07-14","2013-07-14","2013-07-14","USD","0"
"Health:Dental","2013-07-15","2013-07-15","2013-07-15","USD","0"
"Health:Dental","2013-07-16","2013-07-16","2013-07-16","USD","0"
"Health:Dental","2013-07-17","2013-07-17","2013-07-17","USD","0"
"Health:Dental","2013-07-18","2013-07-18","2013-07-18","USD","2.90"
"Health:Dental","2013-07-19","2013-07-19","2013-07-19","USD","0"
"Health:Dental","2013-07-20","2013-07-20","2013-07-20","USD","0"
"Health:Dental","2013-07-21","2013-07-21","2013-07-21","USD","0"
"Health:Dental","2013-07-22","2013-07-22","2013-07-22","USD","0"
"Health:Dental","2013-07-23","2013-07-23","2013-07-23","USD","0"
"Health:Dental","2013-07-24","2013-07-24","2013-07-24","USD","0"
"Health:Dental","2013-07-25","2013-07-25","2013-07-25","USD","0"
"Health:Dental","2013-07-26","2013-07-26","2013-07-26","USD","0"
"Health:Dental","2013-07-27","2013-07-27","2013-07-27","USD","0"
"Health:Dental","2013-07-28","2013-07-28","2013-07-28","USD","0"
"Health:Dental","2013-07-29","2013-07-29","2013-07-29","USD","0"
"Health:Dental","2013-07-30","2013-07-30","2013-07-30","USD","0"
"Health:Dental","2013-07-31","2013-07-31","2013-07-31","USD","0"
"Health:Dental","2013-08-01","2013-08-01","2013-08-01","USD","2.90"
"Health:Dental","2013-08-02","2013-08-02","2013-08-02","USD","0"
"Health:Dental","2013-08-03","2013-08-03","2013-08-03","USD","0"
"Health:Dental","2013-08-04","2013-08-04","2013-08-04","USD","0"
"Health:Dental","2013-08-05","2013-08-05","2013-08-05","USD","0"
"Health:Dental","2013-08-06","2013-08-06","2013-08-06","USD","0"
"Health:Dental","2013-08-07","2013-08-07","2013-08-07","USD","0"
"Health:Dental","2013-08-08","2013-08-08","2013-08-08","USD","0"
"Health:Dental","2013-08-09","2013-08-09","2013-08-09","USD","0"
"Health:Dental","2013-08-10","2013-08-10","2013-08-10","USD","0"
"Health:Dental","2013-08-11","2013-08-11","2013-08-11","USD","0"
"Health:Dental","2013-08-12","2013-08-12","2013-08-12","USD","0"
"Health:Dental","2013-08-13","2013-08-13","2013-08-13","USD","0"
"Health:Dental","2013-08-14","2013-08-14","2013-08-14","USD","0"
"Health:Dental","2013-08-15","2013-08-15","2013-08-15","USD","2.90"
"Health:Dental","2013-08-16","2013-08-16","2013-08-16","USD","0"
"Health:Dental","2013-08-17","2013-08-17","2013-08-17","USD","0"
"Health:Dental","2013-08-18","2013-08-18","2013-08-18","USD","0"
"Health:Dental","2013-08-19","2013-08-19","2013-08-19","USD","0"
"Health:Dental","2013-08-20","2013-08-20","2013-08-20","USD","0"
"Health:Dental","2013-08-21","2013-08-21","2013-08-21","USD","0"
"Health:Dental","2013-08-22","2013-08-22","2013-08-22","USD","0"
"Health:Dental","2013-08-23","2013-08-23","2013-08-23","USD","0"
"Health:Dental","2013-08-24","2013-08-24","2013-08-24","USD","0"
"Health:Dental","2013-08-25","2013-08-25","2013-08-25","USD","0"
"Health:Dental","2013-08-26","2013-08-26","2013-08-26","USD","0"
"Health:Dental","2013-08-27","2013-08-27","2013-08-27","USD","0"
"Health:Dental","2013-08-28","2013-08-28","2013-08-28","USD","0"
"Health:Dental","2013-08-29","2013-08-29","2013-08-29","USD","2.90"
"Health:Dental","2013-08-30","2013-08-30","2013-08-30","USD","0"
"Health:Dental","2013-08-31","2013-08-31","2013-08-31","USD","0"
"Health:Dental","2013-09-01","2013-09-01","2013-09-01","USD","0"
"Health:Dental","2013-09-02","2013-09-02","2013-09-02","USD","0"
"Health:Dental","2013-09-03","2013-09-03","2013-09-03","USD","0"
"Health:Dental","2013-09-04","2013-09-04","2013-09-04","USD","0"
"Health:Dental","2013-09-05","2013-09-05","2013-09-05","USD","0"
"Health:Dental","2013-09-06","2013-09-06","2013-09-06","USD","0"
"Health:Dental","2013-09-07","2013-09-07","2013-09-07","USD","0"
"Health:Dental","2013-09-08","2013-09-08","2013-09-08","USD","0"
"Health:Dental","2013-09-09","2013-09-09","2013-09-09","USD","0"
"Health:Dental","2013-09-10","2013-09-10","2013-09-10","USD","0"
"Health:Dental","2013-09-11","2013-09-11","2013-09-11","USD","0"
"Health:Dental","2013-09-12","2013-09-12","2013-09-12","USD","2.90"
"Health:Dental","2013-09-13","2013-09-13","2013-09-13","USD","0"
"Health:Dental","2013-09-14","2013-09-14","2013-09-14","USD","0"
"Health:Dental","2013-09-15","2013-09-15","2013-09-15","USD","0"
"Health:Dental","2013-09-16","2013-09-16","2013-09-16","USD","0"
"Health:Dental","2013-09-17","2013-09-17","2013-09-17","USD","0"
"Health:Dental","2013-09-18","2013-09-18","2013-09-18","USD","0"
"Health:Dental","2013-09-19","2013-09-19","2013-09-19","USD","0"
"Health:Dental","2013-09-20","2013-09-20","2013-09-20","USD","0"
"Health:Dental","2013-09-21","2013-09-21","2013-09-21","USD","0"
"Health:Dental","2013-09-22","2013-09-22","2013-09-22","USD","0"
"Health:Dental","2013-09-23","2013-09-23","2013-09-23","USD","0"
"Health:Dental","2013-09-24","2013-09-24","2013-09-24","USD","0"
"Health:Dental","2013-09-25","2013-09-25","2013-09-25","USD","0"
"Health:Dental","2013-09-26","2013-09-26","2013-09-26","USD","2.90"
"Health:Dental","2013-09-27","2013-09-27","2013-09-27","USD","0"
"Health:Dental","2013-09-28","2013-09-28","2013-09-28","USD","0"
"Health:Dental","2013-09-29","2013-09-29","2013-09-29","USD","0"
"Health:Dental","2013-09-30","2013-09-30","2013-09-30","USD","0"
"Health:Dental","2013-10-01","2013-10-01","2013-10-01","USD","0"
"Health:Dental","2013-10-02","2013-10-02","2013-10-02","USD","0"
"Health:Dental","2013-10-03","2013-10-03","2013-10-03","USD","0"
"Health:Dental","2013-10-04","2013-10-04","2013-10-04","USD","0"
"Health:Dental","2013-10-05","2013-10-05","2013-10-05","USD","0"
"Health:Dental","2013-10-06","2013-10-06","2013-10-06","USD","0"
"Health:Dental","2013-10-07","2013-10-07","2013-10-07","USD","0"
"Health:Dental","2013-10-08","2013-10-08","2013-10-08","USD","0"
"Health:Dental","2013-10-09","2013-10-09","2013-10-09","USD","0"
"Health:Dental","2013-10-10","2013-10-10","2013-10-10","USD","2.90"
"Health:Dental","2013-10-11","2013-10-11","2013-10-11","USD","0"
"Health:Dental","2013-10-12","2013-10-12","2013-10-12","USD","0"
"Health:Dental","2013-10-13","2013-10-13","2013-10-13","USD","0"
"Health:Dental","2013-10-14","2013-10-14","2013-10-14","USD","0"
"Health:Dental","2013-10-15","2013-10-15","2013-10-15","USD","0"
"Health:Dental","2013-10-16","2013-10-16","2013-10-16","USD","0"
"Health:Dental","2013-10-17","2013-10-17","2013-10-17","USD","0"
"Health:Dental","2013-10-18","2013-10-18","2013-10-18","USD","0"
"Health:Dental","2013-10-19","2013-10-19","2013-10-19","USD","0"
"Health:Dental","2013-10-20","2013-10-20","2013-10-20","USD","0"
"Health:Dental","2013-10-21","2013-10-21","2013-10-21","USD","0"
"Health:Dental","2013-10-22","2013-10-22","2013-10-22","USD","0"
"Health:Dental","2013-10-23","2013-10-23","2013-10-23","USD","0"
"Health:Dental","2013-10-24","2013-10-24","2013-10-24","USD","2.90"
"Health:Dental","2013-10-25","2013-10-25","2013-10-25","USD","0"
"Health:Dental","2013-10-26","2013-10-26","2013-10-26","USD","0"
"Health:Dental","2013-10-27","2013-10-27","2013-10-27","USD","0"
"Health:Dental","2013-10-28","2013-10-28","2013-10-28","USD","0"
"Health:Dental","2013-10-29","2013-10-29","2013-10-29","USD","0"
"Health:Dental","2013-10-30","2013-10-30","2013-10-30","USD","0"
"Health:Dental","2013-10-31","2013-10-31","2013-10-31","USD","0"
"Health:Dental","2013-11-01","2013-11-01","2013-11-01","USD","0"
"Health:Dental","2013-11-02","2013-11-02","2013-11-02","USD","0"
"Health:Dental","2013-11-03","2013-11-03","2013-11-03","USD","0"
"Health:Dental","2013-11-04","2013-11-04","2013-11-04","USD","0"
"Health:Dental","2013-11-05","2013-11-05","2013-11-05","USD","0"
"Health:Dental","2013-11-06","2013-11-06","2013-11-06","USD","0"
"Health:Dental","2013-11-07","2013-11-07","2013-11-07","USD","2.90"
"Health:Dental","2013-11-08","2013-11-08","2013-11-08","USD","0"
"Health:Dental","2013-11-09","2013-11-09","2013-11-09","USD","0"
"Health:Dental","2013-11-10","2013-11-10","2013-11-10","USD","0"
"Health:Dental","2013-11-11","2013-11-11","2013-11-11","USD","0"
"Health:Dental","2013-11-12","2013-11-12","2013-11-12","USD","0"
"Health:Dental","2013-11-13","2013-11-13","2013-11-13","USD","0"
"Health:Dental","2013-11-14","2013-11-14","2013-11-14","USD","0"
"Health:Dental","2013-11-15","2013-11-15","2013-11-15","USD","0"
"Health:Dental","2013-11-16","2013-11-16","2013-11-16","USD","0"
"Health:Dental","2013-11-17","2013-11-17","2013-11-17","USD","0"
"Health:Dental","2013-11-18","2013-11-18","2013-11-18","USD","0"
"Health:Dental","2013-11-19","2013-11-19","2013-11-19","USD","0"
"Health:Dental","2013-11-20","2013-11-20","2013-11-20","USD","0"
"Health:Dental","2013-11-21","2013-11-21","2013-11-21","USD","2.90"
"Health:Dental","2013-11-22","2013-11-22","2013-11-22","USD","0"
"Health:Dental","2013-11-23","2013-11-23","2013-11-23","USD","0"
"Health:Dental","2013-11-24","2013-11-24","2013-11-24","USD","0"
"Health:Dental","2013-11-25","2013-11-25","2013-11-25","USD","0"
"Health:Dental","2013-11-26","2013-11-26","2013-11-26","USD","0"
"Health:Dental","2013-11-27","2013-11-27","2013-11-27","USD","0"
"Health:Dental","2013-11-28","2013-11-28","2013-11-28","USD","0"
"Health:Dental","2013-11-29","2013-11-29","2013-11-29","USD","0"
"Health:Dental","2013-11-30","2013-11-30","2013-11-30","USD","0"
"Health:Dental","2013-12-01","2013-12-01","2013-12-01","USD","0"
"Health:Dental","2013-12-02","2013-12-02","2013-12-02","USD","0"
"Health:Dental","2013-12-03","2013-12-03","2013-12-03","USD","0"
"Health:Dental","2013-12-04","2013-12-04","2013-12-04","USD","0"
"Health:Dental","2013-12-05","2013-12-05","2013-12-05","USD","2.90"
"Health:Dental","2013-12-06","2013-12-06","2013-12-06","USD","0"
"Health:Dental","2013-12-07","2013-12-07","2013-12-07","USD","0"
"Health:Dental","2013-12-08","2013-12-08","2013-12-08","USD","0"
"Health:Dental","2013-12-09","2013-12-09","2013-12-09","USD","0"
"Health:Dental","2013-12-10","2013-12-10","2013-12-10","USD","0"
"Health:Dental","2013-12-11","2013-12-11","2013-12-11","USD","0"
"Health:Dental","2013-12-12","2013-12-12","2013-12-12","USD","0"
"Health:Dental","2013-12-13","2013-12-13","2013-12-13","USD","0"
"Health:Dental","2013-12-14","2013-12-14","2013-12-14","USD","0"
"Health:Dental","2013-12-15","2013-12-15","2013-12-15","USD","0"
"Health:Dental","2013-12-16","2013-12-16","2013-12-16","USD","0"
"Health:Dental","2013-12-17","2013-12-17","2013-12-17","USD","0"
"Health:Dental","2013-12-18","2013-12-18","2013-12-18","USD","0"
"Health:Dental","2013-12-19","2013-12-19","2013-12-19","USD","2.90"
"Health:Dental","2013-12-20","2013-12-20","2013-12-20","USD","0"
"Health:Dental","2013-12-21","2013-12-21","2013-12-21","USD","0"
"Health:Dental","2013-12-22","2013-12-22","2013-12-22","USD","0"
"Health:Dental","2013-12-23","2013-12-23","2013-12-23","USD","0"
"Health:Dental","2013-12-24","2013-12-24","2013-12-24","USD","0"
"Health:Dental","2013-12-25","2013-12-25","2013-12-25","USD","0"
"Health:Dental","2013-12-26","2013-12-26","2013-12-26","USD","0"
"Health:Dental","2013-12-27","2013-12-27","2013-12-27","USD","0"
"Health:Dental","2013-12-28","2013-12-28","2013-12-28","USD","0"
"Health:Dental","2013-12-29","2013-12-29","2013-12-29","USD","0"
"Health:Dental","2013-12-30","2013-12-30","2013-12-30","USD","0"
"Health:Dental","2013-12-31","2013-12-31","2013-12-31","USD","0"
"Health:Dental","2014-01-01","2014-01-01","2014-01-01","USD","0"
"Health:Dental","2014-01-02","2014-01-02","2014-01-02","USD","2.90"
"Health:Dental","2014-01-03","2014-01-03","2014-01-03","USD","0"
"Health:Dental","2014-01-04","2014-01-04","2014-01-04","USD","0"
"Health:Dental","2014-01-05","2014-01-05","2014-01-05","USD","0"
"Health:Dental","2014-01-06","2014-01-06","2014-01-06","USD","0"
"Health:Dental","2014-01-07","2014-01-07","2014-01-07","USD","0"
"Health:Dental","2014-01-08","2014-01-08","2014-01-08","USD","0"
"Health:Dental","2014-01-09","2014-01-09","2014-01-09","USD","0"
"Health:Dental","2014-01-10","2014-01-10","2014-01-10","USD","0"
"Health:Dental","2014-01-11","2014-01-11","2014-01-11","USD","0"
"Health:Dental","2014-01-12","2014-01-12","2014-01-12","USD","0"
"Health:Dental","2014-01-13","2014-01-13","2014-01-13","USD","0"
"Health:Dental","2014-01-14","2014-01-14","2014-01-14","USD","0"
"Health:Dental","2014-01-15","2014-01-15","2014-01-15","USD","0"
"Health:Dental","2014-01-16","2014-01-16","2014-01-16","USD","2.90"
"Health:Dental","2014-01-17","2014-01-17","2014-01-17","USD","0"
"Health:Dental","2014-01-18","2014-01-18","2014-01-18","USD","0"
"Health:Dental","2014-01-19","2014-01-19","2014-01-19","USD","0"
"Health:Dental","2014-01-20","2014-01-20","2014-01-20","USD","0"
"Health:Dental","2014-01-21","2014-01-21","2014-01-21","USD","0"
"Health:Dental","2014-01-22","2014-01-22","2014-01-22","USD","0"
"Health:Dental","2014-01-23","2014-01-23","2014-01-23","USD","0"
"Health:Dental","2014-01-24","2014-01-24","2014-01-24","USD","0"
"Health:Dental","2014-01-25","2014-01-25","2014-01-25","USD","0"
"Health:Dental","2014-01-26","2014-01-26","2014-01-26","USD","0"
"Health:Dental","2014-01-27","2014-01-27","2014-01-27","USD","0"
"Health:Dental","2014-01-28","2014-01-28","2014-01-28","USD","0"
"Health:Dental","2014-01-29","2014-01-29","2014-01-29","USD","0"
"Health:Dental","2014-01-30","2014-01-30","2014-01-30","USD","2.90"
"Health:Dental","2014-01-31","2014-01-31","2014-01-31","USD","0"
"Health:Dental","2014-02-01","2014-02-01","2014-02-01","USD","0"
"Health:Dental","2014-02-02","2014-02-02","2014-02-02","USD","0"
"Health:Dental","2014-02-03","2014-02-03","2014-02-03","USD","0"
"Health:Dental","2014-02-04","2014-02-04","2014-02-04","USD","0"
"Health:Dental","2014-02-05","2014-02-05","2014-02-05","USD","0"
"Health:Dental","2014-02-06","2014-02-06","2014-02-06","USD","0"
"Health:Dental","2014-02-07","2014-02-07","2014-02-07","USD","0"
"Health:Dental","2014-02-08","2014-02-08","2014-02-08","USD","0"
"Health:Dental","2014-02-09","2014-02-09","2014-02-09","USD","0"
"Health:Dental","2014-02-10","2014-02-10","2014-02-10","USD","0"
"Health:Dental","2014-02-11","2014-02-11","2014-02-11","USD","0"
"Health:Dental","2014-02-12","2014-02-12","2014-02-12","USD","0"
"Health:Dental","2014-02-13","2014-02-13","2014-02-13","USD","2.90"
"Health:Dental","2014-02-14","2014-02-14","2014-02-14","USD","0"
"Health:Dental","2014-02-15","2014-02-15","2014-02-15","USD","0"
"Health:Dental","2014-02-16","2014-02-16","2014-02-16","USD","0"
"Health:Dental","2014-02-17","2014-02-17","2014-02-17","USD","0"
"Health:Dental","2014-02-18","2014-02-18","2014-02-18","USD","0"
"Health:Dental","2014-02-19","2014-02-19","2014-02-19","USD","0"
"Health:Dental","2014-02-20","2014-02-20","2014-02-20","USD","0"
"Health:Dental","2014-02-21","2014-02-21","2014-02-21","USD","0"
"Health:Dental","2014-02-22","2014-02-22","2014-02-22","USD","0"
"Health:Dental","2014-02-23","2014-02-23","2014-02-23","USD","0"
"Health:Dental","2014-02-24","2014-02-24","2014-02-24","USD","0"
"Health:Dental","2014-02-25","2014-02-25","2014-02-25","USD","0"
"Health:Dental","2014-02-26","2014-02-26","2014-02-26","USD","0"
"Health:Dental","2014-02-27","2014-02-27","2014-02-27","USD","2.90"
"Health:Dental","2014-02-28","2014-02-28","2014-02-28","USD","0"
"Health:Dental","2014-03-01","2014-03-01","2014-03-01","USD","0"
"Health:Dental","2014-03-02","2014-03-02","2014-03-02","USD","0"
"Health:Dental","2014-03-03","2014-03-03","2014-03-03","USD","0"
"Health:Dental","2014-03-04","2014-03-04","2014-03-04","USD","0"
"Health:Dental","2014-03-05","2014-03-05","2014-03-05","USD","0"
"Health:Dental","2014-03-06","2014-03-06","2014-03-06","USD","0"
"Health:Dental","2014-03-07","2014-03-07","2014-03-07","USD","0"
"Health:Dental","2014-03-08","2014-03-08","2014-03-08","USD","0"
"Health:Dental","2014-03-09","2014-03-09","2014-03-09","USD","0"
"Health:Dental","2014-03-10","2014-03-10","2014-03-10","USD","0"
"Health:Dental","2014-03-11","2014-03-11","2014-03-11","USD","0"
"Health:Dental","2014-03-12","2014-03-12","2014-03-12","USD","0"
"Health:Dental","2014-03-13","2014-03-13","2014-03-13","USD","2.90"
"Health:Dental","2014-03-14","2014-03-14","2014-03-14","USD","0"
"Health:Dental","2014-03-15","2014-03-15","2014-03-15","USD","0"
"Health:Dental","2014-03-16","2014-03-16","2014-03-16","USD","0"
"Health:Dental","2014-03-17","2014-03-17","2014-03-17","USD","0"
"Health:Dental","2014-03-18","2014-03-18","2014-03-18","USD","0"
"Health:Dental","2014-03-19","2014-03-19","2014-03-19","USD","0"
"Health:Dental","2014-03-20","2014-03-20","2014-03-20","USD","0"
"Health:Dental","2014-03-21","2014-03-21","2014-03-21","USD","0"
"Health:Dental","2014-03-22","2014-03-22","2014-03-22","USD","0"
"Health:Dental","2014-03-23","2014-03-23","2014-03-23","USD","0"
"Health:Dental","2014-03-24","2014-03-24","2014-03-24","USD","0"
"Health:Dental","2014-03-25","2014-03-25","2014-03-25","USD","0"
"Health:Dental","2014-03-26","2014-03-26","2014-03-26","USD","0"
"Health:Dental","2014-03-27","2014-03-27","2014-03-27","USD","2.90"
"Health:Dental","2014-03-28","2014-03-28","2014-03-28","USD","0"
"Health:Dental","2014-03-29","2014-03-29","2014-03-29","USD","0"
"Health:Dental","2014-03-30","2014-03-30","2014-03-30","USD","0"
"Health:Dental","2014-03-31","2014-03-31","2014-03-31","USD","0"
"Health:Dental","2014-04-01","2014-04-01","2014-04-01","USD","0"
"Health:Dental","2014-04-02","2014-04-02","2014-04-02","USD","0"
"Health:Dental","2014-04-03","2014-04-03","2014-04-03","USD","0"
"Health:Dental","2014-04-04","2014-04-04","2014-04-04","USD","0"
"Health:Dental","2014-04-05","2014-04-05","2014-04-05","USD","0"
"Health:Dental","2014-04-06","2014-04-06","2014-04-06","USD","0"
"Health:Dental","2014-04-07","2014-04-07","2014-04-07","USD","0"
"Health:Dental","2014-04-08","2014-04-08","2014-04-08","USD","0"
"Health:Dental","2014-04-09","2014-04-09","2014-04-09","USD","0"
"Health:Dental","2014-04-10","2014-04-10","2014-04-10","USD","2.90"
"Health:Dental","2014-04-11","2014-04-11","2014-04-11","USD","0"
"Health:Dental","2014-04-12","2014-04-12","2014-04-12","USD","0"
"Health:Dental","2014-04-13","2014-04-13","2014-04-13","USD","0"
"Health:Dental","2014-04-14","2014-04-14","2014-04-14","USD","0"
"Health:Dental","2014-04-15","2014-04-15","2014-04-15","USD","0"
"Health:Dental","2014-04-16","2014-04-16","2014-04-16","USD","0"
"Health:Dental","2014-04-17","2014-04-17","2014-04-17","USD","0"
"Health:Dental","2014-04-18","2014-04-18","2014-04-18","USD","0"
"Health:Dental","2014-04-19","2014-04-19","2014-04-19","USD","0"
"Health:Dental","2014-04-20","2014-04-20","2014-04-20","USD","0"
"Health:Dental","2014-04-21","2014-04-21","2014-04-21","USD","0"
"Health:Dental","2014-04-22","2014-04-22","2014-04-22","USD","0"
"Health:Dental","2014-04-23","2014-04-23","2014-04-23","USD","0"
"Health:Dental","2014-04-24","2014-04-24","2014-04-24","USD","2.90"
"Health:Dental","2014-04-25","2014-04-25","2014-04-25","USD","0"
"Health:Dental","2014-04-26","2014-04-26","2014-04-26","USD","0"
"Health:Dental","2014-04-27","2014-04-27","2014-04-27","USD","0"
"Health:Dental","2014-04-28","2014-04-28","2014-04-28","USD","0"
"Health:Dental","2014-04-29","2014-04-29","2014-04-29","USD","0"
"Health:Dental","2014-04-30","2014-04-30","2014-04-30","USD","0"
"Health:Dental","2014-05-01","2014-05-01","2014-05-01","USD","0"
"Health:Dental","2014-05-02","2014-05-02","2014-05-02","USD","0"
"Health:Dental","2014-05-03","2014-05-03","2014-05-03","USD","0"
"Health:Dental","2014-05-04","2014-05-04","2014-05-04","USD","0"
"Health:Dental","2014-05-05","2014-05-05","2014-05-05","USD","0"
"Health:Dental","2014-05-06","2014-05-06","2014-05-06","USD","0"
"Health:Dental","2014-05-07","2014-05-07","2014-05-07","USD","0"
"Health:Dental","2014-05-08","2014-05-08","2014-05-08","USD","2.90"
"Health:Dental","2014-05-09","2014-05-09","2014-05-09","USD","0"
"Health:Dental","2014-05-10","2014-05-10","2014-05-10","USD","0"
"Health:Dental","2014-05-11","2014-05-11","2014-05-11","USD","0"
"Health:Dental","2014-05-12","2014-05-12","2014-05-12","USD","0"
"Health:Dental","2014-05-13","2014-05-13","2014-05-13","USD","0"
"Health:Dental","2014-05-14","2014-05-14","2014-05-14","USD","0"
"Health:Dental","2014-05-15","2014-05-15","2014-05-15","USD","0"
"Health:Dental","2014-05-16","2014-05-16","2014-05-16","USD","0"
"Health:Dental","2014-05-17","2014-05-17","2014-05-17","USD","0"
"Health:Dental","2014-05-18","2014-05-18","2014-05-18","USD","0"
"Health:Dental","2014-05-19","2014-05-19","2014-05-19","USD","0"
"Health:Dental","2014-05-20","2014-05-20","2014-05-20","USD","0"
"Health:Dental","2014-05-21","2014-05-21","2014-05-21","USD","0"
"Health:Dental","2014-05-22","2014-05-22","2014-05-22","USD","2.90"
"Health:Dental","2014-05-23","2014-05-23","2014-05-23","USD","0"
"Health:Dental","2014-05-24","2014-05-24","2014-05-24","USD","0"
"Health:Dental","2014-05-25","2014-05-25","2014-05-25","USD","0"
"Health:Dental","2014-05-26","2014-05-26","2014-05-26","USD","0"
"Health:Dental","2014-05-27","2014-05-27","2014-05-27","USD","0"
"Health:Dental","2014-05-28","2014-05-28","2014-05-28","USD","0"
"Health:Dental","2014-05-29","2014-05-29","2014-05-29","USD","0"
"Health:Dental","2014-05-30","2014-05-30","2014-05-30","USD","0"
"Health:Dental","2014-05-31","2014-05-31","2014-05-31","USD","0"
"Health:Dental","2014-06-01","2014-06-01","2014-06-01","USD","0"
"Health:Dental","2014-06-02","2014-06-02","2014-06-02","USD","0"
"Health:Dental","2014-06-03","2014-06-03","2014-06-03","USD","0"
"Health:Dental","2014-06-04","2014-06-04","2014-06-04","USD","0"
"Health:Dental","2014-06-05","2014-06-05","2014-06-05","USD","2.90"
"Health:Dental","2014-06-06","2014-06-06","2014-06-06","USD","0"
"Health:Dental","2014-06-07","2014-06-07","2014-06-07","USD","0"
"Health:Dental","2014-06-08","2014-06-08","2014-06-08","USD","0"
"Health:Dental","2014-06-09","2014-06-09","2014-06-09","USD","0"
"Health:Dental","2014-06-10","2014-06-10","2014-06-10","USD","0"
"Health:Dental","2014-06-11","2014-06-11","2014-06-11","USD","0"
"Health:Dental","2014-06-12","2014-06-12","2014-06-12","USD","0"
"Health:Dental","2014-06-13","2014-06-13","2014-06-13","USD","0"
"Health:Dental","2014-06-14","2014-06-14","2014-06-14","USD","0"
"Health:Dental","2014-06-15","2014-06-15","2014-06-15","USD","0"
"Health:Dental","2014-06-16","2014-06-16","2014-06-16","USD","0"
"Health:Dental","2014-06-17","2014-06-17","2014-06-17","USD","0"
"Health:Dental","2014-06-18","2014-06-18","2014-06-18","USD","0"
"Health:Dental","2014-06-19","2014-06-19","2014-06-19","USD","2.90"
"Health:Dental","2014-06-20","2014-06-20","2014-06-20","USD","0"
"Health:Dental","2014-06-21","2014-06-21","2014-06-21","USD","0"
"Health:Dental","2014-06-22","2014-06-22","2014-06-22","USD","0"
"Health:Dental","2014-06-23","2014-06-23","2014-06-23","USD","0"
"Health:Dental","2014-06-24","2014-06-24","2014-06-24","USD","0"
"Health:Dental","2014-06-25","2014-06-25","2014-06-25","USD","0"
"Health:Dental","2014-06-26","2014-06-26","2014-06-26","USD","0"
"Health:Dental","2014-06-27","2014-06-27","2014-06-27","USD","0"
"Health:Dental","2014-06-28","2014-06-28","2014-06-28","USD","0"
"Health:Dental","2014-06-29","2014-06-29","2014-06-29","USD","0"
"Health:Dental","2014-06-30","2014-06-30","2014-06-30","USD","0"
"Health:Dental","2014-07-01","2014-07-01","2014-07-01","USD","0"
"Health:Dental","2014-07-02","2014-07-02","2014-07-02","USD","0"
"Health:Dental","2014-07-03","2014-07-03","2014-07-03","USD","2.90"
"Health:Dental","2014-07-04","2014-07-04","2014-07-04","USD","0"
"Health:Dental","2014-07-05","2014-07-05","2014-07-05","USD","0"
"Health:Dental","2014-07-06","2014-07-06","2014-07-06","USD","0"
"Health:Dental","2014-07-07","2014-07-07","2014-07-07","USD","0"
"Health:Dental","2014-07-08","2014-07-08","2014-07-08","USD","0"
"Health:Dental","2014-07-09","2014-07-09","2014-07-09","USD","0"
"Health:Dental","2014-07-10","2014-07-10","2014-07-10","USD","0"
"Health:Dental","2014-07-11","2014-07-11","2014-07-11","USD","0"
"Health:Dental","2014-07-12","2014-07-12","2014-07-12","USD","0"
"Health:Dental","2014-07-13","2014-07-13","2014-07-13","USD","0"
"Health:Dental","2014-07-14","2014-07-14","2014-07-14","USD","0"
"Health:Dental","2014-07-15","2014-07-15","2014-07-15","USD","0"
"Health:Dental","2014-07-16","2014-07-16","2014-07-16","USD","0"
"Health:Dental","2014-07-17","2014-07-17","2014-07-17","USD","2.90"
"Health:Dental","2014-07-18","2014-07-18","2014-07-18","USD","0"
"Health:Dental","2014-07-19","2014-07-19","2014-07-19","USD","0"
"Health:Dental","2014-07-20","2014-07-20","2014-07-20","USD","0"
"Health:Dental","2014-07-21","2014-07-21","2014-07-21","USD","0"
"Health:Dental","2014-07-22","2014-07-22","2014-07-22","USD","0"
"Health:Dental","2014-07-23","2014-07-23","2014-07-23","USD","0"
"Health:Dental","2014-07-24","2014-07-24","2014-07-24","USD","0"
"Health:Dental","2014-07-25","2014-07-25","2014-07-25","USD","0"
"Health:Dental","2014-07-26","2014-07-26","2014-07-26","USD","0"
"Health:Dental","2014-07-27","2014-07-27","2014-07-27","USD","0"
"Health:Dental","2014-07-28","2014-07-28","2014-07-28","USD","0"
"Health:Dental","2014-07-29","2014-07-29","2014-07-29","USD","0"
"Health:Dental","2014-07-30","2014-07-30","2014-07-30","USD","0"
"Health:Dental","2014-07-31","2014-07-31","2014-07-31","USD","2.90"
"Health:Dental","2014-08-01","2014-08-01","2014-08-01","USD","0"
"Health:Dental","2014-08-02","2014-08-02","2014-08-02","USD","0"
"Health:Dental","2014-08-03","2014-08-03","2014-08-03","USD","0"
"Health:Dental","2014-08-04","2014-08-04","2014-08-04","USD","0"
"Health:Dental","2014-08-05","2014-08-05","2014-08-05","USD","0"
"Health:Dental","2014-08-06","2014-08-06","2014-08-06","USD","0"
"Health:Dental","2014-08-07","2014-08-07","2014-08-07","USD","0"
"Health:Dental","2014-08-08","2014-08-08","2014-08-08","USD","0"
"Health:Dental","2014-08-09","2014-08-09","2014-08-09","USD","0"
"Health:Dental","2014-08-10","2014-08-10","2014-08-10","USD","0"
"Health:Dental","2014-08-11","2014-08-11","2014-08-11","USD","0"
"Health:Dental","2014-08-12","2014-08-12","2014-08-12","USD","0"
"Health:Dental","2014-08-13","2014-08-13","2014-08-13","USD","0"
"Health:Dental","2014-08-14","2014-08-14","2014-08-14","USD","2.90"
"Health:Dental","2014-08-15","2014-08-15","2014-08-15","USD","0"
"Health:Dental","2014-08-16","2014-08-16","2014-08-16","USD","0"
"Health:Dental","2014-08-17","2014-08-17","2014-08-17","USD","0"
"Health:Dental","2014-08-18","2014-08-18","2014-08-18","USD","0"
"Health:Dental","2014-08-19","2014-08-19","2014-08-19","USD","0"
"Health:Dental","2014-08-20","2014-08-20","2014-08-20","USD","0"
"Health:Dental","2014-08-21","2014-08-21","2014-08-21","USD","0"
"Health:Dental","2014-08-22","2014-08-22","2014-08-22","USD","0"
"Health:Dental","2014-08-23","2014-08-23","2014-08-23","USD","0"
"Health:Dental","2014-08-24","2014-08-24","2014-08-24","USD","0"
"Health:Dental","2014-08-25","2014-08-25","2014-08-25","USD","0"
"Health:Dental","2014-08-26","2014-08-26","2014-08-26","USD","0"
"Health:Dental","2014-08-27","2014-08-27","2014-08-27","USD","0"
"Health:Dental","2014-08-28","2014-08-28","2014-08-28","USD","2.90"
"Health:Dental","2014-08-29","2014-08-29","2014-08-29","USD","0"
"Health:Dental","2014-08-30","2014-08-30","2014-08-30","USD","0"
"Health:Dental","2014-08-31","2014-08-31","2014-08-31","USD","0"
"Health:Dental","2014-09-01","2014-09-01","2014-09-01","USD","0"
"Health:Dental","2014-09-02","2014-09-02","2014-09-02","USD","0"
"Health:Dental","2014-09-03","2014-09-03","2014-09-03","USD","0"
"Health:Dental","2014-09-04","2014-09-04","2014-09-04","USD","0"
"Health:Dental","2014-09-05","2014-09-05","2014-09-05","USD","0"
"Health:Dental","2014-09-06","2014-09-06","2014-09-06","USD","0"
"Health:Dental","2014-09-07","2014-09-07","2014-09-07","USD","0"
"Health:Dental","2014-09-08","2014-09-08","2014-09-08","USD","0"
"Health:Dental","2014-09-09","2014-09-09","2014-09-09","USD","0"
"Health:Dental","2014-09-10","2014-09-10","2014-09-10","USD","0"
"Health:Dental","2014-09-11","2014-09-11","2014-09-11","USD","2.90"
"Health:Dental","2014-09-12","2014-09-12","2014-09-12","USD","0"
"Health:Dental","2014-09-13","2014-09-13","2014-09-13","USD","0"
"Health:Dental","2014-09-14","2014-09-14","2014-09-14","USD","0"
"Health:Dental","2014-09-15","2014-09-15","2014-09-15","USD","0"
"Health:Dental","2014-09-16","2014-09-16","2014-09-16","USD","0"
"Health:Dental","2014-09-17","2014-09-17","2014-09-17","USD","0"
"Health:Dental","2014-09-18","2014-09-18","2014-09-18","USD","0"
"Health:Dental","2014-09-19","2014-09-19","2014-09-19","USD","0"
"Health:Dental","2014-09-20","2014-09-20","2014-09-20","USD","0"
"Health:Dental","2014-09-21","2014-09-21","2014-09-21","USD","0"
"Health:Dental","2014-09-22","2014-09-22","2014-09-22","USD","0"
"Health:Dental","2014-09-23","2014-09-23","2014-09-23","USD","0"
"Health:Dental","2014-09-24","2014-09-24","2014-09-24","USD","0"
"Health:Dental","2014-09-25","2014-09-25","2014-09-25","USD","2.90"
"Health:Dental","2014-09-26","2014-09-26","2014-09-26","USD","0"
"Health:Dental","2014-09-27","2014-09-27","2014-09-27","USD","0"
"Health:Dental","2014-09-28","2014-09-28","2014-09-28","USD","0"
"Health:Dental","2014-09-29","2014-09-29","2014-09-29","USD","0"
"Health:Dental","2014-09-30","2014-09-30","2014-09-30","USD","0"
"Health:Dental","2014-10-01","2014-10-01","2014-10-01","USD","0"
"Health:Dental","2014-10-02","2014-10-02","2014-10-02","USD","0"
"Health:Dental","2014-10-03","2014-10-03","2014-10-03","USD","0"
"Health:Dental","2014-10-04","2014-10-04","2014-10-04","USD","0"
"Health:Dental","2014-10-05","2014-10-05","2014-10-05","USD","0"
"Health:Dental","2014-10-06","2014-10-06","2014-10-06","USD","0"
"Health:Dental","2014-10-07","2014-10-07","2014-10-07","USD","0"
"Health:Dental","2014-10-08","2014-10-08","2014-10-08","USD","0"
"Health:Dental","2014-10-09","2014-10-09","2014-10-09","USD","2.90"
"Health:Dental","2014-10-10","2014-10-10","2014-10-10","USD","0"
"Health:Dental","2014-10-11","2014-10-11","2014-10-11","USD","0"
"Health:Life","2012-01-03","2012-01-03","2012-01-03","USD","0"
"Health:Life","2012-01-04","2012-01-04","2012-01-04","USD","0"
"Health:Life","2012-01-05","2012-01-05","2012-01-05","USD","24.32"
"Health:Life","2012-01-06","2012-01-06","2012-01-06","USD","0"
"Health:Life","2012-01-07","2012-01-07","2012-01-07","USD","0"
"Health:Life","2012-01-08","2012-01-08","2012-01-08","USD","0"
"Health:Life","2012-01-09","2012-01-09","2012-01-09","USD","0"
"Health:Life","2012-01-10","2012-01-10","2012-01-10","USD","0"
"Health:Life","2012-01-11","2012-01-11","2012-01-11","USD","0"
"Health:Life","2012-01-12","2012-01-12","2012-01-12","USD","0"
"Health:Life","2012-01-13","2012-01-13","2012-01-13","USD","0"
"Health:Life","2012-01-14","2012-01-14","2012-01-14","USD","0"
"Health:Life","2012-01-15","2012-01-15","2012-01-15","USD","0"
"Health:Life","2012-01-16","2012-01-16","2012-01-16","USD","0"
"Health:Life","2012-01-17","2012-01-17","2012-01-17","USD","0"
"Health:Life","2012-01-18","2012-01-18","2012-01-18","USD","0"
"Health:Life","2012-01-19","2012-01-19","2012-01-19","USD","24.32"
"Health:Life","2012-01-20","2012-01-20","2012-01-20","USD","0"
"Health:Life","2012-01-21","2012-01-21","2012-01-21","USD","0"
"Health:Life","2012-01-22","2012-01-22","2012-01-22","USD","0"
"Health:Life","2012-01-23","2012-01-23","2012-01-23","USD","0"
"Health:Life","2012-01-24","2012-01-24","2012-01-24","USD","0"
"Health:Life","2012-01-25","2012-01-25","2012-01-25","USD","0"
"Health:Life","2012-01-26","2012-01-26","2012-01-26","USD","0"
"Health:Life","2012-01-27","2012-01-27","2012-01-27","USD","0"
"Health:Life","2012-01-28","2012-01-28","2012-01-28","USD","0"
"Health:Life","2012-01-29","2012-01-29","2012-01-29","USD","0"
"Health:Life","2012-01-30","2012-01-30","2012-01-30","USD","0"
"Health:Life","2012-01-31","2012-01-31","2012-01-31","USD","0"
"Health:Life","2012-02-01","2012-02-01","2012-02-01","USD","0"
"Health:Life","2012-02-02","2012-02-02","2012-02-02","USD","24.32"
"Health:Life","2012-02-03","2012-02-03","2012-02-03","USD","0"
"Health:Life","2012-02-04","2012-02-04","2012-02-04","USD","0"
"Health:Life","2012-02-05","2012-02-05","2012-02-05","USD","0"
"Health:Life","2012-02-06","2012-02-06","2012-02-06","USD","0"
"Health:Life","2012-02-07","2012-02-07","2012-02-07","USD","0"
"Health:Life","2012-02-08","2012-02-08","2012-02-08","USD","0"
"Health:Life","2012-02-09","2012-02-09","2012-02-09","USD","0"
"Health:Life","2012-02-10","2012-02-10","2012-02-10","USD","0"
"Health:Life","2012-02-11","2012-02-11","2012-02-11","USD","0"
"Health:Life","2012-02-12","2012-02-12","2012-02-12","USD","0"
"Health:Life","2012-02-13","2012-02-13","2012-02-13","USD","0"
"Health:Life","2012-02-14","2012-02-14","2012-02-14","USD","0"
"Health:Life","2012-02-15","2012-02-15","2012-02-15","USD","0"
"Health:Life","2012-02-16","2012-02-16","2012-02-16","USD","24.32"
"Health:Life","2012-02-17","2012-02-17","2012-02-17","USD","0"
"Health:Life","2012-02-18","2012-02-18","2012-02-18","USD","0"
"Health:Life","2012-02-19","2012-02-19","2012-02-19","USD","0"
"Health:Life","2012-02-20","2012-02-20","2012-02-20","USD","0"
"Health:Life","2012-02-21","2012-02-21","2012-02-21","USD","0"
"Health:Life","2012-02-22","2012-02-22","2012-02-22","USD","0"
"Health:Life","2012-02-23","2012-02-23","2012-02-23","USD","0"
"Health:Life","2012-02-24","2012-02-24","2012-02-24","USD","0"
"Health:Life","2012-02-25","2012-02-25","2012-02-25","USD","0"
"Health:Life","2012-02-26","2012-02-26","2012-02-26","USD","0"
"Health:Life","2012-02-27","2012-02-27","2012-02-27","USD","0"
"Health:Life","2012-02-28","2012-02-28","2012-02-28","USD","0"
"Health:Life","2012-02-29","2012-02-29","2012-02-29","USD","0"
"Health:Life","2012-03-01","2012-03-01","2012-03-01","USD","24.32"
"Health:Life","2012-03-02","2012-03-02","2012-03-02","USD","0"
"Health:Life","2012-03-03","2012-03-03","2012-03-03","USD","0"
"Health:Life","2012-03-04","2012-03-04","2012-03-04","USD","0"
"Health:Life","2012-03-05","2012-03-05","2012-03-05","USD","0"
"Health:Life","2012-03-06","2012-03-06","2012-03-06","USD","0"
"Health:Life","2012-03-07","2012-03-07","2012-03-07","USD","0"
"Health:Life","2012-03-08","2012-03-08","2012-03-08","USD","0"
"Health:Life","2012-03-09","2012-03-09","2012-03-09","USD","0"
"Health:Life","2012-03-10","2012-03-10","2012-03-10","USD","0"
"Health:Life","2012-03-11","2012-03-11","2012-03-11","USD","0"
"Health:Life","2012-03-12","2012-03-12","2012-03-12","USD","0"
"Health:Life","2012-03-13","2012-03-13","2012-03-13","USD","0"
"Health:Life","2012-03-14","2012-03-14","2012-03-14","USD","0"
"Health:Life","2012-03-15","2012-03-15","2012-03-15","USD","24.32"
"Health:Life","2012-03-16","2012-03-16","2012-03-16","USD","0"
"Health:Life","2012-03-17","2012-03-17","2012-03-17","USD","0"
"Health:Life","2012-03-18","2012-03-18","2012-03-18","USD","0"
"Health:Life","2012-03-19","2012-03-19","2012-03-19","USD","0"
"Health:Life","2012-03-20","2012-03-20","2012-03-20","USD","0"
"Health:Life","2012-03-21","2012-03-21","2012-03-21","USD","0"
"Health:Life","2012-03-22","2012-03-22","2012-03-22","USD","0"
"Health:Life","2012-03-23","2012-03-23","2012-03-23","USD","0"
"Health:Life","2012-03-24","2012-03-24","2012-03-24","USD","0"
"Health:Life","2012-03-25","2012-03-25","2012-03-25","USD","0"
"Health:Life","2012-03-26","2012-03-26","2012-03-26","USD","0"
"Health:Life","2012-03-27","2012-03-27","2012-03-27","USD","0"
"Health:Life","2012-03-28","2012-03-28","2012-03-28","USD","0"
"Health:Life","2012-03-29","2012-03-29","2012-03-29","USD","24.32"
"Health:Life","2012-03-30","2012-03-30","2012-03-30","USD","0"
"Health:Life","2012-03-31","2012-03-31","2012-03-31","USD","0"
"Health:Life","2012-04-01","2012-04-01","2012-04-01","USD","0"
"Health:Life","2012-04-02","2012-04-02","2012-04-02","USD","0"
"Health:Life","2012-04-03","2012-04-03","2012-04-03","USD","0"
"Health:Life","2012-04-04","2012-04-04","2012-04-04","USD","0"
"Health:Life","2012-04-05","2012-04-05","2012-04-05","USD","0"
"Health:Life","2012-04-06","2012-04-06","2012-04-06","USD","0"
"Health:Life","2012-04-07","2012-04-07","2012-04-07","USD","0"
"Health:Life","2012-04-08","2012-04-08","2012-04-08","USD","0"
"Health:Life","2012-04-09","2012-04-09","2012-04-09","USD","0"
"Health:Life","2012-04-10","2012-04-10","2012-04-10","USD","0"
"Health:Life","2012-04-11","2012-04-11","2012-04-11","USD","0"
"Health:Life","2012-04-12","2012-04-12","2012-04-12","USD","24.32"
"Health:Life","2012-04-13","2012-04-13","2012-04-13","USD","0"
"Health:Life","2012-04-14","2012-04-14","2012-04-14","USD","0"
"Health:Life","2012-04-15","2012-04-15","2012-04-15","USD","0"
"Health:Life","2012-04-16","2012-04-16","2012-04-16","USD","0"
"Health:Life","2012-04-17","2012-04-17","2012-04-17","USD","0"
"Health:Life","2012-04-18","2012-04-18","2012-04-18","USD","0"
"Health:Life","2012-04-19","2012-04-19","2012-04-19","USD","0"
"Health:Life","2012-04-20","2012-04-20","2012-04-20","USD","0"
"Health:Life","2012-04-21","2012-04-21","2012-04-21","USD","0"
"Health:Life","2012-04-22","2012-04-22","2012-04-22","USD","0"
"Health:Life","2012-04-23","2012-04-23","2012-04-23","USD","0"
"Health:Life","2012-04-24","2012-04-24","2012-04-24","USD","0"
"Health:Life","2012-04-25","2012-04-25","2012-04-25","USD","0"
"Health:Life","2012-04-26","2012-04-26","2012-04-26","USD","24.32"
"Health:Life","2012-04-27","2012-04-27","2012-04-27","USD","0"
"Health:Life","2012-04-28","2012-04-28","2012-04-28","USD","0"
"Health:Life","2012-04-29","2012-04-29","2012-04-29","USD","0"
"Health:Life","2012-04-30","2012-04-30","2012-04-30","USD","0"
"Health:Life","2012-05-01","2012-05-01","2012-05-01","USD","0"
"Health:Life","2012-05-02","2012-05-02","2012-05-02","USD","0"
"Health:Life","2012-05-03","2012-05-03","2012-05-03","USD","0"
"Health:Life","2012-05-04","2012-05-04","2012-05-04","USD","0"
"Health:Life","2012-05-05","2012-05-05","2012-05-05","USD","0"
"Health:Life","2012-05-06","2012-05-06","2012-05-06","USD","0"
"Health:Life","2012-05-07","2012-05-07","2012-05-07","USD","0"
"Health:Life","2012-05-08","2012-05-08","2012-05-08","USD","0"
"Health:Life","2012-05-09","2012-05-09","2012-05-09","USD","0"
"Health:Life","2012-05-10","2012-05-10","2012-05-10","USD","24.32"
"Health:Life","2012-05-11","2012-05-11","2012-05-11","USD","0"
"Health:Life","2012-05-12","2012-05-12","2012-05-12","USD","0"
"Health:Life","2012-05-13","2012-05-13","2012-05-13","USD","0"
"Health:Life","2012-05-14","2012-05-14","2012-05-14","USD","0"
"Health:Life","2012-05-15","2012-05-15","2012-05-15","USD","0"
"Health:Life","2012-05-16","2012-05-16","2012-05-16","USD","0"
"Health:Life","2012-05-17","2012-05-17","2012-05-17","USD","0"
"Health:Life","2012-05-18","2012-05-18","2012-05-18","USD","0"
"Health:Life","2012-05-19","2012-05-19","2012-05-19","USD","0"
"Health:Life","2012-05-20","2012-05-20","2012-05-20","USD","0"
"Health:Life","2012-05-21","2012-05-21","2012-05-21","USD","0"
"Health:Life","2012-05-22","2012-05-22","2012-05-22","USD","0"
"Health:Life","2012-05-23","2012-05-23","2012-05-23","USD","0"
"Health:Life","2012-05-24","2012-05-24","2012-05-24","USD","24.32"
"Health:Life","2012-05-25","2012-05-25","2012-05-25","USD","0"
"Health:Life","2012-05-26","2012-05-26","2012-05-26","USD","0"
"Health:Life","2012-05-27","2012-05-27","2012-05-27","USD","0"
"Health:Life","2012-05-28","2012-05-28","2012-05-28","USD","0"
"Health:Life","2012-05-29","2012-05-29","2012-05-29","USD","0"
"Health:Life","2012-05-30","2012-05-30","2012-05-30","USD","0"
"Health:Life","2012-05-31","2012-05-31","2012-05-31","USD","0"
"Health:Life","2012-06-01","2012-06-01","2012-06-01","USD","0"
"Health:Life","2012-06-02","2012-06-02","2012-06-02","USD","0"
"Health:Life","2012-06-03","2012-06-03","2012-06-03","USD","0"
"Health:Life","2012-06-04","2012-06-04","2012-06-04","USD","0"
"Health:Life","2012-06-05","2012-06-05","2012-06-05","USD","0"
"Health:Life","2012-06-06","2012-06-06","2012-06-06","USD","0"
"Health:Life","2012-06-07","2012-06-07","2012-06-07","USD","24.32"
"Health:Life","2012-06-08","2012-06-08","2012-06-08","USD","0"
"Health:Life","2012-06-09","2012-06-09","2012-06-09","USD","0"
"Health:Life","2012-06-10","2012-06-10","2012-06-10","USD","0"
"Health:Life","2012-06-11","2012-06-11","2012-06-11","USD","0"
"Health:Life","2012-06-12","2012-06-12","2012-06-12","USD","0"
"Health:Life","2012-06-13","2012-06-13","2012-06-13","USD","0"
"Health:Life","2012-06-14","2012-06-14","2012-06-14","USD","0"
"Health:Life","2012-06-15","2012-06-15","2012-06-15","USD","0"
"Health:Life","2012-06-16","2012-06-16","2012-06-16","USD","0"
"Health:Life","2012-06-17","2012-06-17","2012-06-17","USD","0"
"Health:Life","2012-06-18","2012-06-18","2012-06-18","USD","0"
"Health:Life","2012-06-19","2012-06-19","2012-06-19","USD","0"
"Health:Life","2012-06-20","2012-06-20","2012-06-20","USD","0"
"Health:Life","2012-06-21","2012-06-21","2012-06-21","USD","24.32"
"Health:Life","2012-06-22","2012-06-22","2012-06-22","USD","0"
"Health:Life","2012-06-23","2012-06-23","2012-06-23","USD","0"
"Health:Life","2012-06-24","2012-06-24","2012-06-24","USD","0"
"Health:Life","2012-06-25","2012-06-25","2012-06-25","USD","0"
"Health:Life","2012-06-26","2012-06-26","2012-06-26","USD","0"
"Health:Life","2012-06-27","2012-06-27","2012-06-27","USD","0"
"Health:Life","2012-06-28","2012-06-28","2012-06-28","USD","0"
"Health:Life","2012-06-29","2012-06-29","2012-06-29","USD","0"
"Health:Life","2012-06-30","2012-06-30","2012-06-30","USD","0"
"Health:Life","2012-07-01","2012-07-01","2012-07-01","USD","0"
"Health:Life","2012-07-02","2012-07-02","2012-07-02","USD","0"
"Health:Life","2012-07-03","2012-07-03","2012-07-03","USD","0"
"Health:Life","2012-07-04","2012-07-04","2012-07-04","USD","0"
"Health:Life","2012-07-05","2012-07-05","2012-07-05","USD","24.32"
"Health:Life","2012-07-06","2012-07-06","2012-07-06","USD","0"
"Health:Life","2012-07-07","2012-07-07","2012-07-07","USD","0"
"Health:Life","2012-07-08","2012-07-08","2012-07-08","USD","0"
"Health:Life","2012-07-09","2012-07-09","2012-07-09","USD","0"
"Health:Life","2012-07-10","2012-07-10","2012-07-10","USD","0"
"Health:Life","2012-07-11","2012-07-11","2012-07-11","USD","0"
"Health:Life","2012-07-12","2012-07-12","2012-07-12","USD","0"
"Health:Life","2012-07-13","2012-07-13","2012-07-13","USD","0"
"Health:Life","2012-07-14","2012-07-14","2012-07-14","USD","0"
"Health:Life","2012-07-15","2012-07-15","2012-07-15","USD","0"
"Health:Life","2012-07-16","2012-07-16","2012-07-16","USD","0"
"Health:Life","2012-07-17","2012-07-17","2012-07-17","USD","0"
"Health:Life","2012-07-18","2012-07-18","2012-07-18","USD","0"
"Health:Life","2012-07-19","2012-07-19","2012-07-19","USD","24.32"
"Health:Life","2012-07-20","2012-07-20","2012-07-20","USD","0"
"Health:Life","2012-07-21","2012-07-21","2012-07-21","USD","0"
"Health:Life","2012-07-22","2012-07-22","2012-07-22","USD","0"
"Health:Life","2012-07-23","2012-07-23","2012-07-23","USD","0"
"Health:Life","2012-07-24","2012-07-24","2012-07-24","USD","0"
"Health:Life","2012-07-25","2012-07-25","2012-07-25","USD","0"
"Health:Life","2012-07-26","2012-07-26","2012-07-26","USD","0"
"Health:Life","2012-07-27","2012-07-27","2012-07-27","USD","0"
"Health:Life","2012-07-28","2012-07-28","2012-07-28","USD","0"
"Health:Life","2012-07-29","2012-07-29","2012-07-29","USD","0"
"Health:Life","2012-07-30","2012-07-30","2012-07-30","USD","0"
"Health:Life","2012-07-31","2012-07-31","2012-07-31","USD","0"
"Health:Life","2012-08-01","2012-08-01","2012-08-01","USD","0"
"Health:Life","2012-08-02","2012-08-02","2012-08-02","USD","24.32"
"Health:Life","2012-08-03","2012-08-03","2012-08-03","USD","0"
"Health:Life","2012-08-04","2012-08-04","2012-08-04","USD","0"
"Health:Life","2012-08-05","2012-08-05","2012-08-05","USD","0"
"Health:Life","2012-08-06","2012-08-06","2012-08-06","USD","0"
"Health:Life","2012-08-07","2012-08-07","2012-08-07","USD","0"
"Health:Life","2012-08-08","2012-08-08","2012-08-08","USD","0"
"Health:Life","2012-08-09","2012-08-09","2012-08-09","USD","0"
"Health:Life","2012-08-10","2012-08-10","2012-08-10","USD","0"
"Health:Life","2012-08-11","2012-08-11","2012-08-11","USD","0"
"Health:Life","2012-08-12","2012-08-12","2012-08-12","USD","0"
"Health:Life","2012-08-13","2012-08-13","2012-08-13","USD","0"
"Health:Life","2012-08-14","2012-08-14","2012-08-14","USD","0"
"Health:Life","2012-08-15","2012-08-15","2012-08-15","USD","0"
"Health:Life","2012-08-16","2012-08-16","2012-08-16","USD","24.32"
"Health:Life","2012-08-17","2012-08-17","2012-08-17","USD","0"
"Health:Life","2012-08-18","2012-08-18","2012-08-18","USD","0"
"Health:Life","2012-08-19","2012-08-19","2012-08-19","USD","0"
"Health:Life","2012-08-20","2012-08-20","2012-08-20","USD","0"
"Health:Life","2012-08-21","2012-08-21","2012-08-21","USD","0"
"Health:Life","2012-08-22","2012-08-22","2012-08-22","USD","0"
"Health:Life","2012-08-23","2012-08-23","2012-08-23","USD","0"
"Health:Life","2012-08-24","2012-08-24","2012-08-24","USD","0"
"Health:Life","2012-08-25","2012-08-25","2012-08-25","USD","0"
"Health:Life","2012-08-26","2012-08-26","2012-08-26","USD","0"
"Health:Life","2012-08-27","2012-08-27","2012-08-27","USD","0"
"Health:Life","2012-08-28","2012-08-28","2012-08-28","USD","0"
"Health:Life","2012-08-29","2012-08-29","2012-08-29","USD","0"
"Health:Life","2012-08-30","2012-08-30","2012-08-30","USD","24.32"
"Health:Life","2012-08-31","2012-08-31","2012-08-31","USD","0"
"Health:Life","2012-09-01","2012-09-01","2012-09-01","USD","0"
"Health:Life","2012-09-02","2012-09-02","2012-09-02","USD","0"
"Health:Life","2012-09-03","2012-09-03","2012-09-03","USD","0"
"Health:Life","2012-09-04","2012-09-04","2012-09-04","USD","0"
"Health:Life","2012-09-05","2012-09-05","2012-09-05","USD","0"
"Health:Life","2012-09-06","2012-09-06","2012-09-06","USD","0"
"Health:Life","2012-09-07","2012-09-07","2012-09-07","USD","0"
"Health:Life","2012-09-08","2012-09-08","2012-09-08","USD","0"
"Health:Life","2012-09-09","2012-09-09","2012-09-09","USD","0"
"Health:Life","2012-09-10","2012-09-10","2012-09-10","USD","0"
"Health:Life","2012-09-11","2012-09-11","2012-09-11","USD","0"
"Health:Life","2012-09-12","2012-09-12","2012-09-12","USD","0"
"Health:Life","2012-09-13","2012-09-13","2012-09-13","USD","24.32"
"Health:Life","2012-09-14","2012-09-14","2012-09-14","USD","0"
"Health:Life","2012-09-15","2012-09-15","2012-09-15","USD","0"
"Health:Life","2012-09-16","2012-09-16","2012-09-16","USD","0"
"Health:Life","2012-09-17","2012-09-17","2012-09-17","USD","0"
"Health:Life","2012-09-18","2012-09-18","2012-09-18","USD","0"
"Health:Life","2012-09-19","2012-09-19","2012-09-19","USD","0"
"Health:Life","2012-09-20","2012-09-20","2012-09-20","USD","0"
"Health:Life","2012-09-21","2012-09-21","2012-09-21","USD","0"
"Health:Life","2012-09-22","2012-09-22","2012-09-22","USD","0"
"Health:Life","2012-09-23","2012-09-23","2012-09-23","USD","0"
"Health:Life","2012-09-24","2012-09-24","2012-09-24","USD","0"
"Health:Life","2012-09-25","2012-09-25","2012-09-25","USD","0"
"Health:Life","2012-09-26","2012-09-26","2012-09-26","USD","0"
"Health:Life","2012-09-27","2012-09-27","2012-09-27","USD","24.32"
"Health:Life","2012-09-28","2012-09-28","2012-09-28","USD","0"
"Health:Life","2012-09-29","2012-09-29","2012-09-29","USD","0"
"Health:Life","2012-09-30","2012-09-30","2012-09-30","USD","0"
"Health:Life","2012-10-01","2012-10-01","2012-10-01","USD","0"
"Health:Life","2012-10-02","2012-10-02","2012-10-02","USD","0"
"Health:Life","2012-10-03","2012-10-03","2012-10-03","USD","0"
"Health:Life","2012-10-04","2012-10-04","2012-10-04","USD","0"
"Health:Life","2012-10-05","2012-10-05","2012-10-05","USD","0"
"Health:Life","2012-10-06","2012-10-06","2012-10-06","USD","0"
"Health:Life","2012-10-07","2012-10-07","2012-10-07","USD","0"
"Health:Life","2012-10-08","2012-10-08","2012-10-08","USD","0"
"Health:Life","2012-10-09","2012-10-09","2012-10-09","USD","0"
"Health:Life","2012-10-10","2012-10-10","2012-10-10","USD","0"
"Health:Life","2012-10-11","2012-10-11","2012-10-11","USD","24.32"
"Health:Life","2012-10-12","2012-10-12","2012-10-12","USD","0"
"Health:Life","2012-10-13","2012-10-13","2012-10-13","USD","0"
"Health:Life","2012-10-14","2012-10-14","2012-10-14","USD","0"
"Health:Life","2012-10-15","2012-10-15","2012-10-15","USD","0"
"Health:Life","2012-10-16","2012-10-16","2012-10-16","USD","0"
"Health:Life","2012-10-17","2012-10-17","2012-10-17","USD","0"
"Health:Life","2012-10-18","2012-10-18","2012-10-18","USD","0"
"Health:Life","2012-10-19","2012-10-19","2012-10-19","USD","0"
"Health:Life","2012-10-20","2012-10-20","2012-10-20","USD","0"
"Health:Life","2012-10-21","2012-10-21","2012-10-21","USD","0"
"Health:Life","2012-10-22","2012-10-22","2012-10-22","USD","0"
"Health:Life","2012-10-23","2012-10-23","2012-10-23","USD","0"
"Health:Life","2012-10-24","2012-10-24","2012-10-24","USD","0"
"Health:Life","2012-10-25","2012-10-25","2012-10-25","USD","24.32"
"Health:Life","2012-10-26","2012-10-26","2012-10-26","USD","0"
"Health:Life","2012-10-27","2012-10-27","2012-10-27","USD","0"
"Health:Life","2012-10-28","2012-10-28","2012-10-28","USD","0"
"Health:Life","2012-10-29","2012-10-29","2012-10-29","USD","0"
"Health:Life","2012-10-30","2012-10-30","2012-10-30","USD","0"
"Health:Life","2012-10-31","2012-10-31","2012-10-31","USD","0"
"Health:Life","2012-11-01","2012-11-01","2012-11-01","USD","0"
"Health:Life","2012-11-02","2012-11-02","2012-11-02","USD","0"
"Health:Life","2012-11-03","2012-11-03","2012-11-03","USD","0"
"Health:Life","2012-11-04","2012-11-04","2012-11-04","USD","0"
"Health:Life","2012-11-05","2012-11-05","2012-11-05","USD","0"
"Health:Life","2012-11-06","2012-11-06","2012-11-06","USD","0"
"Health:Life","2012-11-07","2012-11-07","2012-11-07","USD","0"
"Health:Life","2012-11-08","2012-11-08","2012-11-08","USD","24.32"
"Health:Life","2012-11-09","2012-11-09","2012-11-09","USD","0"
"Health:Life","2012-11-10","2012-11-10","2012-11-10","USD","0"
"Health:Life","2012-11-11","2012-11-11","2012-11-11","USD","0"
"Health:Life","2012-11-12","2012-11-12","2012-11-12","USD","0"
"Health:Life","2012-11-13","2012-11-13","2012-11-13","USD","0"
"Health:Life","2012-11-14","2012-11-14","2012-11-14","USD","0"
"Health:Life","2012-11-15","2012-11-15","2012-11-15","USD","0"
"Health:Life","2012-11-16","2012-11-16","2012-11-16","USD","0"
"Health:Life","2012-11-17","2012-11-17","2012-11-17","USD","0"
"Health:Life","2012-11-18","2012-11-18","2012-11-18","USD","0"
"Health:Life","2012-11-19","2012-11-19","2012-11-19","USD","0"
"Health:Life","2012-11-20","2012-11-20","2012-11-20","USD","0"
"Health:Life","2012-11-21","2012-11-21","2012-11-21","USD","0"
"Health:Life","2012-11-22","2012-11-22","2012-11-22","USD","24.32"
"Health:Life","2012-11-23","2012-11-23","2012-11-23","USD","0"
"Health:Life","2012-11-24","2012-11-24","2012-11-24","USD","0"
"Health:Life","2012-11-25","2012-11-25","2012-11-25","USD","0"
"Health:Life","2012-11-26","2012-11-26","2012-11-26","USD","0"
"Health:Life","2012-11-27","2012-11-27","2012-11-27","USD","0"
"Health:Life","2012-11-28","2012-11-28","2012-11-28","USD","0"
"Health:Life","2012-11-29","2012-11-29","2012-11-29","USD","0"
"Health:Life","2012-11-30","2012-11-30","2012-11-30","USD","0"
"Health:Life","2012-12-01","2012-12-01","2012-12-01","USD","0"
"Health:Life","2012-12-02","2012-12-02","2012-12-02","USD","0"
"Health:Life","2012-12-03","2012-12-03","2012-12-03","USD","0"
"Health:Life","2012-12-04","2012-12-04","2012-12-04","USD","0"
"Health:Life","2012-12-05","2012-12-05","2012-12-05","USD","0"
"Health:Life","2012-12-06","2012-12-06","2012-12-06","USD","24.32"
"Health:Life","2012-12-07","2012-12-07","2012-12-07","USD","0"
"Health:Life","2012-12-08","2012-12-08","2012-12-08","USD","0"
"Health:Life","2012-12-09","2012-12-09","2012-12-09","USD","0"
"Health:Life","2012-12-10","2012-12-10","2012-12-10","USD","0"
"Health:Life","2012-12-11","2012-12-11","2012-12-11","USD","0"
"Health:Life","2012-12-12","2012-12-12","2012-12-12","USD","0"
"Health:Life","2012-12-13","2012-12-13","2012-12-13","USD","0"
"Health:Life","2012-12-14","2012-12-14","2012-12-14","USD","0"
"Health:Life","2012-12-15","2012-12-15","2012-12-15","USD","0"
"Health:Life","2012-12-16","2012-12-16","2012-12-16","USD","0"
"Health:Life","2012-12-17","2012-12-17","2012-12-17","USD","0"
"Health:Life","2012-12-18","2012-12-18","2012-12-18","USD","0"
"Health:Life","2012-12-19","2012-12-19","2012-12-19","USD","0"
"Health:Life","2012-12-20","2012-12-20","2012-12-20","USD","24.32"
"Health:Life","2012-12-21","2012-12-21","2012-12-21","USD","0"
"Health:Life","2012-12-22","2012-12-22","2012-12-22","USD","0"
"Health:Life","2012-12-23","2012-12-23","2012-12-23","USD","0"
"Health:Life","2012-12-24","2012-12-24","2012-12-24","USD","0"
"Health:Life","2012-12-25","2012-12-25","2012-12-25","USD","0"
"Health:Life","2012-12-26","2012-12-26","2012-12-26","USD","0"
"Health:Life","2012-12-27","2012-12-27","2012-12-27","USD","0"
"Health:Life","2012-12-28","2012-12-28","2012-12-28","USD","0"
"Health:Life","2012-12-29","2012-12-29","2012-12-29","USD","0"
"Health:Life","2012-12-30","2012-12-30","2012-12-30","USD","0"
"Health:Life","2012-12-31","2012-12-31","2012-12-31","USD","0"
"Health:Life","2013-01-01","2013-01-01","2013-01-01","USD","0"
"Health:Life","2013-01-02","2013-01-02","2013-01-02","USD","0"
"Health:Life","2013-01-03","2013-01-03","2013-01-03","USD","24.32"
"Health:Life","2013-01-04","2013-01-04","2013-01-04","USD","0"
"Health:Life","2013-01-05","2013-01-05","2013-01-05","USD","0"
"Health:Life","2013-01-06","2013-01-06","2013-01-06","USD","0"
"Health:Life","2013-01-07","2013-01-07","2013-01-07","USD","0"
"Health:Life","2013-01-08","2013-01-08","2013-01-08","USD","0"
"Health:Life","2013-01-09","2013-01-09","2013-01-09","USD","0"
"Health:Life","2013-01-10","2013-01-10","2013-01-10","USD","0"
"Health:Life","2013-01-11","2013-01-11","2013-01-11","USD","0"
"Health:Life","2013-01-12","2013-01-12","2013-01-12","USD","0"
"Health:Life","2013-01-13","2013-01-13","2013-01-13","USD","0"
"Health:Life","2013-01-14","2013-01-14","2013-01-14","USD","0"
"Health:Life","2013-01-15","2013-01-15","2013-01-15","USD","0"
"Health:Life","2013-01-16","2013-01-16","2013-01-16","USD","0"
"Health:Life","2013-01-17","2013-01-17","2013-01-17","USD","24.32"
"Health:Life","2013-01-18","2013-01-18","2013-01-18","USD","0"
"Health:Life","2013-01-19","2013-01-19","2013-01-19","USD","0"
"Health:Life","2013-01-20","2013-01-20","2013-01-20","USD","0"
"Health:Life","2013-01-21","2013-01-21","2013-01-21","USD","0"
"Health:Life","2013-01-22","2013-01-22","2013-01-22","USD","0"
"Health:Life","2013-01-23","2013-01-23","2013-01-23","USD","0"
"Health:Life","2013-01-24","2013-01-24","2013-01-24","USD","0"
"Health:Life","2013-01-25","2013-01-25","2013-01-25","USD","0"
"Health:Life","2013-01-26","2013-01-26","2013-01-26","USD","0"
"Health:Life","2013-01-27","2013-01-27","2013-01-27","USD","0"
"Health:Life","2013-01-28","2013-01-28","2013-01-28","USD","0"
"Health:Life","2013-01-29","2013-01-29","2013-01-29","USD","0"
"Health:Life","2013-01-30","2013-01-30","2013-01-30","USD","0"
"Health:Life","2013-01-31","2013-01-31","2013-01-31","USD","24.32"
"Health:Life","2013-02-01","2013-02-01","2013-02-01","USD","0"
"Health:Life","2013-02-02","2013-02-02","2013-02-02","USD","0"
"Health:Life","2013-02-03","2013-02-03","2013-02-03","USD","0"
"Health:Life","2013-02-04","2013-02-04","2013-02-04","USD","0"
"Health:Life","2013-02-05","2013-02-05","2013-02-05","USD","0"
"Health:Life","2013-02-06","2013-02-06","2013-02-06","USD","0"
"Health:Life","2013-02-07","2013-02-07","2013-02-07","USD","0"
"Health:Life","2013-02-08","2013-02-08","2013-02-08","USD","0"
"Health:Life","2013-02-09","2013-02-09","2013-02-09","USD","0"
"Health:Life","2013-02-10","2013-02-10","2013-02-10","USD","0"
"Health:Life","2013-02-11","2013-02-11","2013-02-11","USD","0"
"Health:Life","2013-02-12","2013-02-12","2013-02-12","USD","0"
"Health:Life","2013-02-13","2013-02-13","2013-02-13","USD","0"
"Health:Life","2013-02-14","2013-02-14","2013-02-14","USD","24.32"
"Health:Life","2013-02-15","2013-02-15","2013-02-15","USD","0"
"Health:Life","2013-02-16","2013-02-16","2013-02-16","USD","0"
"Health:Life","2013-02-17","2013-02-17","2013-02-17","USD","0"
"Health:Life","2013-02-18","2013-02-18","2013-02-18","USD","0"
"Health:Life","2013-02-19","2013-02-19","2013-02-19","USD","0"
"Health:Life","2013-02-20","2013-02-20","2013-02-20","USD","0"
"Health:Life","2013-02-21","2013-02-21","2013-02-21","USD","0"
"Health:Life","2013-02-22","2013-02-22","2013-02-22","USD","0"
"Health:Life","2013-02-23","2013-02-23","2013-02-23","USD","0"
"Health:Life","2013-02-24","2013-02-24","2013-02-24","USD","0"
"Health:Life","2013-02-25","2013-02-25","2013-02-25","USD","0"
"Health:Life","2013-02-26","2013-02-26","2013-02-26","USD","0"
"Health:Life","2013-02-27","2013-02-27","2013-02-27","USD","0"
"Health:Life","2013-02-28","2013-02-28","2013-02-28","USD","24.32"
"Health:Life","2013-03-01","2013-03-01","2013-03-01","USD","0"
"Health:Life","2013-03-02","2013-03-02","2013-03-02","USD","0"
"Health:Life","2013-03-03","2013-03-03","2013-03-03","USD","0"
"Health:Life","2013-03-04","2013-03-04","2013-03-04","USD","0"
"Health:Life","2013-03-05","2013-03-05","2013-03-05","USD","0"
"Health:Life","2013-03-06","2013-03-06","2013-03-06","USD","0"
"Health:Life","2013-03-07","2013-03-07","2013-03-07","USD","0"
"Health:Life","2013-03-08","2013-03-08","2013-03-08","USD","0"
"Health:Life","2013-03-09","2013-03-09","2013-03-09","USD","0"
"Health:Life","2013-03-10","2013-03-10","2013-03-10","USD","0"
"Health:Life","2013-03-11","2013-03-11","2013-03-11","USD","0"
"Health:Life","2013-03-12","2013-03-12","2013-03-12","USD","0"
"Health:Life","2013-03-13","2013-03-13","2013-03-13","USD","0"
"Health:Life","2013-03-14","2013-03-14","2013-03-14","USD","24.32"
"Health:Life","2013-03-15","2013-03-15","2013-03-15","USD","0"
"Health:Life","2013-03-16","2013-03-16","2013-03-16","USD","0"
"Health:Life","2013-03-17","2013-03-17","2013-03-17","USD","0"
"Health:Life","2013-03-18","2013-03-18","2013-03-18","USD","0"
"Health:Life","2013-03-19","2013-03-19","2013-03-19","USD","0"
"Health:Life","2013-03-20","2013-03-20","2013-03-20","USD","0"
"Health:Life","2013-03-21","2013-03-21","2013-03-21","USD","0"
"Health:Life","2013-03-22","2013-03-22","2013-03-22","USD","0"
"Health:Life","2013-03-23","2013-03-23","2013-03-23","USD","0"
"Health:Life","2013-03-24","2013-03-24","2013-03-24","USD","0"
"Health:Life","2013-03-25","2013-03-25","2013-03-25","USD","0"
"Health:Life","2013-03-26","2013-03-26","2013-03-26","USD","0"
"Health:Life","2013-03-27","2013-03-27","2013-03-27","USD","0"
"Health:Life","2013-03-28","2013-03-28","2013-03-28","USD","24.32"
"Health:Life","2013-03-29","2013-03-29","2013-03-29","USD","0"
"Health:Life","2013-03-30","2013-03-30","2013-03-30","USD","0"
"Health:Life","2013-03-31","2013-03-31","2013-03-31","USD","0"
"Health:Life","2013-04-01","2013-04-01","2013-04-01","USD","0"
"Health:Life","2013-04-02","2013-04-02","2013-04-02","USD","0"
"Health:Life","2013-04-03","2013-04-03","2013-04-03","USD","0"
"Health:Life","2013-04-04","2013-04-04","2013-04-04","USD","0"
"Health:Life","2013-04-05","2013-04-05","2013-04-05","USD","0"
"Health:Life","2013-04-06","2013-04-06","2013-04-06","USD","0"
"Health:Life","2013-04-07","2013-04-07","2013-04-07","USD","0"
"Health:Life","2013-04-08","2013-04-08","2013-04-08","USD","0"
"Health:Life","2013-04-09","2013-04-09","2013-04-09","USD","0"
"Health:Life","2013-04-10","2013-04-10","2013-04-10","USD","0"
"Health:Life","2013-04-11","2013-04-11","2013-04-11","USD","24.32"
"Health:Life","2013-04-12","2013-04-12","2013-04-12","USD","0"
"Health:Life","2013-04-13","2013-04-13","2013-04-13","USD","0"
"Health:Life","2013-04-14","2013-04-14","2013-04-14","USD","0"
"Health:Life","2013-04-15","2013-04-15","2013-04-15","USD","0"
"Health:Life","2013-04-16","2013-04-16","2013-04-16","USD","0"
"Health:Life","2013-04-17","2013-04-17","2013-04-17","USD","0"
"Health:Life","2013-04-18","2013-04-18","2013-04-18","USD","0"
"Health:Life","2013-04-19","2013-04-19","2013-04-19","USD","0"
"Health:Life","2013-04-20","2013-04-20","2013-04-20","USD","0"
"Health:Life","2013-04-21","2013-04-21","2013-04-21","USD","0"
"Health:Life","2013-04-22","2013-04-22","2013-04-22","USD","0"
"Health:Life","2013-04-23","2013-04-23","2013-04-23","USD","0"
"Health:Life","2013-04-24","2013-04-24","2013-04-24","USD","0"
"Health:Life","2013-04-25","2013-04-25","2013-04-25","USD","24.32"
"Health:Life","2013-04-26","2013-04-26","2013-04-26","USD","0"
"Health:Life","2013-04-27","2013-04-27","2013-04-27","USD","0"
"Health:Life","2013-04-28","2013-04-28","2013-04-28","USD","0"
"Health:Life","2013-04-29","2013-04-29","2013-04-29","USD","0"
"Health:Life","2013-04-30","2013-04-30","2013-04-30","USD","0"
"Health:Life","2013-05-01","2013-05-01","2013-05-01","USD","0"
"Health:Life","2013-05-02","2013-05-02","2013-05-02","USD","0"
"Health:Life","2013-05-03","2013-05-03","2013-05-03","USD","0"
"Health:Life","2013-05-04","2013-05-04","2013-05-04","USD","0"
"Health:Life","2013-05-05","2013-05-05","2013-05-05","USD","0"
"Health:Life","2013-05-06","2013-05-06","2013-05-06","USD","0"
"Health:Life","2013-05-07","2013-05-07","2013-05-07","USD","0"
"Health:Life","2013-05-08","2013-05-08","2013-05-08","USD","0"
"Health:Life","2013-05-09","2013-05-09","2013-05-09","USD","24.32"
"Health:Life","2013-05-10","2013-05-10","2013-05-10","USD","0"
"Health:Life","2013-05-11","2013-05-11","2013-05-11","USD","0"
"Health:Life","2013-05-12","2013-05-12","2013-05-12","USD","0"
"Health:Life","2013-05-13","2013-05-13","2013-05-13","USD","0"
"Health:Life","2013-05-14","2013-05-14","2013-05-14","USD","0"
"Health:Life","2013-05-15","2013-05-15","2013-05-15","USD","0"
"Health:Life","2013-05-16","2013-05-16","2013-05-16","USD","0"
"Health:Life","2013-05-17","2013-05-17","2013-05-17","USD","0"
"Health:Life","2013-05-18","2013-05-18","2013-05-18","USD","0"
"Health:Life","2013-05-19","2013-05-19","2013-05-19","USD","0"
"Health:Life","2013-05-20","2013-05-20","2013-05-20","USD","0"
"Health:Life","2013-05-21","2013-05-21","2013-05-21","USD","0"
"Health:Life","2013-05-22","2013-05-22","2013-05-22","USD","0"
"Health:Life","2013-05-23","2013-05-23","2013-05-23","USD","24.32"
"Health:Life","2013-05-24","2013-05-24","2013-05-24","USD","0"
"Health:Life","2013-05-25","2013-05-25","2013-05-25","USD","0"
"Health:Life","2013-05-26","2013-05-26","2013-05-26","USD","0"
"Health:Life","2013-05-27","2013-05-27","2013-05-27","USD","0"
"Health:Life","2013-05-28","2013-05-28","2013-05-28","USD","0"
"Health:Life","2013-05-29","2013-05-29","2013-05-29","USD","0"
"Health:Life","2013-05-30","2013-05-30","2013-05-30","USD","0"
"Health:Life","2013-05-31","2013-05-31","2013-05-31","USD","0"
"Health:Life","2013-06-01","2013-06-01","2013-06-01","USD","0"
"Health:Life","2013-06-02","2013-06-02","2013-06-02","USD","0"
"Health:Life","2013-06-03","2013-06-03","2013-06-03","USD","0"
"Health:Life","2013-06-04","2013-06-04","2013-06-04","USD","0"
"Health:Life","2013-06-05","2013-06-05","2013-06-05","USD","0"
"Health:Life","2013-06-06","2013-06-06","2013-06-06","USD","24.32"
"Health:Life","2013-06-07","2013-06-07","2013-06-07","USD","0"
"Health:Life","2013-06-08","2013-06-08","2013-06-08","USD","0"
"Health:Life","2013-06-09","2013-06-09","2013-06-09","USD","0"
"Health:Life","2013-06-10","2013-06-10","2013-06-10","USD","0"
"Health:Life","2013-06-11","2013-06-11","2013-06-11","USD","0"
"Health:Life","2013-06-12","2013-06-12","2013-06-12","USD","0"
"Health:Life","2013-06-13","2013-06-13","2013-06-13","USD","0"
"Health:Life","2013-06-14","2013-06-14","2013-06-14","USD","0"
"Health:Life","2013-06-15","2013-06-15","2013-06-15","USD","0"
"Health:Life","2013-06-16","2013-06-16","2013-06-16","USD","0"
"Health:Life","2013-06-17","2013-06-17","2013-06-17","USD","0"
"Health:Life","2013-06-18","2013-06-18","2013-06-18","USD","0"
"Health:Life","2013-06-19","2013-06-19","2013-06-19","USD","0"
"Health:Life","2013-06-20","2013-06-20","2013-06-20","USD","24.32"
"Health:Life","2013-06-21","2013-06-21","2013-06-21","USD","0"
"Health:Life","2013-06-22","2013-06-22","2013-06-22","USD","0"
"Health:Life","2013-06-23","2013-06-23","2013-06-23","USD","0"
"Health:Life","2013-06-24","2013-06-24","2013-06-24","USD","0"
"Health:Life","2013-06-25","2013-06-25","2013-06-25","USD","0"
"Health:Life","2013-06-26","2013-06-26","2013-06-26","USD","0"
"Health:Life","2013-06-27","2013-06-27","2013-06-27","USD","0"
"Health:Life","2013-06-28","2013-06-28","2013-06-28","USD","0"
"Health:Life","2013-06-29","2013-06-29","2013-06-29","USD","0"
"Health:Life","2013-06-30","2013-06-30","2013-06-30","USD","0"
"Health:Life","2013-07-01","2013-07-01","2013-07-01","USD","0"
"Health:Life","2013-07-02","2013-07-02","2013-07-02","USD","0"
"Health:Life","2013-07-03","2013-07-03","2013-07-03","USD","0"
"Health:Life","2013-07-04","2013-07-04","2013-07-04","USD","24.32"
"Health:Life","2013-07-05","2013-07-05","2013-07-05","USD","0"
"Health:Life","2013-07-06","2013-07-06","2013-07-06","USD","0"
"Health:Life","2013-07-07","2013-07-07","2013-07-07","USD","0"
"Health:Life","2013-07-08","2013-07-08","2013-07-08","USD","0"
"Health:Life","2013-07-09","2013-07-09","2013-07-09","USD","0"
"Health:Life","2013-07-10","2013-07-10","2013-07-10","USD","0"
"Health:Life","2013-07-11","2013-07-11","2013-07-11","USD","0"
"Health:Life","2013-07-12","2013-07-12","2013-07-12","USD","0"
"Health:Life","2013-07-13","2013-07-13","2013-07-13","USD","0"
"Health:Life","2013-07-14","2013-07-14","2013-07-14","USD","0"
"Health:Life","2013-07-15","2013-07-15","2013-07-15","USD","0"
"Health:Life","2013-07-16","2013-07-16","2013-07-16","USD","0"
"Health:Life","2013-07-17","2013-07-17","2013-07-17","USD","0"
"Health:Life","2013-07-18","2013-07-18","2013-07-18","USD","24.32"
"Health:Life","2013-07-19","2013-07-19","2013-07-19","USD","0"
"Health:Life","2013-07-20","2013-07-20","2013-07-20","USD","0"
"Health:Life","2013-07-21","2013-07-21","2013-07-21","USD","0"
"Health:Life","2013-07-22","2013-07-22","2013-07-22","USD","0"
"Health:Life","2013-07-23","2013-07-23","2013-07-23","USD","0"
"Health:Life","2013-07-24","2013-07-24","2013-07-24","USD","0"
"Health:Life","2013-07-25","2013-07-25","2013-07-25","USD","0"
"Health:Life","2013-07-26","2013-07-26","2013-07-26","USD","0"
"Health:Life","2013-07-27","2013-07-27","2013-07-27","USD","0"
"Health:Life","2013-07-28","2013-07-28","2013-07-28","USD","0"
"Health:Life","2013-07-29","2013-07-29","2013-07-29","USD","0"
"Health:Life","2013-07-30","2013-07-30","2013-07-30","USD","0"
"Health:Life","2013-07-31","2013-07-31","2013-07-31","USD","0"
"Health:Life","2013-08-01","2013-08-01","2013-08-01","USD","24.32"
"Health:Life","2013-08-02","2013-08-02","2013-08-02","USD","0"
"Health:Life","2013-08-03","2013-08-03","2013-08-03","USD","0"
"Health:Life","2013-08-04","2013-08-04","2013-08-04","USD","0"
"Health:Life","2013-08-05","2013-08-05","2013-08-05","USD","0"
"Health:Life","2013-08-06","2013-08-06","2013-08-06","USD","0"
"Health:Life","2013-08-07","2013-08-07","2013-08-07","USD","0"
"Health:Life","2013-08-08","2013-08-08","2013-08-08","USD","0"
"Health:Life","2013-08-09","2013-08-09","2013-08-09","USD","0"
"Health:Life","2013-08-10","2013-08-10","2013-08-10","USD","0"
"Health:Life","2013-08-11","2013-08-11","2013-08-11","USD","0"
"Health:Life","2013-08-12","2013-08-12","2013-08-12","USD","0"
"Health:Life","2013-08-13","2013-08-13","2013-08-13","USD","0"
"Health:Life","2013-08-14","2013-08-14","2013-08-14","USD","0"
"Health:Life","2013-08-15","2013-08-15","2013-08-15","USD","24.32"
"Health:Life","2013-08-16","2013-08-16","2013-08-16","USD","0"
"Health:Life","2013-08-17","2013-08-17","2013-08-17","USD","0"
"Health:Life","2013-08-18","2013-08-18","2013-08-18","USD","0"
"Health:Life","2013-08-19","2013-08-19","2013-08-19","USD","0"
"Health:Life","2013-08-20","2013-08-20","2013-08-20","USD","0"
"Health:Life","2013-08-21","2013-08-21","2013-08-21","USD","0"
"Health:Life","2013-08-22","2013-08-22","2013-08-22","USD","0"
"Health:Life","2013-08-23","2013-08-23","2013-08-23","USD","0"
"Health:Life","2013-08-24","2013-08-24","2013-08-24","USD","0"
"Health:Life","2013-08-25","2013-08-25","2013-08-25","USD","0"
"Health:Life","2013-08-26","2013-08-26","2013-08-26","USD","0"
"Health:Life","2013-08-27","2013-08-27","2013-08-27","USD","0"
"Health:Life","2013-08-28","2013-08-28","2013-08-28","USD","0"
"Health:Life","2013-08-29","2013-08-29","2013-08-29","USD","24.32"
"Health:Life","2013-08-30","2013-08-30","2013-08-30","USD","0"
"Health:Life","2013-08-31","2013-08-31","2013-08-31","USD","0"
"Health:Life","2013-09-01","2013-09-01","2013-09-01","USD","0"
"Health:Life","2013-09-02","2013-09-02","2013-09-02","USD","0"
"Health:Life","2013-09-03","2013-09-03","2013-09-03","USD","0"
"Health:Life","2013-09-04","2013-09-04","2013-09-04","USD","0"
"Health:Life","2013-09-05","2013-09-05","2013-09-05","USD","0"
"Health:Life","2013-09-06","2013-09-06","2013-09-06","USD","0"
"Health:Life","2013-09-07","2013-09-07","2013-09-07","USD","0"
"Health:Life","2013-09-08","2013-09-08","2013-09-08","USD","0"
"Health:Life","2013-09-09","2013-09-09","2013-09-09","USD","0"
"Health:Life","2013-09-10","2013-09-10","2013-09-10","USD","0"
"Health:Life","2013-09-11","2013-09-11","2013-09-11","USD","0"
"Health:Life","2013-09-12","2013-09-12","2013-09-12","USD","24.32"
"Health:Life","2013-09-13","2013-09-13","2013-09-13","USD","0"
"Health:Life","2013-09-14","2013-09-14","2013-09-14","USD","0"
"Health:Life","2013-09-15","2013-09-15","2013-09-15","USD","0"
"Health:Life","2013-09-16","2013-09-16","2013-09-16","USD","0"
"Health:Life","2013-09-17","2013-09-17","2013-09-17","USD","0"
"Health:Life","2013-09-18","2013-09-18","2013-09-18","USD","0"
"Health:Life","2013-09-19","2013-09-19","2013-09-19","USD","0"
"Health:Life","2013-09-20","2013-09-20","2013-09-20","USD","0"
"Health:Life","2013-09-21","2013-09-21","2013-09-21","USD","0"
"Health:Life","2013-09-22","2013-09-22","2013-09-22","USD","0"
"Health:Life","2013-09-23","2013-09-23","2013-09-23","USD","0"
"Health:Life","2013-09-24","2013-09-24","2013-09-24","USD","0"
"Health:Life","2013-09-25","2013-09-25","2013-09-25","USD","0"
"Health:Life","2013-09-26","2013-09-26","2013-09-26","USD","24.32"
"Health:Life","2013-09-27","2013-09-27","2013-09-27","USD","0"
"Health:Life","2013-09-28","2013-09-28","2013-09-28","USD","0"
"Health:Life","2013-09-29","2013-09-29","2013-09-29","USD","0"
"Health:Life","2013-09-30","2013-09-30","2013-09-30","USD","0"
"Health:Life","2013-10-01","2013-10-01","2013-10-01","USD","0"
"Health:Life","2013-10-02","2013-10-02","2013-10-02","USD","0"
"Health:Life","2013-10-03","2013-10-03","2013-10-03","USD","0"
"Health:Life","2013-10-04","2013-10-04","2013-10-04","USD","0"
"Health:Life","2013-10-05","2013-10-05","2013-10-05","USD","0"
"Health:Life","2013-10-06","2013-10-06","2013-10-06","USD","0"
"Health:Life","2013-10-07","2013-10-07","2013-10-07","USD","0"
"Health:Life","2013-10-08","2013-10-08","2013-10-08","USD","0"
"Health:Life","2013-10-09","2013-10-09","2013-10-09","USD","0"
"Health:Life","2013-10-10","2013-10-10","2013-10-10","USD","24.32"
"Health:Life","2013-10-11","2013-10-11","2013-10-11","USD","0"
"Health:Life","2013-10-12","2013-10-12","2013-10-12","USD","0"
"Health:Life","2013-10-13","2013-10-13","2013-10-13","USD","0"
"Health:Life","2013-10-14","2013-10-14","2013-10-14","USD","0"
"Health:Life","2013-10-15","2013-10-15","2013-10-15","USD","0"
"Health:Life","2013-10-16","2013-10-16","2013-10-16","USD","0"
"Health:Life","2013-10-17","2013-10-17","2013-10-17","USD","0"
"Health:Life","2013-10-18","2013-10-18","2013-10-18","USD","0"
"Health:Life","2013-10-19","2013-10-19","2013-10-19","USD","0"
"Health:Life","2013-10-20","2013-10-20","2013-10-20","USD","0"
"Health:Life","2013-10-21","2013-10-21","2013-10-21","USD","0"
"Health:Life","2013-10-22","2013-10-22","2013-10-22","USD","0"
"Health:Life","2013-10-23","2013-10-23","2013-10-23","USD","0"
"Health:Life","2013-10-24","2013-10-24","2013-10-24","USD","24.32"
"Health:Life","2013-10-25","2013-10-25","2013-10-25","USD","0"
"Health:Life","2013-10-26","2013-10-26","2013-10-26","USD","0"
"Health:Life","2013-10-27","2013-10-27","2013-10-27","USD","0"
"Health:Life","2013-10-28","2013-10-28","2013-10-28","USD","0"
"Health:Life","2013-10-29","2013-10-29","2013-10-29","USD","0"
"Health:Life","2013-10-30","2013-10-30","2013-10-30","USD","0"
"Health:Life","2013-10-31","2013-10-31","2013-10-31","USD","0"
"Health:Life","2013-11-01","2013-11-01","2013-11-01","USD","0"
"Health:Life","2013-11-02","2013-11-02","2013-11-02","USD","0"
"Health:Life","2013-11-03","2013-11-03","2013-11-03","USD","0"
"Health:Life","2013-11-04","2013-11-04","2013-11-04","USD","0"
"Health:Life","2013-11-05","2013-11-05","2013-11-05","USD","0"
"Health:Life","2013-11-06","2013-11-06","2013-11-06","USD","0"
"Health:Life","2013-11-07","2013-11-07","2013-11-07","USD","24.32"
"Health:Life","2013-11-08","2013-11-08","2013-11-08","USD","0"
"Health:Life","2013-11-09","2013-11-09","2013-11-09","USD","0"
"Health:Life","2013-11-10","2013-11-10","2013-11-10","USD","0"
"Health:Life","2013-11-11","2013-11-11","2013-11-11","USD","0"
"Health:Life","2013-11-12","2013-11-12","2013-11-12","USD","0"
"Health:Life","2013-11-13","2013-11-13","2013-11-13","USD","0"
"Health:Life","2013-11-14","2013-11-14","2013-11-14","USD","0"
"Health:Life","2013-11-15","2013-11-15","2013-11-15","USD","0"
"Health:Life","2013-11-16","2013-11-16","2013-11-16","USD","0"
"Health:Life","2013-11-17","2013-11-17","2013-11-17","USD","0"
"Health:Life","2013-11-18","2013-11-18","2013-11-18","USD","0"
"Health:Life","2013-11-19","2013-11-19","2013-11-19","USD","0"
"Health:Life","2013-11-20","2013-11-20","2013-11-20","USD","0"
"Health:Life","2013-11-21","2013-11-21","2013-11-21","USD","24.32"
"Health:Life","2013-11-22","2013-11-22","2013-11-22","USD","0"
"Health:Life","2013-11-23","2013-11-23","2013-11-23","USD","0"
"Health:Life","2013-11-24","2013-11-24","2013-11-24","USD","0"
"Health:Life","2013-11-25","2013-11-25","2013-11-25","USD","0"
"Health:Life","2013-11-26","2013-11-26","2013-11-26","USD","0"
"Health:Life","2013-11-27","2013-11-27","2013-11-27","USD","0"
"Health:Life","2013-11-28","2013-11-28","2013-11-28","USD","0"
"Health:Life","2013-11-29","2013-11-29","2013-11-29","USD","0"
"Health:Life","2013-11-30","2013-11-30","2013-11-30","USD","0"
"Health:Life","2013-12-01","2013-12-01","2013-12-01","USD","0"
"Health:Life","2013-12-02","2013-12-02","2013-12-02","USD","0"
"Health:Life","2013-12-03","2013-12-03","2013-12-03","USD","0"
"Health:Life","2013-12-04","2013-12-04","2013-12-04","USD","0"
"Health:Life","2013-12-05","2013-12-05","2013-12-05","USD","24.32"
"Health:Life","2013-12-06","2013-12-06","2013-12-06","USD","0"
"Health:Life","2013-12-07","2013-12-07","2013-12-07","USD","0"
"Health:Life","2013-12-08","2013-12-08","2013-12-08","USD","0"
"Health:Life","2013-12-09","2013-12-09","2013-12-09","USD","0"
"Health:Life","2013-12-10","2013-12-10","2013-12-10","USD","0"
"Health:Life","2013-12-11","2013-12-11","2013-12-11","USD","0"
"Health:Life","2013-12-12","2013-12-12","2013-12-12","USD","0"
"Health:Life","2013-12-13","2013-12-13","2013-12-13","USD","0"
"Health:Life","2013-12-14","2013-12-14","2013-12-14","USD","0"
"Health:Life","2013-12-15","2013-12-15","2013-12-15","USD","0"
"Health:Life","2013-12-16","2013-12-16","2013-12-16","USD","0"
"Health:Life","2013-12-17","2013-12-17","2013-12-17","USD","0"
"Health:Life","2013-12-18","2013-12-18","2013-12-18","USD","0"
"Health:Life","2013-12-19","2013-12-19","2013-12-19","USD","24.32"
"Health:Life","2013-12-20","2013-12-20","2013-12-20","USD","0"
"Health:Life","2013-12-21","2013-12-21","2013-12-21","USD","0"
"Health:Life","2013-12-22","2013-12-22","2013-12-22","USD","0"
"Health:Life","2013-12-23","2013-12-23","2013-12-23","USD","0"
"Health:Life","2013-12-24","2013-12-24","2013-12-24","USD","0"
"Health:Life","2013-12-25","2013-12-25","2013-12-25","USD","0"
"Health:Life","2013-12-26","2013-12-26","2013-12-26","USD","0"
"Health:Life","2013-12-27","2013-12-27","2013-12-27","USD","0"
"Health:Life","2013-12-28","2013-12-28","2013-12-28","USD","0"
"Health:Life","2013-12-29","2013-12-29","2013-12-29","USD","0"
"Health:Life","2013-12-30","2013-12-30","2013-12-30","USD","0"
"Health:Life","2013-12-31","2013-12-31","2013-12-31","USD","0"
"Health:Life","2014-01-01","2014-01-01","2014-01-01","USD","0"
"Health:Life","2014-01-02","2014-01-02","2014-01-02","USD","24.32"
"Health:Life","2014-01-03","2014-01-03","2014-01-03","USD","0"
"Health:Life","2014-01-04","2014-01-04","2014-01-04","USD","0"
"Health:Life","2014-01-05","2014-01-05","2014-01-05","USD","0"
"Health:Life","2014-01-06","2014-01-06","2014-01-06","USD","0"
"Health:Life","2014-01-07","2014-01-07","2014-01-07","USD","0"
"Health:Life","2014-01-08","2014-01-08","2014-01-08","USD","0"
"Health:Life","2014-01-09","2014-01-09","2014-01-09","USD","0"
"Health:Life","2014-01-10","2014-01-10","2014-01-10","USD","0"
"Health:Life","2014-01-11","2014-01-11","2014-01-11","USD","0"
"Health:Life","2014-01-12","2014-01-12","2014-01-12","USD","0"
"Health:Life","2014-01-13","2014-01-13","2014-01-13","USD","0"
"Health:Life","2014-01-14","2014-01-14","2014-01-14","USD","0"
"Health:Life","2014-01-15","2014-01-15","2014-01-15","USD","0"
"Health:Life","2014-01-16","2014-01-16","2014-01-16","USD","24.32"
"Health:Life","2014-01-17","2014-01-17","2014-01-17","USD","0"
"Health:Life","2014-01-18","2014-01-18","2014-01-18","USD","0"
"Health:Life","2014-01-19","2014-01-19","2014-01-19","USD","0"
"Health:Life","2014-01-20","2014-01-20","2014-01-20","USD","0"
"Health:Life","2014-01-21","2014-01-21","2014-01-21","USD","0"
"Health:Life","2014-01-22","2014-01-22","2014-01-22","USD","0"
"Health:Life","2014-01-23","2014-01-23","2014-01-23","USD","0"
"Health:Life","2014-01-24","2014-01-24","2014-01-24","USD","0"
"Health:Life","2014-01-25","2014-01-25","2014-01-25","USD","0"
"Health:Life","2014-01-26","2014-01-26","2014-01-26","USD","0"
"Health:Life","2014-01-27","2014-01-27","2014-01-27","USD","0"
"Health:Life","2014-01-28","2014-01-28","2014-01-28","USD","0"
"Health:Life","2014-01-29","2014-01-29","2014-01-29","USD","0"
"Health:Life","2014-01-30","2014-01-30","2014-01-30","USD","24.32"
"Health:Life","2014-01-31","2014-01-31","2014-01-31","USD","0"
"Health:Life","2014-02-01","2014-02-01","2014-02-01","USD","0"
"Health:Life","2014-02-02","2014-02-02","2014-02-02","USD","0"
"Health:Life","2014-02-03","2014-02-03","2014-02-03","USD","0"
"Health:Life","2014-02-04","2014-02-04","2014-02-04","USD","0"
"Health:Life","2014-02-05","2014-02-05","2014-02-05","USD","0"
"Health:Life","2014-02-06","2014-02-06","2014-02-06","USD","0"
"Health:Life","2014-02-07","2014-02-07","2014-02-07","USD","0"
"Health:Life","2014-02-08","2014-02-08","2014-02-08","USD","0"
"Health:Life","2014-02-09","2014-02-09","2014-02-09","USD","0"
"Health:Life","2014-02-10","2014-02-10","2014-02-10","USD","0"
"Health:Life","2014-02-11","2014-02-11","2014-02-11","USD","0"
"Health:Life","2014-02-12","2014-02-12","2014-02-12","USD","0"
"Health:Life","2014-02-13","2014-02-13","2014-02-13","USD","24.32"
"Health:Life","2014-02-14","2014-02-14","2014-02-14","USD","0"
"Health:Life","2014-02-15","2014-02-15","2014-02-15","USD","0"
"Health:Life","2014-02-16","2014-02-16","2014-02-16","USD","0"
"Health:Life","2014-02-17","2014-02-17","2014-02-17","USD","0"
"Health:Life","2014-02-18","2014-02-18","2014-02-18","USD","0"
"Health:Life","2014-02-19","2014-02-19","2014-02-19","USD","0"
"Health:Life","2014-02-20","2014-02-20","2014-02-20","USD","0"
"Health:Life","2014-02-21","2014-02-21","2014-02-21","USD","0"
"Health:Life","2014-02-22","2014-02-22","2014-02-22","USD","0"
"Health:Life","2014-02-23","2014-02-23","2014-02-23","USD","0"
"Health:Life","2014-02-24","2014-02-24","2014-02-24","USD","0"
"Health:Life","2014-02-25","2014-02-25","2014-02-25","USD","0"
"Health:Life","2014-02-26","2014-02-26","2014-02-26","USD","0"
"Health:Life","2014-02-27","2014-02-27","2014-02-27","USD","24.32"
"Health:Life","2014-02-28","2014-02-28","2014-02-28","USD","0"
"Health:Life","2014-03-01","2014-03-01","2014-03-01","USD","0"
"Health:Life","2014-03-02","2014-03-02","2014-03-02","USD","0"
"Health:Life","2014-03-03","2014-03-03","2014-03-03","USD","0"
"Health:Life","2014-03-04","2014-03-04","2014-03-04","USD","0"
"Health:Life","2014-03-05","2014-03-05","2014-03-05","USD","0"
"Health:Life","2014-03-06","2014-03-06","2014-03-06","USD","0"
"Health:Life","2014-03-07","2014-03-07","2014-03-07","USD","0"
"Health:Life","2014-03-08","2014-03-08","2014-03-08","USD","0"
"Health:Life","2014-03-09","2014-03-09","2014-03-09","USD","0"
"Health:Life","2014-03-10","2014-03-10","2014-03-10","USD","0"
"Health:Life","2014-03-11","2014-03-11","2014-03-11","USD","0"
"Health:Life","2014-03-12","2014-03-12","2014-03-12","USD","0"
"Health:Life","2014-03-13","2014-03-13","2014-03-13","USD","24.32"
"Health:Life","2014-03-14","2014-03-14","2014-03-14","USD","0"
"Health:Life","2014-03-15","2014-03-15","2014-03-15","USD","0"
"Health:Life","2014-03-16","2014-03-16","2014-03-16","USD","0"
"Health:Life","2014-03-17","2014-03-17","2014-03-17","USD","0"
"Health:Life","2014-03-18","2014-03-18","2014-03-18","USD","0"
"Health:Life","2014-03-19","2014-03-19","2014-03-19","USD","0"
"Health:Life","2014-03-20","2014-03-20","2014-03-20","USD","0"
"Health:Life","2014-03-21","2014-03-21","2014-03-21","USD","0"
"Health:Life","2014-03-22","2014-03-22","2014-03-22","USD","0"
"Health:Life","2014-03-23","2014-03-23","2014-03-23","USD","0"
"Health:Life","2014-03-24","2014-03-24","2014-03-24","USD","0"
"Health:Life","2014-03-25","2014-03-25","2014-03-25","USD","0"
"Health:Life","2014-03-26","2014-03-26","2014-03-26","USD","0"
"Health:Life","2014-03-27","2014-03-27","2014-03-27","USD","24.32"
"Health:Life","2014-03-28","2014-03-28","2014-03-28","USD","0"
"Health:Life","2014-03-29","2014-03-29","2014-03-29","USD","0"
"Health:Life","2014-03-30","2014-03-30","2014-03-30","USD","0"
"Health:Life","2014-03-31","2014-03-31","2014-03-31","USD","0"
"Health:Life","2014-04-01","2014-04-01","2014-04-01","USD","0"
"Health:Life","2014-04-02","2014-04-02","2014-04-02","USD","0"
"Health:Life","2014-04-03","2014-04-03","2014-04-03","USD","0"
"Health:Life","2014-04-04","2014-04-04","2014-04-04","USD","0"
"Health:Life","2014-04-05","2014-04-05","2014-04-05","USD","0"
"Health:Life","2014-04-06","2014-04-06","2014-04-06","USD","0"
"Health:Life","2014-04-07","2014-04-07","2014-04-07","USD","0"
"Health:Life","2014-04-08","2014-04-08","2014-04-08","USD","0"
"Health:Life","2014-04-09","2014-04-09","2014-04-09","USD","0"
"Health:Life","2014-04-10","2014-04-10","2014-04-10","USD","24.32"
"Health:Life","2014-04-11","2014-04-11","2014-04-11","USD","0"
"Health:Life","2014-04-12","2014-04-12","2014-04-12","USD","0"
"Health:Life","2014-04-13","2014-04-13","2014-04-13","USD","0"
"Health:Life","2014-04-14","2014-04-14","2014-04-14","USD","0"
"Health:Life","2014-04-15","2014-04-15","2014-04-15","USD","0"
"Health:Life","2014-04-16","2014-04-16","2014-04-16","USD","0"
"Health:Life","2014-04-17","2014-04-17","2014-04-17","USD","0"
"Health:Life","2014-04-18","2014-04-18","2014-04-18","USD","0"
"Health:Life","2014-04-19","2014-04-19","2014-04-19","USD","0"
"Health:Life","2014-04-20","2014-04-20","2014-04-20","USD","0"
"Health:Life","2014-04-21","2014-04-21","2014-04-21","USD","0"
"Health:Life","2014-04-22","2014-04-22","2014-04-22","USD","0"
"Health:Life","2014-04-23","2014-04-23","2014-04-23","USD","0"
"Health:Life","2014-04-24","2014-04-24","2014-04-24","USD","24.32"
"Health:Life","2014-04-25","2014-04-25","2014-04-25","USD","0"
"Health:Life","2014-04-26","2014-04-26","2014-04-26","USD","0"
"Health:Life","2014-04-27","2014-04-27","2014-04-27","USD","0"
"Health:Life","2014-04-28","2014-04-28","2014-04-28","USD","0"
"Health:Life","2014-04-29","2014-04-29","2014-04-29","USD","0"
"Health:Life","2014-04-30","2014-04-30","2014-04-30","USD","0"
"Health:Life","2014-05-01","2014-05-01","2014-05-01","USD","0"
"Health:Life","2014-05-02","2014-05-02","2014-05-02","USD","0"
"Health:Life","2014-05-03","2014-05-03","2014-05-03","USD","0"
"Health:Life","2014-05-04","2014-05-04","2014-05-04","USD","0"
"Health:Life","2014-05-05","2014-05-05","2014-05-05","USD","0"
"Health:Life","2014-05-06","2014-05-06","2014-05-06","USD","0"
"Health:Life","2014-05-07","2014-05-07","2014-05-07","USD","0"
"Health:Life","2014-05-08","2014-05-08","2014-05-08","USD","24.32"
"Health:Life","2014-05-09","2014-05-09","2014-05-09","USD","0"
"Health:Life","2014-05-10","2014-05-10","2014-05-10","USD","0"
"Health:Life","2014-05-11","2014-05-11","2014-05-11","USD","0"
"Health:Life","2014-05-12","2014-05-12","2014-05-12","USD","0"
"Health:Life","2014-05-13","2014-05-13","2014-05-13","USD","0"
"Health:Life","2014-05-14","2014-05-14","2014-05-14","USD","0"
"Health:Life","2014-05-15","2014-05-15","2014-05-15","USD","0"
"Health:Life","2014-05-16","2014-05-16","2014-05-16","USD","0"
"Health:Life","2014-05-17","2014-05-17","2014-05-17","USD","0"
"Health:Life","2014-05-18","2014-05-18","2014-05-18","USD","0"
"Health:Life","2014-05-19","2014-05-19","2014-05-19","USD","0"
"Health:Life","2014-05-20","2014-05-20","2014-05-20","USD","0"
"Health:Life","2014-05-21","2014-05-21","2014-05-21","USD","0"
"Health:Life","2014-05-22","2014-05-22","2014-05-22","USD","24.32"
"Health:Life","2014-05-23","2014-05-23","2014-05-23","USD","0"
"Health:Life","2014-05-24","2014-05-24","2014-05-24","USD","0"
"Health:Life","2014-05-25","2014-05-25","2014-05-25","USD","0"
"Health:Life","2014-05-26","2014-05-26","2014-05-26","USD","0"
"Health:Life","2014-05-27","2014-05-27","2014-05-27","USD","0"
"Health:Life","2014-05-28","2014-05-28","2014-05-28","USD","0"
"Health:Life","2014-05-29","2014-05-29","2014-05-29","USD","0"
"Health:Life","2014-05-30","2014-05-30","2014-05-30","USD","0"
"Health:Life","2014-05-31","2014-05-31","2014-05-31","USD","0"
"Health:Life","2014-06-01","2014-06-01","2014-06-01","USD","0"
"Health:Life","2014-06-02","2014-06-02","2014-06-02","USD","0"
"Health:Life","2014-06-03","2014-06-03","2014-06-03","USD","0"
"Health:Life","2014-06-04","2014-06-04","2014-06-04","USD","0"
"Health:Life","2014-06-05","2014-06-05","2014-06-05","USD","24.32"
"Health:Life","2014-06-06","2014-06-06","2014-06-06","USD","0"
"Health:Life","2014-06-07","2014-06-07","2014-06-07","USD","0"
"Health:Life","2014-06-08","2014-06-08","2014-06-08","USD","0"
"Health:Life","2014-06-09","2014-06-09","2014-06-09","USD","0"
"Health:Life","2014-06-10","2014-06-10","2014-06-10","USD","0"
"Health:Life","2014-06-11","2014-06-11","2014-06-11","USD","0"
"Health:Life","2014-06-12","2014-06-12","2014-06-12","USD","0"
"Health:Life","2014-06-13","2014-06-13","2014-06-13","USD","0"
"Health:Life","2014-06-14","2014-06-14","2014-06-14","USD","0"
"Health:Life","2014-06-15","2014-06-15","2014-06-15","USD","0"
"Health:Life","2014-06-16","2014-06-16","2014-06-16","USD","0"
"Health:Life","2014-06-17","2014-06-17","2014-06-17","USD","0"
"Health:Life","2014-06-18","2014-06-18","2014-06-18","USD","0"
"Health:Life","2014-06-19","2014-06-19","2014-06-19","USD","24.32"
"Health:Life","2014-06-20","2014-06-20","2014-06-20","USD","0"
"Health:Life","2014-06-21","2014-06-21","2014-06-21","USD","0"
"Health:Life","2014-06-22","2014-06-22","2014-06-22","USD","0"
"Health:Life","2014-06-23","2014-06-23","2014-06-23","USD","0"
"Health:Life","2014-06-24","2014-06-24","2014-06-24","USD","0"
"Health:Life","2014-06-25","2014-06-25","2014-06-25","USD","0"
"Health:Life","2014-06-26","2014-06-26","2014-06-26","USD","0"
"Health:Life","2014-06-27","2014-06-27","2014-06-27","USD","0"
"Health:Life","2014-06-28","2014-06-28","2014-06-28","USD","0"
"Health:Life","2014-06-29","2014-06-29","2014-06-29","USD","0"
"Health:Life","2014-06-30","2014-06-30","2014-06-30","USD","0"
"Health:Life","2014-07-01","2014-07-01","2014-07-01","USD","0"
"Health:Life","2014-07-02","2014-07-02","2014-07-02","USD","0"
"Health:Life","2014-07-03","2014-07-03","2014-07-03","USD","24.32"
"Health:Life","2014-07-04","2014-07-04","2014-07-04","USD","0"
"Health:Life","2014-07-05","2014-07-05","2014-07-05","USD","0"
"Health:Life","2014-07-06","2014-07-06","2014-07-06","USD","0"
"Health:Life","2014-07-07","2014-07-07","2014-07-07","USD","0"
"Health:Life","2014-07-08","2014-07-08","2014-07-08","USD","0"
"Health:Life","2014-07-09","2014-07-09","2014-07-09","USD","0"
"Health:Life","2014-07-10","2014-07-10","2014-07-10","USD","0"
"Health:Life","2014-07-11","2014-07-11","2014-07-11","USD","0"
"Health:Life","2014-07-12","2014-07-12","2014-07-12","USD","0"
"Health:Life","2014-07-13","2014-07-13","2014-07-13","USD","0"
"Health:Life","2014-07-14","2014-07-14","2014-07-14","USD","0"
"Health:Life","2014-07-15","2014-07-15","2014-07-15","USD","0"
"Health:Life","2014-07-16","2014-07-16","2014-07-16","USD","0"
"Health:Life","2014-07-17","2014-07-17","2014-07-17","USD","24.32"
"Health:Life","2014-07-18","2014-07-18","2014-07-18","USD","0"
"Health:Life","2014-07-19","2014-07-19","2014-07-19","USD","0"
"Health:Life","2014-07-20","2014-07-20","2014-07-20","USD","0"
"Health:Life","2014-07-21","2014-07-21","2014-07-21","USD","0"
"Health:Life","2014-07-22","2014-07-22","2014-07-22","USD","0"
"Health:Life","2014-07-23","2014-07-23","2014-07-23","USD","0"
"Health:Life","2014-07-24","2014-07-24","2014-07-24","USD","0"
"Health:Life","2014-07-25","2014-07-25","2014-07-25","USD","0"
"Health:Life","2014-07-26","2014-07-26","2014-07-26","USD","0"
"Health:Life","2014-07-27","2014-07-27","2014-07-27","USD","0"
"Health:Life","2014-07-28","2014-07-28","2014-07-28","USD","0"
"Health:Life","2014-07-29","2014-07-29","2014-07-29","USD","0"
"Health:Life","2014-07-30","2014-07-30","2014-07-30","USD","0"
"Health:Life","2014-07-31","2014-07-31","2014-07-31","USD","24.32"
"Health:Life","2014-08-01","2014-08-01","2014-08-01","USD","0"
"Health:Life","2014-08-02","2014-08-02","2014-08-02","USD","0"
"Health:Life","2014-08-03","2014-08-03","2014-08-03","USD","0"
"Health:Life","2014-08-04","2014-08-04","2014-08-04","USD","0"
"Health:Life","2014-08-05","2014-08-05","2014-08-05","USD","0"
"Health:Life","2014-08-06","2014-08-06","2014-08-06","USD","0"
"Health:Life","2014-08-07","2014-08-07","2014-08-07","USD","0"
"Health:Life","2014-08-08","2014-08-08","2014-08-08","USD","0"
"Health:Life","2014-08-09","2014-08-09","2014-08-09","USD","0"
"Health:Life","2014-08-10","2014-08-10","2014-08-10","USD","0"
"Health:Life","2014-08-11","2014-08-11","2014-08-11","USD","0"
"Health:Life","2014-08-12","2014-08-12","2014-08-12","USD","0"
"Health:Life","2014-08-13","2014-08-13","2014-08-13","USD","0"
"Health:Life","2014-08-14","2014-08-14","2014-08-14","USD","24.32"
"Health:Life","2014-08-15","2014-08-15","2014-08-15","USD","0"
"Health:Life","2014-08-16","2014-08-16","2014-08-16","USD","0"
"Health:Life","2014-08-17","2014-08-17","2014-08-17","USD","0"
"Health:Life","2014-08-18","2014-08-18","2014-08-18","USD","0"
"Health:Life","2014-08-19","2014-08-19","2014-08-19","USD","0"
"Health:Life","2014-08-20","2014-08-20","2014-08-20","USD","0"
"Health:Life","2014-08-21","2014-08-21","2014-08-21","USD","0"
"Health:Life","2014-08-22","2014-08-22","2014-08-22","USD","0"
"Health:Life","2014-08-23","2014-08-23","2014-08-23","USD","0"
"Health:Life","2014-08-24","2014-08-24","2014-08-24","USD","0"
"Health:Life","2014-08-25","2014-08-25","2014-08-25","USD","0"
"Health:Life","2014-08-26","2014-08-26","2014-08-26","USD","0"
"Health:Life","2014-08-27","2014-08-27","2014-08-27","USD","0"
"Health:Life","2014-08-28","2014-08-28","2014-08-28","USD","24.32"
"Health:Life","2014-08-29","2014-08-29","2014-08-29","USD","0"
"Health:Life","2014-08-30","2014-08-30","2014-08-30","USD","0"
"Health:Life","2014-08-31","2014-08-31","2014-08-31","USD","0"
"Health:Life","2014-09-01","2014-09-01","2014-09-01","USD","0"
"Health:Life","2014-09-02","2014-09-02","2014-09-02","USD","0"
"Health:Life","2014-09-03","2014-09-03","2014-09-03","USD","0"
"Health:Life","2014-09-04","2014-09-04","2014-09-04","USD","0"
"Health:Life","2014-09-05","2014-09-05","2014-09-05","USD","0"
"Health:Life","2014-09-06","2014-09-06","2014-09-06","USD","0"
"Health:Life","2014-09-07","2014-09-07","2014-09-07","USD","0"
"Health:Life","2014-09-08","2014-09-08","2014-09-08","USD","0"
"Health:Life","2014-09-09","2014-09-09","2014-09-09","USD","0"
"Health:Life","2014-09-10","2014-09-10","2014-09-10","USD","0"
"Health:Life","2014-09-11","2014-09-11","2014-09-11","USD","24.32"
"Health:Life","2014-09-12","2014-09-12","2014-09-12","USD","0"
"Health:Life","2014-09-13","2014-09-13","2014-09-13","USD","0"
"Health:Life","2014-09-14","2014-09-14","2014-09-14","USD","0"
"Health:Life","2014-09-15","2014-09-15","2014-09-15","USD","0"
"Health:Life","2014-09-16","2014-09-16","2014-09-16","USD","0"
"Health:Life","2014-09-17","2014-09-17","2014-09-17","USD","0"
"Health:Life","2014-09-18","2014-09-18","2014-09-18","USD","0"
"Health:Life","2014-09-19","2014-09-19","2014-09-19","USD","0"
"Health:Life","2014-09-20","2014-09-20","2014-09-20","USD","0"
"Health:Life","2014-09-21","2014-09-21","2014-09-21","USD","0"
"Health:Life","2014-09-22","2014-09-22","2014-09-22","USD","0"
"Health:Life","2014-09-23","2014-09-23","2014-09-23","USD","0"
"Health:Life","2014-09-24","2014-09-24","2014-09-24","USD","0"
"Health:Life","2014-09-25","2014-09-25","2014-09-25","USD","24.32"
"Health:Life","2014-09-26","2014-09-26","2014-09-26","USD","0"
"Health:Life","2014-09-27","2014-09-27","2014-09-27","USD","0"
"Health:Life","2014-09-28","2014-09-28","2014-09-28","USD","0"
"Health:Life","2014-09-29","2014-09-29","2014-09-29","USD","0"
"Health:Life","2014-09-30","2014-09-30","2014-09-30","USD","0"
"Health:Life","2014-10-01","2014-10-01","2014-10-01","USD","0"
"Health:Life","2014-10-02","2014-10-02","2014-10-02","USD","0"
"Health:Life","2014-10-03","2014-10-03","2014-10-03","USD","0"
"Health:Life","2014-10-04","2014-10-04","2014-10-04","USD","0"
"Health:Life","2014-10-05","2014-10-05","2014-10-05","USD","0"
"Health:Life","2014-10-06","2014-10-06","2014-10-06","USD","0"
"Health:Life","2014-10-07","2014-10-07","2014-10-07","USD","0"
"Health:Life","2014-10-08","2014-10-08","2014-10-08","USD","0"
"Health:Life","2014-10-09","2014-10-09","2014-10-09","USD","24.32"
"Health:Life","2014-10-10","2014-10-10","2014-10-10","USD","0"
"Health:Life","2014-10-11","2014-10-11","2014-10-11","USD","0"
"Health:Medical","2012-01-03","2012-01-03","2012-01-03","USD","0"
"Health:Medical","2012-01-04","2012-01-04","2012-01-04","USD","0"
"Health:Medical","2012-01-05","2012-01-05","2012-01-05","USD","27.38"
"Health:Medical","2012-01-06","2012-01-06","2012-01-06","USD","0"
"Health:Medical","2012-01-07","2012-01-07","2012-01-07","USD","0"
"Health:Medical","2012-01-08","2012-01-08","2012-01-08","USD","0"
"Health:Medical","2012-01-09","2012-01-09","2012-01-09","USD","0"
"Health:Medical","2012-01-10","2012-01-10","2012-01-10","USD","0"
"Health:Medical","2012-01-11","2012-01-11","2012-01-11","USD","0"
"Health:Medical","2012-01-12","2012-01-12","2012-01-12","USD","0"
"Health:Medical","2012-01-13","2012-01-13","2012-01-13","USD","0"
"Health:Medical","2012-01-14","2012-01-14","2012-01-14","USD","0"
"Health:Medical","2012-01-15","2012-01-15","2012-01-15","USD","0"
"Health:Medical","2012-01-16","2012-01-16","2012-01-16","USD","0"
"Health:Medical","2012-01-17","2012-01-17","2012-01-17","USD","0"
"Health:Medical","2012-01-18","2012-01-18","2012-01-18","USD","0"
"Health:Medical","2012-01-19","2012-01-19","2012-01-19","USD","27.38"
"Health:Medical","2012-01-20","2012-01-20","2012-01-20","USD","0"
"Health:Medical","2012-01-21","2012-01-21","2012-01-21","USD","0"
"Health:Medical","2012-01-22","2012-01-22","2012-01-22","USD","0"
"Health:Medical","2012-01-23","2012-01-23","2012-01-23","USD","0"
"Health:Medical","2012-01-24","2012-01-24","2012-01-24","USD","0"
"Health:Medical","2012-01-25","2012-01-25","2012-01-25","USD","0"
"Health:Medical","2012-01-26","2012-01-26","2012-01-26","USD","0"
"Health:Medical","2012-01-27","2012-01-27","2012-01-27","USD","0"
"Health:Medical","2012-01-28","2012-01-28","2012-01-28","USD","0"
"Health:Medical","2012-01-29","2012-01-29","2012-01-29","USD","0"
"Health:Medical","2012-01-30","2012-01-30","2012-01-30","USD","0"
"Health:Medical","2012-01-31","2012-01-31","2012-01-31","USD","0"
"Health:Medical","2012-02-01","2012-02-01","2012-02-01","USD","0"
"Health:Medical","2012-02-02","2012-02-02","2012-02-02","USD","27.38"
"Health:Medical","2012-02-03","2012-02-03","2012-02-03","USD","0"
"Health:Medical","2012-02-04","2012-02-04","2012-02-04","USD","0"
"Health:Medical","2012-02-05","2012-02-05","2012-02-05","USD","0"
"Health:Medical","2012-02-06","2012-02-06","2012-02-06","USD","0"
"Health:Medical","2012-02-07","2012-02-07","2012-02-07","USD","0"
"Health:Medical","2012-02-08","2012-02-08","2012-02-08","USD","0"
"Health:Medical","2012-02-09","2012-02-09","2012-02-09","USD","0"
"Health:Medical","2012-02-10","2012-02-10","2012-02-10","USD","0"
"Health:Medical","2012-02-11","2012-02-11","2012-02-11","USD","0"
"Health:Medical","2012-02-12","2012-02-12","2012-02-12","USD","0"
"Health:Medical","2012-02-13","2012-02-13","2012-02-13","USD","0"
"Health:Medical","2012-02-14","2012-02-14","2012-02-14","USD","0"
"Health:Medical","2012-02-15","2012-02-15","2012-02-15","USD","0"
"Health:Medical","2012-02-16","2012-02-16","2012-02-16","USD","27.38"
"Health:Medical","2012-02-17","2012-02-17","2012-02-17","USD","0"
"Health:Medical","2012-02-18","2012-02-18","2012-02-18","USD","0"
"Health:Medical","2012-02-19","2012-02-19","2012-02-19","USD","0"
"Health:Medical","2012-02-20","2012-02-20","2012-02-20","USD","0"
"Health:Medical","2012-02-21","2012-02-21","2012-02-21","USD","0"
"Health:Medical","2012-02-22","2012-02-22","2012-02-22","USD","0"
"Health:Medical","2012-02-23","2012-02-23","2012-02-23","USD","0"
"Health:Medical","2012-02-24","2012-02-24","2012-02-24","USD","0"
"Health:Medical","2012-02-25","2012-02-25","2012-02-25","USD","0"
"Health:Medical","2012-02-26","2012-02-26","2012-02-26","USD","0"
"Health:Medical","2012-02-27","2012-02-27","2012-02-27","USD","0"
"Health:Medical","2012-02-28","2012-02-28","2012-02-28","USD","0"
"Health:Medical","2012-02-29","2012-02-29","2012-02-29","USD","0"
"Health:Medical","2012-03-01","2012-03-01","2012-03-01","USD","27.38"
"Health:Medical","2012-03-02","2012-03-02","2012-03-02","USD","0"
"Health:Medical","2012-03-03","2012-03-03","2012-03-03","USD","0"
"Health:Medical","2012-03-04","2012-03-04","2012-03-04","USD","0"
"Health:Medical","2012-03-05","2012-03-05","2012-03-05","USD","0"
"Health:Medical","2012-03-06","2012-03-06","2012-03-06","USD","0"
"Health:Medical","2012-03-07","2012-03-07","2012-03-07","USD","0"
"Health:Medical","2012-03-08","2012-03-08","2012-03-08","USD","0"
"Health:Medical","2012-03-09","2012-03-09","2012-03-09","USD","0"
"Health:Medical","2012-03-10","2012-03-10","2012-03-10","USD","0"
"Health:Medical","2012-03-11","2012-03-11","2012-03-11","USD","0"
"Health:Medical","2012-03-12","2012-03-12","2012-03-12","USD","0"
"Health:Medical","2012-03-13","2012-03-13","2012-03-13","USD","0"
"Health:Medical","2012-03-14","2012-03-14","2012-03-14","USD","0"
"Health:Medical","2012-03-15","2012-03-15","2012-03-15","USD","27.38"
"Health:Medical","2012-03-16","2012-03-16","2012-03-16","USD","0"
"Health:Medical","2012-03-17","2012-03-17","2012-03-17","USD","0"
"Health:Medical","2012-03-18","2012-03-18","2012-03-18","USD","0"
"Health:Medical","2012-03-19","2012-03-19","2012-03-19","USD","0"
"Health:Medical","2012-03-20","2012-03-20","2012-03-20","USD","0"
"Health:Medical","2012-03-21","2012-03-21","2012-03-21","USD","0"
"Health:Medical","2012-03-22","2012-03-22","2012-03-22","USD","0"
"Health:Medical","2012-03-23","2012-03-23","2012-03-23","USD","0"
"Health:Medical","2012-03-24","2012-03-24","2012-03-24","USD","0"
"Health:Medical","2012-03-25","2012-03-25","2012-03-25","USD","0"
"Health:Medical","2012-03-26","2012-03-26","2012-03-26","USD","0"
"Health:Medical","2012-03-27","2012-03-27","2012-03-27","USD","0"
"Health:Medical","2012-03-28","2012-03-28","2012-03-28","USD","0"
"Health:Medical","2012-03-29","2012-03-29","2012-03-29","USD","27.38"
"Health:Medical","2012-03-30","2012-03-30","2012-03-30","USD","0"
"Health:Medical","2012-03-31","2012-03-31","2012-03-31","USD","0"
"Health:Medical","2012-04-01","2012-04-01","2012-04-01","USD","0"
"Health:Medical","2012-04-02","2012-04-02","2012-04-02","USD","0"
"Health:Medical","2012-04-03","2012-04-03","2012-04-03","USD","0"
"Health:Medical","2012-04-04","2012-04-04","2012-04-04","USD","0"
"Health:Medical","2012-04-05","2012-04-05","2012-04-05","USD","0"
"Health:Medical","2012-04-06","2012-04-06","2012-04-06","USD","0"
"Health:Medical","2012-04-07","2012-04-07","2012-04-07","USD","0"
"Health:Medical","2012-04-08","2012-04-08","2012-04-08","USD","0"
"Health:Medical","2012-04-09","2012-04-09","2012-04-09","USD","0"
"Health:Medical","2012-04-10","2012-04-10","2012-04-10","USD","0"
"Health:Medical","2012-04-11","2012-04-11","2012-04-11","USD","0"
"Health:Medical","2012-04-12","2012-04-12","2012-04-12","USD","27.38"
"Health:Medical","2012-04-13","2012-04-13","2012-04-13","USD","0"
"Health:Medical","2012-04-14","2012-04-14","2012-04-14","USD","0"
"Health:Medical","2012-04-15","2012-04-15","2012-04-15","USD","0"
"Health:Medical","2012-04-16","2012-04-16","2012-04-16","USD","0"
"Health:Medical","2012-04-17","2012-04-17","2012-04-17","USD","0"
"Health:Medical","2012-04-18","2012-04-18","2012-04-18","USD","0"
"Health:Medical","2012-04-19","2012-04-19","2012-04-19","USD","0"
"Health:Medical","2012-04-20","2012-04-20","2012-04-20","USD","0"
"Health:Medical","2012-04-21","2012-04-21","2012-04-21","USD","0"
"Health:Medical","2012-04-22","2012-04-22","2012-04-22","USD","0"
"Health:Medical","2012-04-23","2012-04-23","2012-04-23","USD","0"
"Health:Medical","2012-04-24","2012-04-24","2012-04-24","USD","0"
"Health:Medical","2012-04-25","2012-04-25","2012-04-25","USD","0"
"Health:Medical","2012-04-26","2012-04-26","2012-04-26","USD","27.38"
"Health:Medical","2012-04-27","2012-04-27","2012-04-27","USD","0"
"Health:Medical","2012-04-28","2012-04-28","2012-04-28","USD","0"
"Health:Medical","2012-04-29","2012-04-29","2012-04-29","USD","0"
"Health:Medical","2012-04-30","2012-04-30","2012-04-30","USD","0"
"Health:Medical","2012-05-01","2012-05-01","2012-05-01","USD","0"
"Health:Medical","2012-05-02","2012-05-02","2012-05-02","USD","0"
"Health:Medical","2012-05-03","2012-05-03","2012-05-03","USD","0"
"Health:Medical","2012-05-04","2012-05-04","2012-05-04","USD","0"
"Health:Medical","2012-05-05","2012-05-05","2012-05-05","USD","0"
"Health:Medical","2012-05-06","2012-05-06","2012-05-06","USD","0"
"Health:Medical","2012-05-07","2012-05-07","2012-05-07","USD","0"
"Health:Medical","2012-05-08","2012-05-08","2012-05-08","USD","0"
"Health:Medical","2012-05-09","2012-05-09","2012-05-09","USD","0"
"Health:Medical","2012-05-10","2012-05-10","2012-05-10","USD","27.38"
"Health:Medical","2012-05-11","2012-05-11","2012-05-11","USD","0"
"Health:Medical","2012-05-12","2012-05-12","2012-05-12","USD","0"
"Health:Medical","2012-05-13","2012-05-13","2012-05-13","USD","0"
"Health:Medical","2012-05-14","2012-05-14","2012-05-14","USD","0"
"Health:Medical","2012-05-15","2012-05-15","2012-05-15","USD","0"
"Health:Medical","2012-05-16","2012-05-16","2012-05-16","USD","0"
"Health:Medical","2012-05-17","2012-05-17","2012-05-17","USD","0"
"Health:Medical","2012-05-18","2012-05-18","2012-05-18","USD","0"
"Health:Medical","2012-05-19","2012-05-19","2012-05-19","USD","0"
"Health:Medical","2012-05-20","2012-05-20","2012-05-20","USD","0"
"Health:Medical","2012-05-21","2012-05-21","2012-05-21","USD","0"
"Health:Medical","2012-05-22","2012-05-22","2012-05-22","USD","0"
"Health:Medical","2012-05-23","2012-05-23","2012-05-23","USD","0"
"Health:Medical","2012-05-24","2012-05-24","2012-05-24","USD","27.38"
"Health:Medical","2012-05-25","2012-05-25","2012-05-25","USD","0"
"Health:Medical","2012-05-26","2012-05-26","2012-05-26","USD","0"
"Health:Medical","2012-05-27","2012-05-27","2012-05-27","USD","0"
"Health:Medical","2012-05-28","2012-05-28","2012-05-28","USD","0"
"Health:Medical","2012-05-29","2012-05-29","2012-05-29","USD","0"
"Health:Medical","2012-05-30","2012-05-30","2012-05-30","USD","0"
"Health:Medical","2012-05-31","2012-05-31","2012-05-31","USD","0"
"Health:Medical","2012-06-01","2012-06-01","2012-06-01","USD","0"
"Health:Medical","2012-06-02","2012-06-02","2012-06-02","USD","0"
"Health:Medical","2012-06-03","2012-06-03","2012-06-03","USD","0"
"Health:Medical","2012-06-04","2012-06-04","2012-06-04","USD","0"
"Health:Medical","2012-06-05","2012-06-05","2012-06-05","USD","0"
"Health:Medical","2012-06-06","2012-06-06","2012-06-06","USD","0"
"Health:Medical","2012-06-07","2012-06-07","2012-06-07","USD","27.38"
"Health:Medical","2012-06-08","2012-06-08","2012-06-08","USD","0"
"Health:Medical","2012-06-09","2012-06-09","2012-06-09","USD","0"
"Health:Medical","2012-06-10","2012-06-10","2012-06-10","USD","0"
"Health:Medical","2012-06-11","2012-06-11","2012-06-11","USD","0"
"Health:Medical","2012-06-12","2012-06-12","2012-06-12","USD","0"
"Health:Medical","2012-06-13","2012-06-13","2012-06-13","USD","0"
"Health:Medical","2012-06-14","2012-06-14","2012-06-14","USD","0"
"Health:Medical","2012-06-15","2012-06-15","2012-06-15","USD","0"
"Health:Medical","2012-06-16","2012-06-16","2012-06-16","USD","0"
"Health:Medical","2012-06-17","2012-06-17","2012-06-17","USD","0"
"Health:Medical","2012-06-18","2012-06-18","2012-06-18","USD","0"
"Health:Medical","2012-06-19","2012-06-19","2012-06-19","USD","0"
"Health:Medical","2012-06-20","2012-06-20","2012-06-20","USD","0"
"Health:Medical","2012-06-21","2012-06-21","2012-06-21","USD","27.38"
"Health:Medical","2012-06-22","2012-06-22","2012-06-22","USD","0"
"Health:Medical","2012-06-23","2012-06-23","2012-06-23","USD","0"
"Health:Medical","2012-06-24","2012-06-24","2012-06-24","USD","0"
"Health:Medical","2012-06-25","2012-06-25","2012-06-25","USD","0"
"Health:Medical","2012-06-26","2012-06-26","2012-06-26","USD","0"
"Health:Medical","2012-06-27","2012-06-27","2012-06-27","USD","0"
"Health:Medical","2012-06-28","2012-06-28","2012-06-28","USD","0"
"Health:Medical","2012-06-29","2012-06-29","2012-06-29","USD","0"
"Health:Medical","2012-06-30","2012-06-30","2012-06-30","USD","0"
"Health:Medical","2012-07-01","2012-07-01","2012-07-01","USD","0"
"Health:Medical","2012-07-02","2012-07-02","2012-07-02","USD","0"
"Health:Medical","2012-07-03","2012-07-03","2012-07-03","USD","0"
"Health:Medical","2012-07-04","2012-07-04","2012-07-04","USD","0"
"Health:Medical","2012-07-05","2012-07-05","2012-07-05","USD","27.38"
"Health:Medical","2012-07-06","2012-07-06","2012-07-06","USD","0"
"Health:Medical","2012-07-07","2012-07-07","2012-07-07","USD","0"
"Health:Medical","2012-07-08","2012-07-08","2012-07-08","USD","0"
"Health:Medical","2012-07-09","2012-07-09","2012-07-09","USD","0"
"Health:Medical","2012-07-10","2012-07-10","2012-07-10","USD","0"
"Health:Medical","2012-07-11","2012-07-11","2012-07-11","USD","0"
"Health:Medical","2012-07-12","2012-07-12","2012-07-12","USD","0"
"Health:Medical","2012-07-13","2012-07-13","2012-07-13","USD","0"
"Health:Medical","2012-07-14","2012-07-14","2012-07-14","USD","0"
"Health:Medical","2012-07-15","2012-07-15","2012-07-15","USD","0"
"Health:Medical","2012-07-16","2012-07-16","2012-07-16","USD","0"
"Health:Medical","2012-07-17","2012-07-17","2012-07-17","USD","0"
"Health:Medical","2012-07-18","2012-07-18","2012-07-18","USD","0"
"Health:Medical","2012-07-19","2012-07-19","2012-07-19","USD","27.38"
"Health:Medical","2012-07-20","2012-07-20","2012-07-20","USD","0"
"Health:Medical","2012-07-21","2012-07-21","2012-07-21","USD","0"
"Health:Medical","2012-07-22","2012-07-22","2012-07-22","USD","0"
"Health:Medical","2012-07-23","2012-07-23","2012-07-23","USD","0"
"Health:Medical","2012-07-24","2012-07-24","2012-07-24","USD","0"
"Health:Medical","2012-07-25","2012-07-25","2012-07-25","USD","0"
"Health:Medical","2012-07-26","2012-07-26","2012-07-26","USD","0"
"Health:Medical","2012-07-27","2012-07-27","2012-07-27","USD","0"
"Health:Medical","2012-07-28","2012-07-28","2012-07-28","USD","0"
"Health:Medical","2012-07-29","2012-07-29","2012-07-29","USD","0"
"Health:Medical","2012-07-30","2012-07-30","2012-07-30","USD","0"
"Health:Medical","2012-07-31","2012-07-31","2012-07-31","USD","0"
"Health:Medical","2012-08-01","2012-08-01","2012-08-01","USD","0"
"Health:Medical","2012-08-02","2012-08-02","2012-08-02","USD","27.38"
"Health:Medical","2012-08-03","2012-08-03","2012-08-03","USD","0"
"Health:Medical","2012-08-04","2012-08-04","2012-08-04","USD","0"
"Health:Medical","2012-08-05","2012-08-05","2012-08-05","USD","0"
"Health:Medical","2012-08-06","2012-08-06","2012-08-06","USD","0"
"Health:Medical","2012-08-07","2012-08-07","2012-08-07","USD","0"
"Health:Medical","2012-08-08","2012-08-08","2012-08-08","USD","0"
"Health:Medical","2012-08-09","2012-08-09","2012-08-09","USD","0"
"Health:Medical","2012-08-10","2012-08-10","2012-08-10","USD","0"
"Health:Medical","2012-08-11","2012-08-11","2012-08-11","USD","0"
"Health:Medical","2012-08-12","2012-08-12","2012-08-12","USD","0"
"Health:Medical","2012-08-13","2012-08-13","2012-08-13","USD","0"
"Health:Medical","2012-08-14","2012-08-14","2012-08-14","USD","0"
"Health:Medical","2012-08-15","2012-08-15","2012-08-15","USD","0"
"Health:Medical","2012-08-16","2012-08-16","2012-08-16","USD","27.38"
"Health:Medical","2012-08-17","2012-08-17","2012-08-17","USD","0"
"Health:Medical","2012-08-18","2012-08-18","2012-08-18","USD","0"
"Health:Medical","2012-08-19","2012-08-19","2012-08-19","USD","0"
"Health:Medical","2012-08-20","2012-08-20","2012-08-20","USD","0"
"Health:Medical","2012-08-21","2012-08-21","2012-08-21","USD","0"
"Health:Medical","2012-08-22","2012-08-22","2012-08-22","USD","0"
"Health:Medical","2012-08-23","2012-08-23","2012-08-23","USD","0"
"Health:Medical","2012-08-24","2012-08-24","2012-08-24","USD","0"
"Health:Medical","2012-08-25","2012-08-25","2012-08-25","USD","0"
"Health:Medical","2012-08-26","2012-08-26","2012-08-26","USD","0"
"Health:Medical","2012-08-27","2012-08-27","2012-08-27","USD","0"
"Health:Medical","2012-08-28","2012-08-28","2012-08-28","USD","0"
"Health:Medical","2012-08-29","2012-08-29","2012-08-29","USD","0"
"Health:Medical","2012-08-30","2012-08-30","2012-08-30","USD","27.38"
"Health:Medical","2012-08-31","2012-08-31","2012-08-31","USD","0"
"Health:Medical","2012-09-01","2012-09-01","2012-09-01","USD","0"
"Health:Medical","2012-09-02","2012-09-02","2012-09-02","USD","0"
"Health:Medical","2012-09-03","2012-09-03","2012-09-03","USD","0"
"Health:Medical","2012-09-04","2012-09-04","2012-09-04","USD","0"
"Health:Medical","2012-09-05","2012-09-05","2012-09-05","USD","0"
"Health:Medical","2012-09-06","2012-09-06","2012-09-06","USD","0"
"Health:Medical","2012-09-07","2012-09-07","2012-09-07","USD","0"
"Health:Medical","2012-09-08","2012-09-08","2012-09-08","USD","0"
"Health:Medical","2012-09-09","2012-09-09","2012-09-09","USD","0"
"Health:Medical","2012-09-10","2012-09-10","2012-09-10","USD","0"
"Health:Medical","2012-09-11","2012-09-11","2012-09-11","USD","0"
"Health:Medical","2012-09-12","2012-09-12","2012-09-12","USD","0"
"Health:Medical","2012-09-13","2012-09-13","2012-09-13","USD","27.38"
"Health:Medical","2012-09-14","2012-09-14","2012-09-14","USD","0"
"Health:Medical","2012-09-15","2012-09-15","2012-09-15","USD","0"
"Health:Medical","2012-09-16","2012-09-16","2012-09-16","USD","0"
"Health:Medical","2012-09-17","2012-09-17","2012-09-17","USD","0"
"Health:Medical","2012-09-18","2012-09-18","2012-09-18","USD","0"
"Health:Medical","2012-09-19","2012-09-19","2012-09-19","USD","0"
"Health:Medical","2012-09-20","2012-09-20","2012-09-20","USD","0"
"Health:Medical","2012-09-21","2012-09-21","2012-09-21","USD","0"
"Health:Medical","2012-09-22","2012-09-22","2012-09-22","USD","0"
"Health:Medical","2012-09-23","2012-09-23","2012-09-23","USD","0"
"Health:Medical","2012-09-24","2012-09-24","2012-09-24","USD","0"
"Health:Medical","2012-09-25","2012-09-25","2012-09-25","USD","0"
"Health:Medical","2012-09-26","2012-09-26","2012-09-26","USD","0"
"Health:Medical","2012-09-27","2012-09-27","2012-09-27","USD","27.38"
"Health:Medical","2012-09-28","2012-09-28","2012-09-28","USD","0"
"Health:Medical","2012-09-29","2012-09-29","2012-09-29","USD","0"
"Health:Medical","2012-09-30","2012-09-30","2012-09-30","USD","0"
"Health:Medical","2012-10-01","2012-10-01","2012-10-01","USD","0"
"Health:Medical","2012-10-02","2012-10-02","2012-10-02","USD","0"
"Health:Medical","2012-10-03","2012-10-03","2012-10-03","USD","0"
"Health:Medical","2012-10-04","2012-10-04","2012-10-04","USD","0"
"Health:Medical","2012-10-05","2012-10-05","2012-10-05","USD","0"
"Health:Medical","2012-10-06","2012-10-06","2012-10-06","USD","0"
"Health:Medical","2012-10-07","2012-10-07","2012-10-07","USD","0"
"Health:Medical","2012-10-08","2012-10-08","2012-10-08","USD","0"
"Health:Medical","2012-10-09","2012-10-09","2012-10-09","USD","0"
"Health:Medical","2012-10-10","2012-10-10","2012-10-10","USD","0"
"Health:Medical","2012-10-11","2012-10-11","2012-10-11","USD","27.38"
"Health:Medical","2012-10-12","2012-10-12","2012-10-12","USD","0"
"Health:Medical","2012-10-13","2012-10-13","2012-10-13","USD","0"
"Health:Medical","2012-10-14","2012-10-14","2012-10-14","USD","0"
"Health:Medical","2012-10-15","2012-10-15","2012-10-15","USD","0"
"Health:Medical","2012-10-16","2012-10-16","2012-10-16","USD","0"
"Health:Medical","2012-10-17","2012-10-17","2012-10-17","USD","0"
"Health:Medical","2012-10-18","2012-10-18","2012-10-18","USD","0"
"Health:Medical","2012-10-19","2012-10-19","2012-10-19","USD","0"
"Health:Medical","2012-10-20","2012-10-20","2012-10-20","USD","0"
"Health:Medical","2012-10-21","2012-10-21","2012-10-21","USD","0"
"Health:Medical","2012-10-22","2012-10-22","2012-10-22","USD","0"
"Health:Medical","2012-10-23","2012-10-23","2012-10-23","USD","0"
"Health:Medical","2012-10-24","2012-10-24","2012-10-24","USD","0"
"Health:Medical","2012-10-25","2012-10-25","2012-10-25","USD","27.38"
"Health:Medical","2012-10-26","2012-10-26","2012-10-26","USD","0"
"Health:Medical","2012-10-27","2012-10-27","2012-10-27","USD","0"
"Health:Medical","2012-10-28","2012-10-28","2012-10-28","USD","0"
"Health:Medical","2012-10-29","2012-10-29","2012-10-29","USD","0"
"Health:Medical","2012-10-30","2012-10-30","2012-10-30","USD","0"
"Health:Medical","2012-10-31","2012-10-31","2012-10-31","USD","0"
"Health:Medical","2012-11-01","2012-11-01","2012-11-01","USD","0"
"Health:Medical","2012-11-02","2012-11-02","2012-11-02","USD","0"
"Health:Medical","2012-11-03","2012-11-03","2012-11-03","USD","0"
"Health:Medical","2012-11-04","2012-11-04","2012-11-04","USD","0"
"Health:Medical","2012-11-05","2012-11-05","2012-11-05","USD","0"
"Health:Medical","2012-11-06","2012-11-06","2012-11-06","USD","0"
"Health:Medical","2012-11-07","2012-11-07","2012-11-07","USD","0"
"Health:Medical","2012-11-08","2012-11-08","2012-11-08","USD","27.38"
"Health:Medical","2012-11-09","2012-11-09","2012-11-09","USD","0"
"Health:Medical","2012-11-10","2012-11-10","2012-11-10","USD","0"
"Health:Medical","2012-11-11","2012-11-11","2012-11-11","USD","0"
"Health:Medical","2012-11-12","2012-11-12","2012-11-12","USD","0"
"Health:Medical","2012-11-13","2012-11-13","2012-11-13","USD","0"
"Health:Medical","2012-11-14","2012-11-14","2012-11-14","USD","0"
"Health:Medical","2012-11-15","2012-11-15","2012-11-15","USD","0"
"Health:Medical","2012-11-16","2012-11-16","2012-11-16","USD","0"
"Health:Medical","2012-11-17","2012-11-17","2012-11-17","USD","0"
"Health:Medical","2012-11-18","2012-11-18","2012-11-18","USD","0"
"Health:Medical","2012-11-19","2012-11-19","2012-11-19","USD","0"
"Health:Medical","2012-11-20","2012-11-20","2012-11-20","USD","0"
"Health:Medical","2012-11-21","2012-11-21","2012-11-21","USD","0"
"Health:Medical","2012-11-22","2012-11-22","2012-11-22","USD","27.38"
"Health:Medical","2012-11-23","2012-11-23","2012-11-23","USD","0"
"Health:Medical","2012-11-24","2012-11-24","2012-11-24","USD","0"
"Health:Medical","2012-11-25","2012-11-25","2012-11-25","USD","0"
"Health:Medical","2012-11-26","2012-11-26","2012-11-26","USD","0"
"Health:Medical","2012-11-27","2012-11-27","2012-11-27","USD","0"
"Health:Medical","2012-11-28","2012-11-28","2012-11-28","USD","0"
"Health:Medical","2012-11-29","2012-11-29","2012-11-29","USD","0"
"Health:Medical","2012-11-30","2012-11-30","2012-11-30","USD","0"
"Health:Medical","2012-12-01","2012-12-01","2012-12-01","USD","0"
"Health:Medical","2012-12-02","2012-12-02","2012-12-02","USD","0"
"Health:Medical","2012-12-03","2012-12-03","2012-12-03","USD","0"
"Health:Medical","2012-12-04","2012-12-04","2012-12-04","USD","0"
"Health:Medical","2012-12-05","2012-12-05","2012-12-05","USD","0"
"Health:Medical","2012-12-06","2012-12-06","2012-12-06","USD","27.38"
"Health:Medical","2012-12-07","2012-12-07","2012-12-07","USD","0"
"Health:Medical","2012-12-08","2012-12-08","2012-12-08","USD","0"
"Health:Medical","2012-12-09","2012-12-09","2012-12-09","USD","0"
"Health:Medical","2012-12-10","2012-12-10","2012-12-10","USD","0"
"Health:Medical","2012-12-11","2012-12-11","2012-12-11","USD","0"
"Health:Medical","2012-12-12","2012-12-12","2012-12-12","USD","0"
"Health:Medical","2012-12-13","2012-12-13","2012-12-13","USD","0"
"Health:Medical","2012-12-14","2012-12-14","2012-12-14","USD","0"
"Health:Medical","2012-12-15","2012-12-15","2012-12-15","USD","0"
"Health:Medical","2012-12-16","2012-12-16","2012-12-16","USD","0"
"Health:Medical","2012-12-17","2012-12-17","2012-12-17","USD","0"
"Health:Medical","2012-12-18","2012-12-18","2012-12-18","USD","0"
"Health:Medical","2012-12-19","2012-12-19","2012-12-19","USD","0"
"Health:Medical","2012-12-20","2012-12-20","2012-12-20","USD","27.38"
"Health:Medical","2012-12-21","2012-12-21","2012-12-21","USD","0"
"Health:Medical","2012-12-22","2012-12-22","2012-12-22","USD","0"
"Health:Medical","2012-12-23","2012-12-23","2012-12-23","USD","0"
"Health:Medical","2012-12-24","2012-12-24","2012-12-24","USD","0"
"Health:Medical","2012-12-25","2012-12-25","2012-12-25","USD","0"
"Health:Medical","2012-12-26","2012-12-26","2012-12-26","USD","0"
"Health:Medical","2012-12-27","2012-12-27","2012-12-27","USD","0"
"Health:Medical","2012-12-28","2012-12-28","2012-12-28","USD","0"
"Health:Medical","2012-12-29","2012-12-29","2012-12-29","USD","0"
"Health:Medical","2012-12-30","2012-12-30","2012-12-30","USD","0"
"Health:Medical","2012-12-31","2012-12-31","2012-12-31","USD","0"
"Health:Medical","2013-01-01","2013-01-01","2013-01-01","USD","0"
"Health:Medical","2013-01-02","2013-01-02","2013-01-02","USD","0"
"Health:Medical","2013-01-03","2013-01-03","2013-01-03","USD","27.38"
"Health:Medical","2013-01-04","2013-01-04","2013-01-04","USD","0"
"Health:Medical","2013-01-05","2013-01-05","2013-01-05","USD","0"
"Health:Medical","2013-01-06","2013-01-06","2013-01-06","USD","0"
"Health:Medical","2013-01-07","2013-01-07","2013-01-07","USD","0"
"Health:Medical","2013-01-08","2013-01-08","2013-01-08","USD","0"
"Health:Medical","2013-01-09","2013-01-09","2013-01-09","USD","0"
"Health:Medical","2013-01-10","2013-01-10","2013-01-10","USD","0"
"Health:Medical","2013-01-11","2013-01-11","2013-01-11","USD","0"
"Health:Medical","2013-01-12","2013-01-12","2013-01-12","USD","0"
"Health:Medical","2013-01-13","2013-01-13","2013-01-13","USD","0"
"Health:Medical","2013-01-14","2013-01-14","2013-01-14","USD","0"
"Health:Medical","2013-01-15","2013-01-15","2013-01-15","USD","0"
"Health:Medical","2013-01-16","2013-01-16","2013-01-16","USD","0"
"Health:Medical","2013-01-17","2013-01-17","2013-01-17","USD","27.38"
"Health:Medical","2013-01-18","2013-01-18","2013-01-18","USD","0"
"Health:Medical","2013-01-19","2013-01-19","2013-01-19","USD","0"
"Health:Medical","2013-01-20","2013-01-20","2013-01-20","USD","0"
"Health:Medical","2013-01-21","2013-01-21","2013-01-21","USD","0"
"Health:Medical","2013-01-22","2013-01-22","2013-01-22","USD","0"
"Health:Medical","2013-01-23","2013-01-23","2013-01-23","USD","0"
"Health:Medical","2013-01-24","2013-01-24","2013-01-24","USD","0"
"Health:Medical","2013-01-25","2013-01-25","2013-01-25","USD","0"
"Health:Medical","2013-01-26","2013-01-26","2013-01-26","USD","0"
"Health:Medical","2013-01-27","2013-01-27","2013-01-27","USD","0"
"Health:Medical","2013-01-28","2013-01-28","2013-01-28","USD","0"
"Health:Medical","2013-01-29","2013-01-29","2013-01-29","USD","0"
"Health:Medical","2013-01-30","2013-01-30","2013-01-30","USD","0"
"Health:Medical","2013-01-31","2013-01-31","2013-01-31","USD","27.38"
"Health:Medical","2013-02-01","2013-02-01","2013-02-01","USD","0"
"Health:Medical","2013-02-02","2013-02-02","2013-02-02","USD","0"
"Health:Medical","2013-02-03","2013-02-03","2013-02-03","USD","0"
"Health:Medical","2013-02-04","2013-02-04","2013-02-04","USD","0"
"Health:Medical","2013-02-05","2013-02-05","2013-02-05","USD","0"
"Health:Medical","2013-02-06","2013-02-06","2013-02-06","USD","0"
"Health:Medical","2013-02-07","2013-02-07","2013-02-07","USD","0"
"Health:Medical","2013-02-08","2013-02-08","2013-02-08","USD","0"
"Health:Medical","2013-02-09","2013-02-09","2013-02-09","USD","0"
"Health:Medical","2013-02-10","2013-02-10","2013-02-10","USD","0"
"Health:Medical","2013-02-11","2013-02-11","2013-02-11","USD","0"
"Health:Medical","2013-02-12","2013-02-12","2013-02-12","USD","0"
"Health:Medical","2013-02-13","2013-02-13","2013-02-13","USD","0"
"Health:Medical","2013-02-14","2013-02-14","2013-02-14","USD","27.38"
"Health:Medical","2013-02-15","2013-02-15","2013-02-15","USD","0"
"Health:Medical","2013-02-16","2013-02-16","2013-02-16","USD","0"
"Health:Medical","2013-02-17","2013-02-17","2013-02-17","USD","0"
"Health:Medical","2013-02-18","2013-02-18","2013-02-18","USD","0"
"Health:Medical","2013-02-19","2013-02-19","2013-02-19","USD","0"
"Health:Medical","2013-02-20","2013-02-20","2013-02-20","USD","0"
"Health:Medical","2013-02-21","2013-02-21","2013-02-21","USD","0"
"Health:Medical","2013-02-22","2013-02-22","2013-02-22","USD","0"
"Health:Medical","2013-02-23","2013-02-23","2013-02-23","USD","0"
"Health:Medical","2013-02-24","2013-02-24","2013-02-24","USD","0"
"Health:Medical","2013-02-25","2013-02-25","2013-02-25","USD","0"
"Health:Medical","2013-02-26","2013-02-26","2013-02-26","USD","0"
"Health:Medical","2013-02-27","2013-02-27","2013-02-27","USD","0"
"Health:Medical","2013-02-28","2013-02-28","2013-02-28","USD","27.38"
"Health:Medical","2013-03-01","2013-03-01","2013-03-01","USD","0"
"Health:Medical","2013-03-02","2013-03-02","2013-03-02","USD","0"
"Health:Medical","2013-03-03","2013-03-03","2013-03-03","USD","0"
"Health:Medical","2013-03-04","2013-03-04","2013-03-04","USD","0"
"Health:Medical","2013-03-05","2013-03-05","2013-03-05","USD","0"
"Health:Medical","2013-03-06","2013-03-06","2013-03-06","USD","0"
"Health:Medical","2013-03-07","2013-03-07","2013-03-07","USD","0"
"Health:Medical","2013-03-08","2013-03-08","2013-03-08","USD","0"
"Health:Medical","2013-03-09","2013-03-09","2013-03-09","USD","0"
"Health:Medical","2013-03-10","2013-03-10","2013-03-10","USD","0"
"Health:Medical","2013-03-11","2013-03-11","2013-03-11","USD","0"
"Health:Medical","2013-03-12","2013-03-12","2013-03-12","USD","0"
"Health:Medical","2013-03-13","2013-03-13","2013-03-13","USD","0"
"Health:Medical","2013-03-14","2013-03-14","2013-03-14","USD","27.38"
"Health:Medical","2013-03-15","2013-03-15","2013-03-15","USD","0"
"Health:Medical","2013-03-16","2013-03-16","2013-03-16","USD","0"
"Health:Medical","2013-03-17","2013-03-17","2013-03-17","USD","0"
"Health:Medical","2013-03-18","2013-03-18","2013-03-18","USD","0"
"Health:Medical","2013-03-19","2013-03-19","2013-03-19","USD","0"
"Health:Medical","2013-03-20","2013-03-20","2013-03-20","USD","0"
"Health:Medical","2013-03-21","2013-03-21","2013-03-21","USD","0"
"Health:Medical","2013-03-22","2013-03-22","2013-03-22","USD","0"
"Health:Medical","2013-03-23","2013-03-23","2013-03-23","USD","0"
"Health:Medical","2013-03-24","2013-03-24","2013-03-24","USD","0"
"Health:Medical","2013-03-25","2013-03-25","2013-03-25","USD","0"
"Health:Medical","2013-03-26","2013-03-26","2013-03-26","USD","0"
"Health:Medical","2013-03-27","2013-03-27","2013-03-27","USD","0"
"Health:Medical","2013-03-28","2013-03-28","2013-03-28","USD","27.38"
"Health:Medical","2013-03-29","2013-03-29","2013-03-29","USD","0"
"Health:Medical","2013-03-30","2013-03-30","2013-03-30","USD","0"
"Health:Medical","2013-03-31","2013-03-31","2013-03-31","USD","0"
"Health:Medical","2013-04-01","2013-04-01","2013-04-01","USD","0"
"Health:Medical","2013-04-02","2013-04-02","2013-04-02","USD","0"
"Health:Medical","2013-04-03","2013-04-03","2013-04-03","USD","0"
"Health:Medical","2013-04-04","2013-04-04","2013-04-04","USD","0"
"Health:Medical","2013-04-05","2013-04-05","2013-04-05","USD","0"
"Health:Medical","2013-04-06","2013-04-06","2013-04-06","USD","0"
"Health:Medical","2013-04-07","2013-04-07","2013-04-07","USD","0"
"Health:Medical","2013-04-08","2013-04-08","2013-04-08","USD","0"
"Health:Medical","2013-04-09","2013-04-09","2013-04-09","USD","0"
"Health:Medical","2013-04-10","2013-04-10","2013-04-10","USD","0"
"Health:Medical","2013-04-11","2013-04-11","2013-04-11","USD","27.38"
"Health:Medical","2013-04-12","2013-04-12","2013-04-12","USD","0"
"Health:Medical","2013-04-13","2013-04-13","2013-04-13","USD","0"
"Health:Medical","2013-04-14","2013-04-14","2013-04-14","USD","0"
"Health:Medical","2013-04-15","2013-04-15","2013-04-15","USD","0"
"Health:Medical","2013-04-16","2013-04-16","2013-04-16","USD","0"
"Health:Medical","2013-04-17","2013-04-17","2013-04-17","USD","0"
"Health:Medical","2013-04-18","2013-04-18","2013-04-18","USD","0"
"Health:Medical","2013-04-19","2013-04-19","2013-04-19","USD","0"
"Health:Medical","2013-04-20","2013-04-20","2013-04-20","USD","0"
"Health:Medical","2013-04-21","2013-04-21","2013-04-21","USD","0"
"Health:Medical","2013-04-22","2013-04-22","2013-04-22","USD","0"
"Health:Medical","2013-04-23","2013-04-23","2013-04-23","USD","0"
"Health:Medical","2013-04-24","2013-04-24","2013-04-24","USD","0"
"Health:Medical","2013-04-25","2013-04-25","2013-04-25","USD","27.38"
"Health:Medical","2013-04-26","2013-04-26","2013-04-26","USD","0"
"Health:Medical","2013-04-27","2013-04-27","2013-04-27","USD","0"
"Health:Medical","2013-04-28","2013-04-28","2013-04-28","USD","0"
"Health:Medical","2013-04-29","2013-04-29","2013-04-29","USD","0"
"Health:Medical","2013-04-30","2013-04-30","2013-04-30","USD","0"
"Health:Medical","2013-05-01","2013-05-01","2013-05-01","USD","0"
"Health:Medical","2013-05-02","2013-05-02","2013-05-02","USD","0"
"Health:Medical","2013-05-03","2013-05-03","2013-05-03","USD","0"
"Health:Medical","2013-05-04","2013-05-04","2013-05-04","USD","0"
"Health:Medical","2013-05-05","2013-05-05","2013-05-05","USD","0"
"Health:Medical","2013-05-06","2013-05-06","2013-05-06","USD","0"
"Health:Medical","2013-05-07","2013-05-07","2013-05-07","USD","0"
"Health:Medical","2013-05-08","2013-05-08","2013-05-08","USD","0"
"Health:Medical","2013-05-09","2013-05-09","2013-05-09","USD","27.38"
"Health:Medical","2013-05-10","2013-05-10","2013-05-10","USD","0"
"Health:Medical","2013-05-11","2013-05-11","2013-05-11","USD","0"
"Health:Medical","2013-05-12","2013-05-12","2013-05-12","USD","0"
"Health:Medical","2013-05-13","2013-05-13","2013-05-13","USD","0"
"Health:Medical","2013-05-14","2013-05-14","2013-05-14","USD","0"
"Health:Medical","2013-05-15","2013-05-15","2013-05-15","USD","0"
"Health:Medical","2013-05-16","2013-05-16","2013-05-16","USD","0"
"Health:Medical","2013-05-17","2013-05-17","2013-05-17","USD","0"
"Health:Medical","2013-05-18","2013-05-18","2013-05-18","USD","0"
"Health:Medical","2013-05-19","2013-05-19","2013-05-19","USD","0"
"Health:Medical","2013-05-20","2013-05-20","2013-05-20","USD","0"
"Health:Medical","2013-05-21","2013-05-21","2013-05-21","USD","0"
"Health:Medical","2013-05-22","2013-05-22","2013-05-22","USD","0"
"Health:Medical","2013-05-23","2013-05-23","2013-05-23","USD","27.38"
"Health:Medical","2013-05-24","2013-05-24","2013-05-24","USD","0"
"Health:Medical","2013-05-25","2013-05-25","2013-05-25","USD","0"
"Health:Medical","2013-05-26","2013-05-26","2013-05-26","USD","0"
"Health:Medical","2013-05-27","2013-05-27","2013-05-27","USD","0"
"Health:Medical","2013-05-28","2013-05-28","2013-05-28","USD","0"
"Health:Medical","2013-05-29","2013-05-29","2013-05-29","USD","0"
"Health:Medical","2013-05-30","2013-05-30","2013-05-30","USD","0"
"Health:Medical","2013-05-31","2013-05-31","2013-05-31","USD","0"
"Health:Medical","2013-06-01","2013-06-01","2013-06-01","USD","0"
"Health:Medical","2013-06-02","2013-06-02","2013-06-02","USD","0"
"Health:Medical","2013-06-03","2013-06-03","2013-06-03","USD","0"
"Health:Medical","2013-06-04","2013-06-04","2013-06-04","USD","0"
"Health:Medical","2013-06-05","2013-06-05","2013-06-05","USD","0"
"Health:Medical","2013-06-06","2013-06-06","2013-06-06","USD","27.38"
"Health:Medical","2013-06-07","2013-06-07","2013-06-07","USD","0"
"Health:Medical","2013-06-08","2013-06-08","2013-06-08","USD","0"
"Health:Medical","2013-06-09","2013-06-09","2013-06-09","USD","0"
"Health:Medical","2013-06-10","2013-06-10","2013-06-10","USD","0"
"Health:Medical","2013-06-11","2013-06-11","2013-06-11","USD","0"
"Health:Medical","2013-06-12","2013-06-12","2013-06-12","USD","0"
"Health:Medical","2013-06-13","2013-06-13","2013-06-13","USD","0"
"Health:Medical","2013-06-14","2013-06-14","2013-06-14","USD","0"
"Health:Medical","2013-06-15","2013-06-15","2013-06-15","USD","0"
"Health:Medical","2013-06-16","2013-06-16","2013-06-16","USD","0"
"Health:Medical","2013-06-17","2013-06-17","2013-06-17","USD","0"
"Health:Medical","2013-06-18","2013-06-18","2013-06-18","USD","0"
"Health:Medical","2013-06-19","2013-06-19","2013-06-19","USD","0"
"Health:Medical","2013-06-20","2013-06-20","2013-06-20","USD","27.38"
"Health:Medical","2013-06-21","2013-06-21","2013-06-21","USD","0"
"Health:Medical","2013-06-22","2013-06-22","2013-06-22","USD","0"
"Health:Medical","2013-06-23","2013-06-23","2013-06-23","USD","0"
"Health:Medical","2013-06-24","2013-06-24","2013-06-24","USD","0"
"Health:Medical","2013-06-25","2013-06-25","2013-06-25","USD","0"
"Health:Medical","2013-06-26","2013-06-26","2013-06-26","USD","0"
"Health:Medical","2013-06-27","2013-06-27","2013-06-27","USD","0"
"Health:Medical","2013-06-28","2013-06-28","2013-06-28","USD","0"
"Health:Medical","2013-06-29","2013-06-29","2013-06-29","USD","0"
"Health:Medical","2013-06-30","2013-06-30","2013-06-30","USD","0"
"Health:Medical","2013-07-01","2013-07-01","2013-07-01","USD","0"
"Health:Medical","2013-07-02","2013-07-02","2013-07-02","USD","0"
"Health:Medical","2013-07-03","2013-07-03","2013-07-03","USD","0"
"Health:Medical","2013-07-04","2013-07-04","2013-07-04","USD","27.38"
"Health:Medical","2013-07-05","2013-07-05","2013-07-05","USD","0"
"Health:Medical","2013-07-06","2013-07-06","2013-07-06","USD","0"
"Health:Medical","2013-07-07","2013-07-07","2013-07-07","USD","0"
"Health:Medical","2013-07-08","2013-07-08","2013-07-08","USD","0"
"Health:Medical","2013-07-09","2013-07-09","2013-07-09","USD","0"
"Health:Medical","2013-07-10","2013-07-10","2013-07-10","USD","0"
"Health:Medical","2013-07-11","2013-07-11","2013-07-11","USD","0"
"Health:Medical","2013-07-12","2013-07-12","2013-07-12","USD","0"
"Health:Medical","2013-07-13","2013-07-13","2013-07-13","USD","0"
"Health:Medical","2013-07-14","2013-07-14","2013-07-14","USD","0"
"Health:Medical","2013-07-15","2013-07-15","2013-07-15","USD","0"
"Health:Medical","2013-07-16","2013-07-16","2013-07-16","USD","0"
"Health:Medical","2013-07-17","2013-07-17","2013-07-17","USD","0"
"Health:Medical","2013-07-18","2013-07-18","2013-07-18","USD","27.38"
"Health:Medical","2013-07-19","2013-07-19","2013-07-19","USD","0"
"Health:Medical","2013-07-20","2013-07-20","2013-07-20","USD","0"
"Health:Medical","2013-07-21","2013-07-21","2013-07-21","USD","0"
"Health:Medical","2013-07-22","2013-07-22","2013-07-22","USD","0"
"Health:Medical","2013-07-23","2013-07-23","2013-07-23","USD","0"
"Health:Medical","2013-07-24","2013-07-24","2013-07-24","USD","0"
"Health:Medical","2013-07-25","2013-07-25","2013-07-25","USD","0"
"Health:Medical","2013-07-26","2013-07-26","2013-07-26","USD","0"
"Health:Medical","2013-07-27","2013-07-27","2013-07-27","USD","0"
"Health:Medical","2013-07-28","2013-07-28","2013-07-28","USD","0"
"Health:Medical","2013-07-29","2013-07-29","2013-07-29","USD","0"
"Health:Medical","2013-07-30","2013-07-30","2013-07-30","USD","0"
"Health:Medical","2013-07-31","2013-07-31","2013-07-31","USD","0"
"Health:Medical","2013-08-01","2013-08-01","2013-08-01","USD","27.38"
"Health:Medical","2013-08-02","2013-08-02","2013-08-02","USD","0"
"Health:Medical","2013-08-03","2013-08-03","2013-08-03","USD","0"
"Health:Medical","2013-08-04","2013-08-04","2013-08-04","USD","0"
"Health:Medical","2013-08-05","2013-08-05","2013-08-05","USD","0"
"Health:Medical","2013-08-06","2013-08-06","2013-08-06","USD","0"
"Health:Medical","2013-08-07","2013-08-07","2013-08-07","USD","0"
"Health:Medical","2013-08-08","2013-08-08","2013-08-08","USD","0"
"Health:Medical","2013-08-09","2013-08-09","2013-08-09","USD","0"
"Health:Medical","2013-08-10","2013-08-10","2013-08-10","USD","0"
"Health:Medical","2013-08-11","2013-08-11","2013-08-11","USD","0"
"Health:Medical","2013-08-12","2013-08-12","2013-08-12","USD","0"
"Health:Medical","2013-08-13","2013-08-13","2013-08-13","USD","0"
"Health:Medical","2013-08-14","2013-08-14","2013-08-14","USD","0"
"Health:Medical","2013-08-15","2013-08-15","2013-08-15","USD","27.38"
"Health:Medical","2013-08-16","2013-08-16","2013-08-16","USD","0"
"Health:Medical","2013-08-17","2013-08-17","2013-08-17","USD","0"
"Health:Medical","2013-08-18","2013-08-18","2013-08-18","USD","0"
"Health:Medical","2013-08-19","2013-08-19","2013-08-19","USD","0"
"Health:Medical","2013-08-20","2013-08-20","2013-08-20","USD","0"
"Health:Medical","2013-08-21","2013-08-21","2013-08-21","USD","0"
"Health:Medical","2013-08-22","2013-08-22","2013-08-22","USD","0"
"Health:Medical","2013-08-23","2013-08-23","2013-08-23","USD","0"
"Health:Medical","2013-08-24","2013-08-24","2013-08-24","USD","0"
"Health:Medical","2013-08-25","2013-08-25","2013-08-25","USD","0"
"Health:Medical","2013-08-26","2013-08-26","2013-08-26","USD","0"
"Health:Medical","2013-08-27","2013-08-27","2013-08-27","USD","0"
"Health:Medical","2013-08-28","2013-08-28","2013-08-28","USD","0"
"Health:Medical","2013-08-29","2013-08-29","2013-08-29","USD","27.38"
"Health:Medical","2013-08-30","2013-08-30","2013-08-30","USD","0"
"Health:Medical","2013-08-31","2013-08-31","2013-08-31","USD","0"
"Health:Medical","2013-09-01","2013-09-01","2013-09-01","USD","0"
"Health:Medical","2013-09-02","2013-09-02","2013-09-02","USD","0"
"Health:Medical","2013-09-03","2013-09-03","2013-09-03","USD","0"
"Health:Medical","2013-09-04","2013-09-04","2013-09-04","USD","0"
"Health:Medical","2013-09-05","2013-09-05","2013-09-05","USD","0"
"Health:Medical","2013-09-06","2013-09-06","2013-09-06","USD","0"
"Health:Medical","2013-09-07","2013-09-07","2013-09-07","USD","0"
"Health:Medical","2013-09-08","2013-09-08","2013-09-08","USD","0"
"Health:Medical","2013-09-09","2013-09-09","2013-09-09","USD","0"
"Health:Medical","2013-09-10","2013-09-10","2013-09-10","USD","0"
"Health:Medical","2013-09-11","2013-09-11","2013-09-11","USD","0"
"Health:Medical","2013-09-12","2013-09-12","2013-09-12","USD","27.38"
"Health:Medical","2013-09-13","2013-09-13","2013-09-13","USD","0"
"Health:Medical","2013-09-14","2013-09-14","2013-09-14","USD","0"
"Health:Medical","2013-09-15","2013-09-15","2013-09-15","USD","0"
"Health:Medical","2013-09-16","2013-09-16","2013-09-16","USD","0"
"Health:Medical","2013-09-17","2013-09-17","2013-09-17","USD","0"
"Health:Medical","2013-09-18","2013-09-18","2013-09-18","USD","0"
"Health:Medical","2013-09-19","2013-09-19","2013-09-19","USD","0"
"Health:Medical","2013-09-20","2013-09-20","2013-09-20","USD","0"
"Health:Medical","2013-09-21","2013-09-21","2013-09-21","USD","0"
"Health:Medical","2013-09-22","2013-09-22","2013-09-22","USD","0"
"Health:Medical","2013-09-23","2013-09-23","2013-09-23","USD","0"
"Health:Medical","2013-09-24","2013-09-24","2013-09-24","USD","0"
"Health:Medical","2013-09-25","2013-09-25","2013-09-25","USD","0"
"Health:Medical","2013-09-26","2013-09-26","2013-09-26","USD","27.38"
"Health:Medical","2013-09-27","2013-09-27","2013-09-27","USD","0"
"Health:Medical","2013-09-28","2013-09-28","2013-09-28","USD","0"
"Health:Medical","2013-09-29","2013-09-29","2013-09-29","USD","0"
"Health:Medical","2013-09-30","2013-09-30","2013-09-30","USD","0"
"Health:Medical","2013-10-01","2013-10-01","2013-10-01","USD","0"
"Health:Medical","2013-10-02","2013-10-02","2013-10-02","USD","0"
"Health:Medical","2013-10-03","2013-10-03","2013-10-03","USD","0"
"Health:Medical","2013-10-04","2013-10-04","2013-10-04","USD","0"
"Health:Medical","2013-10-05","2013-10-05","2013-10-05","USD","0"
"Health:Medical","2013-10-06","2013-10-06","2013-10-06","USD","0"
"Health:Medical","2013-10-07","2013-10-07","2013-10-07","USD","0"
"Health:Medical","2013-10-08","2013-10-08","2013-10-08","USD","0"
"Health:Medical","2013-10-09","2013-10-09","2013-10-09","USD","0"
"Health:Medical","2013-10-10","2013-10-10","2013-10-10","USD","27.38"
"Health:Medical","2013-10-11","2013-10-11","2013-10-11","USD","0"
"Health:Medical","2013-10-12","2013-10-12","2013-10-12","USD","0"
"Health:Medical","2013-10-13","2013-10-13","2013-10-13","USD","0"
"Health:Medical","2013-10-14","2013-10-14","2013-10-14","USD","0"
"Health:Medical","2013-10-15","2013-10-15","2013-10-15","USD","0"
"Health:Medical","2013-10-16","2013-10-16","2013-10-16","USD","0"
"Health:Medical","2013-10-17","2013-10-17","2013-10-17","USD","0"
"Health:Medical","2013-10-18","2013-10-18","2013-10-18","USD","0"
"Health:Medical","2013-10-19","2013-10-19","2013-10-19","USD","0"
"Health:Medical","2013-10-20","2013-10-20","2013-10-20","USD","0"
"Health:Medical","2013-10-21","2013-10-21","2013-10-21","USD","0"
"Health:Medical","2013-10-22","2013-10-22","2013-10-22","USD","0"
"Health:Medical","2013-10-23","2013-10-23","2013-10-23","USD","0"
"Health:Medical","2013-10-24","2013-10-24","2013-10-24","USD","27.38"
"Health:Medical","2013-10-25","2013-10-25","2013-10-25","USD","0"
"Health:Medical","2013-10-26","2013-10-26","2013-10-26","USD","0"
"Health:Medical","2013-10-27","2013-10-27","2013-10-27","USD","0"
"Health:Medical","2013-10-28","2013-10-28","2013-10-28","USD","0"
"Health:Medical","2013-10-29","2013-10-29","2013-10-29","USD","0"
"Health:Medical","2013-10-30","2013-10-30","2013-10-30","USD","0"
"Health:Medical","2013-10-31","2013-10-31","2013-10-31","USD","0"
"Health:Medical","2013-11-01","2013-11-01","2013-11-01","USD","0"
"Health:Medical","2013-11-02","2013-11-02","2013-11-02","USD","0"
"Health:Medical","2013-11-03","2013-11-03","2013-11-03","USD","0"
"Health:Medical","2013-11-04","2013-11-04","2013-11-04","USD","0"
"Health:Medical","2013-11-05","2013-11-05","2013-11-05","USD","0"
"Health:Medical","2013-11-06","2013-11-06","2013-11-06","USD","0"
"Health:Medical","2013-11-07","2013-11-07","2013-11-07","USD","27.38"
"Health:Medical","2013-11-08","2013-11-08","2013-11-08","USD","0"
"Health:Medical","2013-11-09","2013-11-09","2013-11-09","USD","0"
"Health:Medical","2013-11-10","2013-11-10","2013-11-10","USD","0"
"Health:Medical","2013-11-11","2013-11-11","2013-11-11","USD","0"
"Health:Medical","2013-11-12","2013-11-12","2013-11-12","USD","0"
"Health:Medical","2013-11-13","2013-11-13","2013-11-13","USD","0"
"Health:Medical","2013-11-14","2013-11-14","2013-11-14","USD","0"
"Health:Medical","2013-11-15","2013-11-15","2013-11-15","USD","0"
"Health:Medical","2013-11-16","2013-11-16","2013-11-16","USD","0"
"Health:Medical","2013-11-17","2013-11-17","2013-11-17","USD","0"
"Health:Medical","2013-11-18","2013-11-18","2013-11-18","USD","0"
"Health:Medical","2013-11-19","2013-11-19","2013-11-19","USD","0"
"Health:Medical","2013-11-20","2013-11-20","2013-11-20","USD","0"
"Health:Medical","2013-11-21","2013-11-21","2013-11-21","USD","27.38"
"Health:Medical","2013-11-22","2013-11-22","2013-11-22","USD","0"
"Health:Medical","2013-11-23","2013-11-23","2013-11-23","USD","0"
"Health:Medical","2013-11-24","2013-11-24","2013-11-24","USD","0"
"Health:Medical","2013-11-25","2013-11-25","2013-11-25","USD","0"
"Health:Medical","2013-11-26","2013-11-26","2013-11-26","USD","0"
"Health:Medical","2013-11-27","2013-11-27","2013-11-27","USD","0"
"Health:Medical","2013-11-28","2013-11-28","2013-11-28","USD","0"
"Health:Medical","2013-11-29","2013-11-29","2013-11-29","USD","0"
"Health:Medical","2013-11-30","2013-11-30","2013-11-30","USD","0"
"Health:Medical","2013-12-01","2013-12-01","2013-12-01","USD","0"
"Health:Medical","2013-12-02","2013-12-02","2013-12-02","USD","0"
"Health:Medical","2013-12-03","2013-12-03","2013-12-03","USD","0"
"Health:Medical","2013-12-04","2013-12-04","2013-12-04","USD","0"
"Health:Medical","2013-12-05","2013-12-05","2013-12-05","USD","27.38"
"Health:Medical","2013-12-06","2013-12-06","2013-12-06","USD","0"
"Health:Medical","2013-12-07","2013-12-07","2013-12-07","USD","0"
"Health:Medical","2013-12-08","2013-12-08","2013-12-08","USD","0"
"Health:Medical","2013-12-09","2013-12-09","2013-12-09","USD","0"
"Health:Medical","2013-12-10","2013-12-10","2013-12-10","USD","0"
"Health:Medical","2013-12-11","2013-12-11","2013-12-11","USD","0"
"Health:Medical","2013-12-12","2013-12-12","2013-12-12","USD","0"
"Health:Medical","2013-12-13","2013-12-13","2013-12-13","USD","0"
"Health:Medical","2013-12-14","2013-12-14","2013-12-14","USD","0"
"Health:Medical","2013-12-15","2013-12-15","2013-12-15","USD","0"
"Health:Medical","2013-12-16","2013-12-16","2013-12-16","USD","0"
"Health:Medical","2013-12-17","2013-12-17","2013-12-17","USD","0"
"Health:Medical","2013-12-18","2013-12-18","2013-12-18","USD","0"
"Health:Medical","2013-12-19","2013-12-19","2013-12-19","USD","27.38"
"Health:Medical","2013-12-20","2013-12-20","2013-12-20","USD","0"
"Health:Medical","2013-12-21","2013-12-21","2013-12-21","USD","0"
"Health:Medical","2013-12-22","2013-12-22","2013-12-22","USD","0"
"Health:Medical","2013-12-23","2013-12-23","2013-12-23","USD","0"
"Health:Medical","2013-12-24","2013-12-24","2013-12-24","USD","0"
"Health:Medical","2013-12-25","2013-12-25","2013-12-25","USD","0"
"Health:Medical","2013-12-26","2013-12-26","2013-12-26","USD","0"
"Health:Medical","2013-12-27","2013-12-27","2013-12-27","USD","0"
"Health:Medical","2013-12-28","2013-12-28","2013-12-28","USD","0"
"Health:Medical","2013-12-29","2013-12-29","2013-12-29","USD","0"
"Health:Medical","2013-12-30","2013-12-30","2013-12-30","USD","0"
"Health:Medical","2013-12-31","2013-12-31","2013-12-31","USD","0"
"Health:Medical","2014-01-01","2014-01-01","2014-01-01","USD","0"
"Health:Medical","2014-01-02","2014-01-02","2014-01-02","USD","27.38"
"Health:Medical","2014-01-03","2014-01-03","2014-01-03","USD","0"
"Health:Medical","2014-01-04","2014-01-04","2014-01-04","USD","0"
"Health:Medical","2014-01-05","2014-01-05","2014-01-05","USD","0"
"Health:Medical","2014-01-06","2014-01-06","2014-01-06","USD","0"
"Health:Medical","2014-01-07","2014-01-07","2014-01-07","USD","0"
"Health:Medical","2014-01-08","2014-01-08","2014-01-08","USD","0"
"Health:Medical","2014-01-09","2014-01-09","2014-01-09","USD","0"
"Health:Medical","2014-01-10","2014-01-10","2014-01-10","USD","0"
"Health:Medical","2014-01-11","2014-01-11","2014-01-11","USD","0"
"Health:Medical","2014-01-12","2014-01-12","2014-01-12","USD","0"
"Health:Medical","2014-01-13","2014-01-13","2014-01-13","USD","0"
"Health:Medical","2014-01-14","2014-01-14","2014-01-14","USD","0"
"Health:Medical","2014-01-15","2014-01-15","2014-01-15","USD","0"
"Health:Medical","2014-01-16","2014-01-16","2014-01-16","USD","27.38"
"Health:Medical","2014-01-17","2014-01-17","2014-01-17","USD","0"
"Health:Medical","2014-01-18","2014-01-18","2014-01-18","USD","0"
"Health:Medical","2014-01-19","2014-01-19","2014-01-19","USD","0"
"Health:Medical","2014-01-20","2014-01-20","2014-01-20","USD","0"
"Health:Medical","2014-01-21","2014-01-21","2014-01-21","USD","0"
"Health:Medical","2014-01-22","2014-01-22","2014-01-22","USD","0"
"Health:Medical","2014-01-23","2014-01-23","2014-01-23","USD","0"
"Health:Medical","2014-01-24","2014-01-24","2014-01-24","USD","0"
"Health:Medical","2014-01-25","2014-01-25","2014-01-25","USD","0"
"Health:Medical","2014-01-26","2014-01-26","2014-01-26","USD","0"
"Health:Medical","2014-01-27","2014-01-27","2014-01-27","USD","0"
"Health:Medical","2014-01-28","2014-01-28","2014-01-28","USD","0"
"Health:Medical","2014-01-29","2014-01-29","2014-01-29","USD","0"
"Health:Medical","2014-01-30","2014-01-30","2014-01-30","USD","27.38"
"Health:Medical","2014-01-31","2014-01-31","2014-01-31","USD","0"
"Health:Medical","2014-02-01","2014-02-01","2014-02-01","USD","0"
"Health:Medical","2014-02-02","2014-02-02","2014-02-02","USD","0"
"Health:Medical","2014-02-03","2014-02-03","2014-02-03","USD","0"
"Health:Medical","2014-02-04","2014-02-04","2014-02-04","USD","0"
"Health:Medical","2014-02-05","2014-02-05","2014-02-05","USD","0"
"Health:Medical","2014-02-06","2014-02-06","2014-02-06","USD","0"
"Health:Medical","2014-02-07","2014-02-07","2014-02-07","USD","0"
"Health:Medical","2014-02-08","2014-02-08","2014-02-08","USD","0"
"Health:Medical","2014-02-09","2014-02-09","2014-02-09","USD","0"
"Health:Medical","2014-02-10","2014-02-10","2014-02-10","USD","0"
"Health:Medical","2014-02-11","2014-02-11","2014-02-11","USD","0"
"Health:Medical","2014-02-12","2014-02-12","2014-02-12","USD","0"
"Health:Medical","2014-02-13","2014-02-13","2014-02-13","USD","27.38"
"Health:Medical","2014-02-14","2014-02-14","2014-02-14","USD","0"
"Health:Medical","2014-02-15","2014-02-15","2014-02-15","USD","0"
"Health:Medical","2014-02-16","2014-02-16","2014-02-16","USD","0"
"Health:Medical","2014-02-17","2014-02-17","2014-02-17","USD","0"
"Health:Medical","2014-02-18","2014-02-18","2014-02-18","USD","0"
"Health:Medical","2014-02-19","2014-02-19","2014-02-19","USD","0"
"Health:Medical","2014-02-20","2014-02-20","2014-02-20","USD","0"
"Health:Medical","2014-02-21","2014-02-21","2014-02-21","USD","0"
"Health:Medical","2014-02-22","2014-02-22","2014-02-22","USD","0"
"Health:Medical","2014-02-23","2014-02-23","2014-02-23","USD","0"
"Health:Medical","2014-02-24","2014-02-24","2014-02-24","USD","0"
"Health:Medical","2014-02-25","2014-02-25","2014-02-25","USD","0"
"Health:Medical","2014-02-26","2014-02-26","2014-02-26","USD","0"
"Health:Medical","2014-02-27","2014-02-27","2014-02-27","USD","27.38"
"Health:Medical","2014-02-28","2014-02-28","2014-02-28","USD","0"
"Health:Medical","2014-03-01","2014-03-01","2014-03-01","USD","0"
"Health:Medical","2014-03-02","2014-03-02","2014-03-02","USD","0"
"Health:Medical","2014-03-03","2014-03-03","2014-03-03","USD","0"
"Health:Medical","2014-03-04","2014-03-04","2014-03-04","USD","0"
"Health:Medical","2014-03-05","2014-03-05","2014-03-05","USD","0"
"Health:Medical","2014-03-06","2014-03-06","2014-03-06","USD","0"
"Health:Medical","2014-03-07","2014-03-07","2014-03-07","USD","0"
"Health:Medical","2014-03-08","2014-03-08","2014-03-08","USD","0"
"Health:Medical","2014-03-09","2014-03-09","2014-03-09","USD","0"
"Health:Medical","2014-03-10","2014-03-10","2014-03-10","USD","0"
"Health:Medical","2014-03-11","2014-03-11","2014-03-11","USD","0"
"Health:Medical","2014-03-12","2014-03-12","2014-03-12","USD","0"
"Health:Medical","2014-03-13","2014-03-13","2014-03-13","USD","27.38"
"Health:Medical","2014-03-14","2014-03-14","2014-03-14","USD","0"
"Health:Medical","2014-03-15","2014-03-15","2014-03-15","USD","0"
"Health:Medical","2014-03-16","2014-03-16","2014-03-16","USD","0"
"Health:Medical","2014-03-17","2014-03-17","2014-03-17","USD","0"
"Health:Medical","2014-03-18","2014-03-18","2014-03-18","USD","0"
"Health:Medical","2014-03-19","2014-03-19","2014-03-19","USD","0"
"Health:Medical","2014-03-20","2014-03-20","2014-03-20","USD","0"
"Health:Medical","2014-03-21","2014-03-21","2014-03-21","USD","0"
"Health:Medical","2014-03-22","2014-03-22","2014-03-22","USD","0"
"Health:Medical","2014-03-23","2014-03-23","2014-03-23","USD","0"
"Health:Medical","2014-03-24","2014-03-24","2014-03-24","USD","0"
"Health:Medical","2014-03-25","2014-03-25","2014-03-25","USD","0"
"Health:Medical","2014-03-26","2014-03-26","2014-03-26","USD","0"
"Health:Medical","2014-03-27","2014-03-27","2014-03-27","USD","27.38"
"Health:Medical","2014-03-28","2014-03-28","2014-03-28","USD","0"
"Health:Medical","2014-03-29","2014-03-29","2014-03-29","USD","0"
"Health:Medical","2014-03-30","2014-03-30","2014-03-30","USD","0"
"Health:Medical","2014-03-31","2014-03-31","2014-03-31","USD","0"
"Health:Medical","2014-04-01","2014-04-01","2014-04-01","USD","0"
"Health:Medical","2014-04-02","2014-04-02","2014-04-02","USD","0"
"Health:Medical","2014-04-03","2014-04-03","2014-04-03","USD","0"
"Health:Medical","2014-04-04","2014-04-04","2014-04-04","USD","0"
"Health:Medical","2014-04-05","2014-04-05","2014-04-05","USD","0"
"Health:Medical","2014-04-06","2014-04-06","2014-04-06","USD","0"
"Health:Medical","2014-04-07","2014-04-07","2014-04-07","USD","0"
"Health:Medical","2014-04-08","2014-04-08","2014-04-08","USD","0"
"Health:Medical","2014-04-09","2014-04-09","2014-04-09","USD","0"
"Health:Medical","2014-04-10","2014-04-10","2014-04-10","USD","27.38"
"Health:Medical","2014-04-11","2014-04-11","2014-04-11","USD","0"
"Health:Medical","2014-04-12","2014-04-12","2014-04-12","USD","0"
"Health:Medical","2014-04-13","2014-04-13","2014-04-13","USD","0"
"Health:Medical","2014-04-14","2014-04-14","2014-04-14","USD","0"
"Health:Medical","2014-04-15","2014-04-15","2014-04-15","USD","0"
"Health:Medical","2014-04-16","2014-04-16","2014-04-16","USD","0"
"Health:Medical","2014-04-17","2014-04-17","2014-04-17","USD","0"
"Health:Medical","2014-04-18","2014-04-18","2014-04-18","USD","0"
"Health:Medical","2014-04-19","2014-04-19","2014-04-19","USD","0"
"Health:Medical","2014-04-20","2014-04-20","2014-04-20","USD","0"
"Health:Medical","2014-04-21","2014-04-21","2014-04-21","USD","0"
"Health:Medical","2014-04-22","2014-04-22","2014-04-22","USD","0"
"Health:Medical","2014-04-23","2014-04-23","2014-04-23","USD","0"
"Health:Medical","2014-04-24","2014-04-24","2014-04-24","USD","27.38"
"Health:Medical","2014-04-25","2014-04-25","2014-04-25","USD","0"
"Health:Medical","2014-04-26","2014-04-26","2014-04-26","USD","0"
"Health:Medical","2014-04-27","2014-04-27","2014-04-27","USD","0"
"Health:Medical","2014-04-28","2014-04-28","2014-04-28","USD","0"
"Health:Medical","2014-04-29","2014-04-29","2014-04-29","USD","0"
"Health:Medical","2014-04-30","2014-04-30","2014-04-30","USD","0"
"Health:Medical","2014-05-01","2014-05-01","2014-05-01","USD","0"
"Health:Medical","2014-05-02","2014-05-02","2014-05-02","USD","0"
"Health:Medical","2014-05-03","2014-05-03","2014-05-03","USD","0"
"Health:Medical","2014-05-04","2014-05-04","2014-05-04","USD","0"
"Health:Medical","2014-05-05","2014-05-05","2014-05-05","USD","0"
"Health:Medical","2014-05-06","2014-05-06","2014-05-06","USD","0"
"Health:Medical","2014-05-07","2014-05-07","2014-05-07","USD","0"
"Health:Medical","2014-05-08","2014-05-08","2014-05-08","USD","27.38"
"Health:Medical","2014-05-09","2014-05-09","2014-05-09","USD","0"
"Health:Medical","2014-05-10","2014-05-10","2014-05-10","USD","0"
"Health:Medical","2014-05-11","2014-05-11","2014-05-11","USD","0"
"Health:Medical","2014-05-12","2014-05-12","2014-05-12","USD","0"
"Health:Medical","2014-05-13","2014-05-13","2014-05-13","USD","0"
"Health:Medical","2014-05-14","2014-05-14","2014-05-14","USD","0"
"Health:Medical","2014-05-15","2014-05-15","2014-05-15","USD","0"
"Health:Medical","2014-05-16","2014-05-16","2014-05-16","USD","0"
"Health:Medical","2014-05-17","2014-05-17","2014-05-17","USD","0"
"Health:Medical","2014-05-18","2014-05-18","2014-05-18","USD","0"
"Health:Medical","2014-05-19","2014-05-19","2014-05-19","USD","0"
"Health:Medical","2014-05-20","2014-05-20","2014-05-20","USD","0"
"Health:Medical","2014-05-21","2014-05-21","2014-05-21","USD","0"
"Health:Medical","2014-05-22","2014-05-22","2014-05-22","USD","27.38"
"Health:Medical","2014-05-23","2014-05-23","2014-05-23","USD","0"
"Health:Medical","2014-05-24","2014-05-24","2014-05-24","USD","0"
"Health:Medical","2014-05-25","2014-05-25","2014-05-25","USD","0"
"Health:Medical","2014-05-26","2014-05-26","2014-05-26","USD","0"
"Health:Medical","2014-05-27","2014-05-27","2014-05-27","USD","0"
"Health:Medical","2014-05-28","2014-05-28","2014-05-28","USD","0"
"Health:Medical","2014-05-29","2014-05-29","2014-05-29","USD","0"
"Health:Medical","2014-05-30","2014-05-30","2014-05-30","USD","0"
"Health:Medical","2014-05-31","2014-05-31","2014-05-31","USD","0"
"Health:Medical","2014-06-01","2014-06-01","2014-06-01","USD","0"
"Health:Medical","2014-06-02","2014-06-02","2014-06-02","USD","0"
"Health:Medical","2014-06-03","2014-06-03","2014-06-03","USD","0"
"Health:Medical","2014-06-04","2014-06-04","2014-06-04","USD","0"
"Health:Medical","2014-06-05","2014-06-05","2014-06-05","USD","27.38"
"Health:Medical","2014-06-06","2014-06-06","2014-06-06","USD","0"
"Health:Medical","2014-06-07","2014-06-07","2014-06-07","USD","0"
"Health:Medical","2014-06-08","2014-06-08","2014-06-08","USD","0"
"Health:Medical","2014-06-09","2014-06-09","2014-06-09","USD","0"
"Health:Medical","2014-06-10","2014-06-10","2014-06-10","USD","0"
"Health:Medical","2014-06-11","2014-06-11","2014-06-11","USD","0"
"Health:Medical","2014-06-12","2014-06-12","2014-06-12","USD","0"
"Health:Medical","2014-06-13","2014-06-13","2014-06-13","USD","0"
"Health:Medical","2014-06-14","2014-06-14","2014-06-14","USD","0"
"Health:Medical","2014-06-15","2014-06-15","2014-06-15","USD","0"
"Health:Medical","2014-06-16","2014-06-16","2014-06-16","USD","0"
"Health:Medical","2014-06-17","2014-06-17","2014-06-17","USD","0"
"Health:Medical","2014-06-18","2014-06-18","2014-06-18","USD","0"
"Health:Medical","2014-06-19","2014-06-19","2014-06-19","USD","27.38"
"Health:Medical","2014-06-20","2014-06-20","2014-06-20","USD","0"
"Health:Medical","2014-06-21","2014-06-21","2014-06-21","USD","0"
"Health:Medical","2014-06-22","2014-06-22","2014-06-22","USD","0"
"Health:Medical","2014-06-23","2014-06-23","2014-06-23","USD","0"
"Health:Medical","2014-06-24","2014-06-24","2014-06-24","USD","0"
"Health:Medical","2014-06-25","2014-06-25","2014-06-25","USD","0"
"Health:Medical","2014-06-26","2014-06-26","2014-06-26","USD","0"
"Health:Medical","2014-06-27","2014-06-27","2014-06-27","USD","0"
"Health:Medical","2014-06-28","2014-06-28","2014-06-28","USD","0"
"Health:Medical","2014-06-29","2014-06-29","2014-06-29","USD","0"
"Health:Medical","2014-06-30","2014-06-30","2014-06-30","USD","0"
"Health:Medical","2014-07-01","2014-07-01","2014-07-01","USD","0"
"Health:Medical","2014-07-02","2014-07-02","2014-07-02","USD","0"
"Health:Medical","2014-07-03","2014-07-03","2014-07-03","USD","27.38"
"Health:Medical","2014-07-04","2014-07-04","2014-07-04","USD","0"
"Health:Medical","2014-07-05","2014-07-05","2014-07-05","USD","0"
"Health:Medical","2014-07-06","2014-07-06","2014-07-06","USD","0"
"Health:Medical","2014-07-07","2014-07-07","2014-07-07","USD","0"
"Health:Medical","2014-07-08","2014-07-08","2014-07-08","USD","0"
"Health:Medical","2014-07-09","2014-07-09","2014-07-09","USD","0"
"Health:Medical","2014-07-10","2014-07-10","2014-07-10","USD","0"
"Health:Medical","2014-07-11","2014-07-11","2014-07-11","USD","0"
"Health:Medical","2014-07-12","2014-07-12","2014-07-12","USD","0"
"Health:Medical","2014-07-13","2014-07-13","2014-07-13","USD","0"
"Health:Medical","2014-07-14","2014-07-14","2014-07-14","USD","0"
"Health:Medical","2014-07-15","2014-07-15","2014-07-15","USD","0"
"Health:Medical","2014-07-16","2014-07-16","2014-07-16","USD","0"
"Health:Medical","2014-07-17","2014-07-17","2014-07-17","USD","27.38"
"Health:Medical","2014-07-18","2014-07-18","2014-07-18","USD","0"
"Health:Medical","2014-07-19","2014-07-19","2014-07-19","USD","0"
"Health:Medical","2014-07-20","2014-07-20","2014-07-20","USD","0"
"Health:Medical","2014-07-21","2014-07-21","2014-07-21","USD","0"
"Health:Medical","2014-07-22","2014-07-22","2014-07-22","USD","0"
"Health:Medical","2014-07-23","2014-07-23","2014-07-23","USD","0"
"Health:Medical","2014-07-24","2014-07-24","2014-07-24","USD","0"
"Health:Medical","2014-07-25","2014-07-25","2014-07-25","USD","0"
"Health:Medical","2014-07-26","2014-07-26","2014-07-26","USD","0"
"Health:Medical","2014-07-27","2014-07-27","2014-07-27","USD","0"
"Health:Medical","2014-07-28","2014-07-28","2014-07-28","USD","0"
"Health:Medical","2014-07-29","2014-07-29","2014-07-29","USD","0"
"Health:Medical","2014-07-30","2014-07-30","2014-07-30","USD","0"
"Health:Medical","2014-07-31","2014-07-31","2014-07-31","USD","27.38"
"Health:Medical","2014-08-01","2014-08-01","2014-08-01","USD","0"
"Health:Medical","2014-08-02","2014-08-02","2014-08-02","USD","0"
"Health:Medical","2014-08-03","2014-08-03","2014-08-03","USD","0"
"Health:Medical","2014-08-04","2014-08-04","2014-08-04","USD","0"
"Health:Medical","2014-08-05","2014-08-05","2014-08-05","USD","0"
"Health:Medical","2014-08-06","2014-08-06","2014-08-06","USD","0"
"Health:Medical","2014-08-07","2014-08-07","2014-08-07","USD","0"
"Health:Medical","2014-08-08","2014-08-08","2014-08-08","USD","0"
"Health:Medical","2014-08-09","2014-08-09","2014-08-09","USD","0"
"Health:Medical","2014-08-10","2014-08-10","2014-08-10","USD","0"
"Health:Medical","2014-08-11","2014-08-11","2014-08-11","USD","0"
"Health:Medical","2014-08-12","2014-08-12","2014-08-12","USD","0"
"Health:Medical","2014-08-13","2014-08-13","2014-08-13","USD","0"
"Health:Medical","2014-08-14","2014-08-14","2014-08-14","USD","27.38"
"Health:Medical","2014-08-15","2014-08-15","2014-08-15","USD","0"
"Health:Medical","2014-08-16","2014-08-16","2014-08-16","USD","0"
"Health:Medical","2014-08-17","2014-08-17","2014-08-17","USD","0"
"Health:Medical","2014-08-18","2014-08-18","2014-08-18","USD","0"
"Health:Medical","2014-08-19","2014-08-19","2014-08-19","USD","0"
"Health:Medical","2014-08-20","2014-08-20","2014-08-20","USD","0"
"Health:Medical","2014-08-21","2014-08-21","2014-08-21","USD","0"
"Health:Medical","2014-08-22","2014-08-22","2014-08-22","USD","0"
"Health:Medical","2014-08-23","2014-08-23","2014-08-23","USD","0"
"Health:Medical","2014-08-24","2014-08-24","2014-08-24","USD","0"
"Health:Medical","2014-08-25","2014-08-25","2014-08-25","USD","0"
"Health:Medical","2014-08-26","2014-08-26","2014-08-26","USD","0"
"Health:Medical","2014-08-27","2014-08-27","2014-08-27","USD","0"
"Health:Medical","2014-08-28","2014-08-28","2014-08-28","USD","27.38"
"Health:Medical","2014-08-29","2014-08-29","2014-08-29","USD","0"
"Health:Medical","2014-08-30","2014-08-30","2014-08-30","USD","0"
"Health:Medical","2014-08-31","2014-08-31","2014-08-31","USD","0"
"Health:Medical","2014-09-01","2014-09-01","2014-09-01","USD","0"
"Health:Medical","2014-09-02","2014-09-02","2014-09-02","USD","0"
"Health:Medical","2014-09-03","2014-09-03","2014-09-03","USD","0"
"Health:Medical","2014-09-04","2014-09-04","2014-09-04","USD","0"
"Health:Medical","2014-09-05","2014-09-05","2014-09-05","USD","0"
"Health:Medical","2014-09-06","2014-09-06","2014-09-06","USD","0"
"Health:Medical","2014-09-07","2014-09-07","2014-09-07","USD","0"
"Health:Medical","2014-09-08","2014-09-08","2014-09-08","USD","0"
"Health:Medical","2014-09-09","2014-09-09","2014-09-09","USD","0"
"Health:Medical","2014-09-10","2014-09-10","2014-09-10","USD","0"
"Health:Medical","2014-09-11","2014-09-11","2014-09-11","USD","27.38"
"Health:Medical","2014-09-12","2014-09-12","2014-09-12","USD","0"
"Health:Medical","2014-09-13","2014-09-13","2014-09-13","USD","0"
"Health:Medical","2014-09-14","2014-09-14","2014-09-14","USD","0"
"Health:Medical","2014-09-15","2014-09-15","2014-09-15","USD","0"
"Health:Medical","2014-09-16","2014-09-16","2014-09-16","USD","0"
"Health:Medical","2014-09-17","2014-09-17","2014-09-17","USD","0"
"Health:Medical","2014-09-18","2014-09-18","2014-09-18","USD","0"
"Health:Medical","2014-09-19","2014-09-19","2014-09-19","USD","0"
"Health:Medical","2014-09-20","2014-09-20","2014-09-20","USD","0"
"Health:Medical","2014-09-21","2014-09-21","2014-09-21","USD","0"
"Health:Medical","2014-09-22","2014-09-22","2014-09-22","USD","0"
"Health:Medical","2014-09-23","2014-09-23","2014-09-23","USD","0"
"Health:Medical","2014-09-24","2014-09-24","2014-09-24","USD","0"
"Health:Medical","2014-09-25","2014-09-25","2014-09-25","USD","27.38"
"Health:Medical","2014-09-26","2014-09-26","2014-09-26","USD","0"
"Health:Medical","2014-09-27","2014-09-27","2014-09-27","USD","0"
"Health:Medical","2014-09-28","2014-09-28","2014-09-28","USD","0"
"Health:Medical","2014-09-29","2014-09-29","2014-09-29","USD","0"
"Health:Medical","2014-09-30","2014-09-30","2014-09-30","USD","0"
"Health:Medical","2014-10-01","2014-10-01","2014-10-01","USD","0"
"Health:Medical","2014-10-02","2014-10-02","2014-10-02","USD","0"
"Health:Medical","2014-10-03","2014-10-03","2014-10-03","USD","0"
"Health:Medical","2014-10-04","2014-10-04","2014-10-04","USD","0"
"Health:Medical","2014-10-05","2014-10-05","2014-10-05","USD","0"
"Health:Medical","2014-10-06","2014-10-06","2014-10-06","USD","0"
"Health:Medical","2014-10-07","2014-10-07","2014-10-07","USD","0"
"Health:Medical","2014-10-08","2014-10-08","2014-10-08","USD","0"
"Health:Medical","2014-10-09","2014-10-09","2014-10-09","USD","27.38"
"Health:Medical","2014-10-10","2014-10-10","2014-10-10","USD","0"
"Health:Medical","2014-10-11","2014-10-11","2014-10-11","USD","0"
"Health:Vision","2012-01-03","2012-01-03","2012-01-03","USD","0"
"Health:Vision","2012-01-04","2012-01-04","2012-01-04","USD","0"
"Health:Vision","2012-01-05","2012-01-05","2012-01-05","USD","42.30"
"Health:Vision","2012-01-06","2012-01-06","2012-01-06","USD","0"
"Health:Vision","2012-01-07","2012-01-07","2012-01-07","USD","0"
"Health:Vision","2012-01-08","2012-01-08","2012-01-08","USD","0"
"Health:Vision","2012-01-09","2012-01-09","2012-01-09","USD","0"
"Health:Vision","2012-01-10","2012-01-10","2012-01-10","USD","0"
"Health:Vision","2012-01-11","2012-01-11","2012-01-11","USD","0"
"Health:Vision","2012-01-12","2012-01-12","2012-01-12","USD","0"
"Health:Vision","2012-01-13","2012-01-13","2012-01-13","USD","0"
"Health:Vision","2012-01-14","2012-01-14","2012-01-14","USD","0"
"Health:Vision","2012-01-15","2012-01-15","2012-01-15","USD","0"
"Health:Vision","2012-01-16","2012-01-16","2012-01-16","USD","0"
"Health:Vision","2012-01-17","2012-01-17","2012-01-17","USD","0"
"Health:Vision","2012-01-18","2012-01-18","2012-01-18","USD","0"
"Health:Vision","2012-01-19","2012-01-19","2012-01-19","USD","42.30"
"Health:Vision","2012-01-20","2012-01-20","2012-01-20","USD","0"
"Health:Vision","2012-01-21","2012-01-21","2012-01-21","USD","0"
"Health:Vision","2012-01-22","2012-01-22","2012-01-22","USD","0"
"Health:Vision","2012-01-23","2012-01-23","2012-01-23","USD","0"
"Health:Vision","2012-01-24","2012-01-24","2012-01-24","USD","0"
"Health:Vision","2012-01-25","2012-01-25","2012-01-25","USD","0"
"Health:Vision","2012-01-26","2012-01-26","2012-01-26","USD","0"
"Health:Vision","2012-01-27","2012-01-27","2012-01-27","USD","0"
"Health:Vision","2012-01-28","2012-01-28","2012-01-28","USD","0"
"Health:Vision","2012-01-29","2012-01-29","2012-01-29","USD","0"
"Health:Vision","2012-01-30","2012-01-30","2012-01-30","USD","0"
"Health:Vision","2012-01-31","2012-01-31","2012-01-31","USD","0"
"Health:Vision","2012-02-01","2012-02-01","2012-02-01","USD","0"
"Health:Vision","2012-02-02","2012-02-02","2012-02-02","USD","42.30"
"Health:Vision","2012-02-03","2012-02-03","2012-02-03","USD","0"
"Health:Vision","2012-02-04","2012-02-04","2012-02-04","USD","0"
"Health:Vision","2012-02-05","2012-02-05","2012-02-05","USD","0"
"Health:Vision","2012-02-06","2012-02-06","2012-02-06","USD","0"
"Health:Vision","2012-02-07","2012-02-07","2012-02-07","USD","0"
"Health:Vision","2012-02-08","2012-02-08","2012-02-08","USD","0"
"Health:Vision","2012-02-09","2012-02-09","2012-02-09","USD","0"
"Health:Vision","2012-02-10","2012-02-10","2012-02-10","USD","0"
"Health:Vision","2012-02-11","2012-02-11","2012-02-11","USD","0"
"Health:Vision","2012-02-12","2012-02-12","2012-02-12","USD","0"
"Health:Vision","2012-02-13","2012-02-13","2012-02-13","USD","0"
"Health:Vision","2012-02-14","2012-02-14","2012-02-14","USD","0"
"Health:Vision","2012-02-15","2012-02-15","2012-02-15","USD","0"
"Health:Vision","2012-02-16","2012-02-16","2012-02-16","USD","42.30"
"Health:Vision","2012-02-17","2012-02-17","2012-02-17","USD","0"
"Health:Vision","2012-02-18","2012-02-18","2012-02-18","USD","0"
"Health:Vision","2012-02-19","2012-02-19","2012-02-19","USD","0"
"Health:Vision","2012-02-20","2012-02-20","2012-02-20","USD","0"
"Health:Vision","2012-02-21","2012-02-21","2012-02-21","USD","0"
"Health:Vision","2012-02-22","2012-02-22","2012-02-22","USD","0"
"Health:Vision","2012-02-23","2012-02-23","2012-02-23","USD","0"
"Health:Vision","2012-02-24","2012-02-24","2012-02-24","USD","0"
"Health:Vision","2012-02-25","2012-02-25","2012-02-25","USD","0"
"Health:Vision","2012-02-26","2012-02-26","2012-02-26","USD","0"
"Health:Vision","2012-02-27","2012-02-27","2012-02-27","USD","0"
"Health:Vision","2012-02-28","2012-02-28","2012-02-28","USD","0"
"Health:Vision","2012-02-29","2012-02-29","2012-02-29","USD","0"
"Health:Vision","2012-03-01","2012-03-01","2012-03-01","USD","42.30"
"Health:Vision","2012-03-02","2012-03-02","2012-03-02","USD","0"
"Health:Vision","2012-03-03","2012-03-03","2012-03-03","USD","0"
"Health:Vision","2012-03-04","2012-03-04","2012-03-04","USD","0"
"Health:Vision","2012-03-05","2012-03-05","2012-03-05","USD","0"
"Health:Vision","2012-03-06","2012-03-06","2012-03-06","USD","0"
"Health:Vision","2012-03-07","2012-03-07","2012-03-07","USD","0"
"Health:Vision","2012-03-08","2012-03-08","2012-03-08","USD","0"
"Health:Vision","2012-03-09","2012-03-09","2012-03-09","USD","0"
"Health:Vision","2012-03-10","2012-03-10","2012-03-10","USD","0"
"Health:Vision","2012-03-11","2012-03-11","2012-03-11","USD","0"
"Health:Vision","2012-03-12","2012-03-12","2012-03-12","USD","0"
"Health:Vision","2012-03-13","2012-03-13","2012-03-13","USD","0"
"Health:Vision","2012-03-14","2012-03-14","2012-03-14","USD","0"
"Health:Vision","2012-03-15","2012-03-15","2012-03-15","USD","42.30"
"Health:Vision","2012-03-16","2012-03-16","2012-03-16","USD","0"
"Health:Vision","2012-03-17","2012-03-17","2012-03-17","USD","0"
"Health:Vision","2012-03-18","2012-03-18","2012-03-18","USD","0"
"Health:Vision","2012-03-19","2012-03-19","2012-03-19","USD","0"
"Health:Vision","2012-03-20","2012-03-20","2012-03-20","USD","0"
"Health:Vision","2012-03-21","2012-03-21","2012-03-21","USD","0"
"Health:Vision","2012-03-22","2012-03-22","2012-03-22","USD","0"
"Health:Vision","2012-03-23","2012-03-23","2012-03-23","USD","0"
"Health:Vision","2012-03-24","2012-03-24","2012-03-24","USD","0"
"Health:Vision","2012-03-25","2012-03-25","2012-03-25","USD","0"
"Health:Vision","2012-03-26","2012-03-26","2012-03-26","USD","0"
"Health:Vision","2012-03-27","2012-03-27","2012-03-27","USD","0"
"Health:Vision","2012-03-28","2012-03-28","2012-03-28","USD","0"
"Health:Vision","2012-03-29","2012-03-29","2012-03-29","USD","42.30"
"Health:Vision","2012-03-30","2012-03-30","2012-03-30","USD","0"
"Health:Vision","2012-03-31","2012-03-31","2012-03-31","USD","0"
"Health:Vision","2012-04-01","2012-04-01","2012-04-01","USD","0"
"Health:Vision","2012-04-02","2012-04-02","2012-04-02","USD","0"
"Health:Vision","2012-04-03","2012-04-03","2012-04-03","USD","0"
"Health:Vision","2012-04-04","2012-04-04","2012-04-04","USD","0"
"Health:Vision","2012-04-05","2012-04-05","2012-04-05","USD","0"
"Health:Vision","2012-04-06","2012-04-06","2012-04-06","USD","0"
"Health:Vision","2012-04-07","2012-04-07","2012-04-07","USD","0"
"Health:Vision","2012-04-08","2012-04-08","2012-04-08","USD","0"
"Health:Vision","2012-04-09","2012-04-09","2012-04-09","USD","0"
"Health:Vision","2012-04-10","2012-04-10","2012-04-10","USD","0"
"Health:Vision","2012-04-11","2012-04-11","2012-04-11","USD","0"
"Health:Vision","2012-04-12","2012-04-12","2012-04-12","USD","42.30"
"Health:Vision","2012-04-13","2012-04-13","2012-04-13","USD","0"
"Health:Vision","2012-04-14","2012-04-14","2012-04-14","USD","0"
"Health:Vision","2012-04-15","2012-04-15","2012-04-15","USD","0"
"Health:Vision","2012-04-16","2012-04-16","2012-04-16","USD","0"
"Health:Vision","2012-04-17","2012-04-17","2012-04-17","USD","0"
"Health:Vision","2012-04-18","2012-04-18","2012-04-18","USD","0"
"Health:Vision","2012-04-19","2012-04-19","2012-04-19","USD","0"
"Health:Vision","2012-04-20","2012-04-20","2012-04-20","USD","0"
"Health:Vision","2012-04-21","2012-04-21","2012-04-21","USD","0"
"Health:Vision","2012-04-22","2012-04-22","2012-04-22","USD","0"
"Health:Vision","2012-04-23","2012-04-23","2012-04-23","USD","0"
"Health:Vision","2012-04-24","2012-04-24","2012-04-24","USD","0"
"Health:Vision","2012-04-25","2012-04-25","2012-04-25","USD","0"
"Health:Vision","2012-04-26","2012-04-26","2012-04-26","USD","42.30"
"Health:Vision","2012-04-27","2012-04-27","2012-04-27","USD","0"
"Health:Vision","2012-04-28","2012-04-28","2012-04-28","USD","0"
"Health:Vision","2012-04-29","2012-04-29","2012-04-29","USD","0"
"Health:Vision","2012-04-30","2012-04-30","2012-04-30","USD","0"
"Health:Vision","2012-05-01","2012-05-01","2012-05-01","USD","0"
"Health:Vision","2012-05-02","2012-05-02","2012-05-02","USD","0"
"Health:Vision","2012-05-03","2012-05-03","2012-05-03","USD","0"
"Health:Vision","2012-05-04","2012-05-04","2012-05-04","USD","0"
"Health:Vision","2012-05-05","2012-05-05","2012-05-05","USD","0"
"Health:Vision","2012-05-06","2012-05-06","2012-05-06","USD","0"
"Health:Vision","2012-05-07","2012-05-07","2012-05-07","USD","0"
"Health:Vision","2012-05-08","2012-05-08","2012-05-08","USD","0"
"Health:Vision","2012-05-09","2012-05-09","2012-05-09","USD","0"
"Health:Vision","2012-05-10","2012-05-10","2012-05-10","USD","42.30"
"Health:Vision","2012-05-11","2012-05-11","2012-05-11","USD","0"
"Health:Vision","2012-05-12","2012-05-12","2012-05-12","USD","0"
"Health:Vision","2012-05-13","2012-05-13","2012-05-13","USD","0"
"Health:Vision","2012-05-14","2012-05-14","2012-05-14","USD","0"
"Health:Vision","2012-05-15","2012-05-15","2012-05-15","USD","0"
"Health:Vision","2012-05-16","2012-05-16","2012-05-16","USD","0"
"Health:Vision","2012-05-17","2012-05-17","2012-05-17","USD","0"
"Health:Vision","2012-05-18","2012-05-18","2012-05-18","USD","0"
"Health:Vision","2012-05-19","2012-05-19","2012-05-19","USD","0"
"Health:Vision","2012-05-20","2012-05-20","2012-05-20","USD","0"
"Health:Vision","2012-05-21","2012-05-21","2012-05-21","USD","0"
"Health:Vision","2012-05-22","2012-05-22","2012-05-22","USD","0"
"Health:Vision","2012-05-23","2012-05-23","2012-05-23","USD","0"
"Health:Vision","2012-05-24","2012-05-24","2012-05-24","USD","42.30"
"Health:Vision","2012-05-25","2012-05-25","2012-05-25","USD","0"
"Health:Vision","2012-05-26","2012-05-26","2012-05-26","USD","0"
"Health:Vision","2012-05-27","2012-05-27","2012-05-27","USD","0"
"Health:Vision","2012-05-28","2012-05-28","2012-05-28","USD","0"
"Health:Vision","2012-05-29","2012-05-29","2012-05-29","USD","0"
"Health:Vision","2012-05-30","2012-05-30","2012-05-30","USD","0"
"Health:Vision","2012-05-31","2012-05-31","2012-05-31","USD","0"
"Health:Vision","2012-06-01","2012-06-01","2012-06-01","USD","0"
"Health:Vision","2012-06-02","2012-06-02","2012-06-02","USD","0"
"Health:Vision","2012-06-03","2012-06-03","2012-06-03","USD","0"
"Health:Vision","2012-06-04","2012-06-04","2012-06-04","USD","0"
"Health:Vision","2012-06-05","2012-06-05","2012-06-05","USD","0"
"Health:Vision","2012-06-06","2012-06-06","2012-06-06","USD","0"
"Health:Vision","2012-06-07","2012-06-07","2012-06-07","USD","42.30"
"Health:Vision","2012-06-08","2012-06-08","2012-06-08","USD","0"
"Health:Vision","2012-06-09","2012-06-09","2012-06-09","USD","0"
"Health:Vision","2012-06-10","2012-06-10","2012-06-10","USD","0"
"Health:Vision","2012-06-11","2012-06-11","2012-06-11","USD","0"
"Health:Vision","2012-06-12","2012-06-12","2012-06-12","USD","0"
"Health:Vision","2012-06-13","2012-06-13","2012-06-13","USD","0"
"Health:Vision","2012-06-14","2012-06-14","2012-06-14","USD","0"
"Health:Vision","2012-06-15","2012-06-15","2012-06-15","USD","0"
"Health:Vision","2012-06-16","2012-06-16","2012-06-16","USD","0"
"Health:Vision","2012-06-17","2012-06-17","2012-06-17","USD","0"
"Health:Vision","2012-06-18","2012-06-18","2012-06-18","USD","0"
"Health:Vision","2012-06-19","2012-06-19","2012-06-19","USD","0"
"Health:Vision","2012-06-20","2012-06-20","2012-06-20","USD","0"
"Health:Vision","2012-06-21","2012-06-21","2012-06-21","USD","42.30"
"Health:Vision","2012-06-22","2012-06-22","2012-06-22","USD","0"
"Health:Vision","2012-06-23","2012-06-23","2012-06-23","USD","0"
"Health:Vision","2012-06-24","2012-06-24","2012-06-24","USD","0"
"Health:Vision","2012-06-25","2012-06-25","2012-06-25","USD","0"
"Health:Vision","2012-06-26","2012-06-26","2012-06-26","USD","0"
"Health:Vision","2012-06-27","2012-06-27","2012-06-27","USD","0"
"Health:Vision","2012-06-28","2012-06-28","2012-06-28","USD","0"
"Health:Vision","2012-06-29","2012-06-29","2012-06-29","USD","0"
"Health:Vision","2012-06-30","2012-06-30","2012-06-30","USD","0"
"Health:Vision","2012-07-01","2012-07-01","2012-07-01","USD","0"
"Health:Vision","2012-07-02","2012-07-02","2012-07-02","USD","0"
"Health:Vision","2012-07-03","2012-07-03","2012-07-03","USD","0"
"Health:Vision","2012-07-04","2012-07-04","2012-07-04","USD","0"
"Health:Vision","2012-07-05","2012-07-05","2012-07-05","USD","42.30"
"Health:Vision","2012-07-06","2012-07-06","2012-07-06","USD","0"
"Health:Vision","2012-07-07","2012-07-07","2012-07-07","USD","0"
"Health:Vision","2012-07-08","2012-07-08","2012-07-08","USD","0"
"Health:Vision","2012-07-09","2012-07-09","2012-07-09","USD","0"
"Health:Vision","2012-07-10","2012-07-10","2012-07-10","USD","0"
"Health:Vision","2012-07-11","2012-07-11","2012-07-11","USD","0"
"Health:Vision","2012-07-12","2012-07-12","2012-07-12","USD","0"
"Health:Vision","2012-07-13","2012-07-13","2012-07-13","USD","0"
"Health:Vision","2012-07-14","2012-07-14","2012-07-14","USD","0"
"Health:Vision","2012-07-15","2012-07-15","2012-07-15","USD","0"
"Health:Vision","2012-07-16","2012-07-16","2012-07-16","USD","0"
"Health:Vision","2012-07-17","2012-07-17","2012-07-17","USD","0"
"Health:Vision","2012-07-18","2012-07-18","2012-07-18","USD","0"
"Health:Vision","2012-07-19","2012-07-19","2012-07-19","USD","42.30"
"Health:Vision","2012-07-20","2012-07-20","2012-07-20","USD","0"
"Health:Vision","2012-07-21","2012-07-21","2012-07-21","USD","0"
"Health:Vision","2012-07-22","2012-07-22","2012-07-22","USD","0"
"Health:Vision","2012-07-23","2012-07-23","2012-07-23","USD","0"
"Health:Vision","2012-07-24","2012-07-24","2012-07-24","USD","0"
"Health:Vision","2012-07-25","2012-07-25","2012-07-25","USD","0"
"Health:Vision","2012-07-26","2012-07-26","2012-07-26","USD","0"
"Health:Vision","2012-07-27","2012-07-27","2012-07-27","USD","0"
"Health:Vision","2012-07-28","2012-07-28","2012-07-28","USD","0"
"Health:Vision","2012-07-29","2012-07-29","2012-07-29","USD","0"
"Health:Vision","2012-07-30","2012-07-30","2012-07-30","USD","0"
"Health:Vision","2012-07-31","2012-07-31","2012-07-31","USD","0"
"Health:Vision","2012-08-01","2012-08-01","2012-08-01","USD","0"
"Health:Vision","2012-08-02","2012-08-02","2012-08-02","USD","42.30"
"Health:Vision","2012-08-03","2012-08-03","2012-08-03","USD","0"
"Health:Vision","2012-08-04","2012-08-04","2012-08-04","USD","0"
"Health:Vision","2012-08-05","2012-08-05","2012-08-05","USD","0"
"Health:Vision","2012-08-06","2012-08-06","2012-08-06","USD","0"
"Health:Vision","2012-08-07","2012-08-07","2012-08-07","USD","0"
"Health:Vision","2012-08-08","2012-08-08","2012-08-08","USD","0"
"Health:Vision","2012-08-09","2012-08-09","2012-08-09","USD","0"
"Health:Vision","2012-08-10","2012-08-10","2012-08-10","USD","0"
"Health:Vision","2012-08-11","2012-08-11","2012-08-11","USD","0"
"Health:Vision","2012-08-12","2012-08-12","2012-08-12","USD","0"
"Health:Vision","2012-08-13","2012-08-13","2012-08-13","USD","0"
"Health:Vision","2012-08-14","2012-08-14","2012-08-14","USD","0"
"Health:Vision","2012-08-15","2012-08-15","2012-08-15","USD","0"
"Health:Vision","2012-08-16","2012-08-16","2012-08-16","USD","42.30"
"Health:Vision","2012-08-17","2012-08-17","2012-08-17","USD","0"
"Health:Vision","2012-08-18","2012-08-18","2012-08-18","USD","0"
"Health:Vision","2012-08-19","2012-08-19","2012-08-19","USD","0"
"Health:Vision","2012-08-20","2012-08-20","2012-08-20","USD","0"
"Health:Vision","2012-08-21","2012-08-21","2012-08-21","USD","0"
"Health:Vision","2012-08-22","2012-08-22","2012-08-22","USD","0"
"Health:Vision","2012-08-23","2012-08-23","2012-08-23","USD","0"
"Health:Vision","2012-08-24","2012-08-24","2012-08-24","USD","0"
"Health:Vision","2012-08-25","2012-08-25","2012-08-25","USD","0"
"Health:Vision","2012-08-26","2012-08-26","2012-08-26","USD","0"
"Health:Vision","2012-08-27","2012-08-27","2012-08-27","USD","0"
"Health:Vision","2012-08-28","2012-08-28","2012-08-28","USD","0"
"Health:Vision","2012-08-29","2012-08-29","2012-08-29","USD","0"
"Health:Vision","2012-08-30","2012-08-30","2012-08-30","USD","42.30"
"Health:Vision","2012-08-31","2012-08-31","2012-08-31","USD","0"
"Health:Vision","2012-09-01","2012-09-01","2012-09-01","USD","0"
"Health:Vision","2012-09-02","2012-09-02","2012-09-02","USD","0"
"Health:Vision","2012-09-03","2012-09-03","2012-09-03","USD","0"
"Health:Vision","2012-09-04","2012-09-04","2012-09-04","USD","0"
"Health:Vision","2012-09-05","2012-09-05","2012-09-05","USD","0"
"Health:Vision","2012-09-06","2012-09-06","2012-09-06","USD","0"
"Health:Vision","2012-09-07","2012-09-07","2012-09-07","USD","0"
"Health:Vision","2012-09-08","2012-09-08","2012-09-08","USD","0"
"Health:Vision","2012-09-09","2012-09-09","2012-09-09","USD","0"
"Health:Vision","2012-09-10","2012-09-10","2012-09-10","USD","0"
"Health:Vision","2012-09-11","2012-09-11","2012-09-11","USD","0"
"Health:Vision","2012-09-12","2012-09-12","2012-09-12","USD","0"
"Health:Vision","2012-09-13","2012-09-13","2012-09-13","USD","42.30"
"Health:Vision","2012-09-14","2012-09-14","2012-09-14","USD","0"
"Health:Vision","2012-09-15","2012-09-15","2012-09-15","USD","0"
"Health:Vision","2012-09-16","2012-09-16","2012-09-16","USD","0"
"Health:Vision","2012-09-17","2012-09-17","2012-09-17","USD","0"
"Health:Vision","2012-09-18","2012-09-18","2012-09-18","USD","0"
"Health:Vision","2012-09-19","2012-09-19","2012-09-19","USD","0"
"Health:Vision","2012-09-20","2012-09-20","2012-09-20","USD","0"
"Health:Vision","2012-09-21","2012-09-21","2012-09-21","USD","0"
"Health:Vision","2012-09-22","2012-09-22","2012-09-22","USD","0"
"Health:Vision","2012-09-23","2012-09-23","2012-09-23","USD","0"
"Health:Vision","2012-09-24","2012-09-24","2012-09-24","USD","0"
"Health:Vision","2012-09-25","2012-09-25","2012-09-25","USD","0"
"Health:Vision","2012-09-26","2012-09-26","2012-09-26","USD","0"
"Health:Vision","2012-09-27","2012-09-27","2012-09-27","USD","42.30"
"Health:Vision","2012-09-28","2012-09-28","2012-09-28","USD","0"
"Health:Vision","2012-09-29","2012-09-29","2012-09-29","USD","0"
"Health:Vision","2012-09-30","2012-09-30","2012-09-30","USD","0"
"Health:Vision","2012-10-01","2012-10-01","2012-10-01","USD","0"
"Health:Vision","2012-10-02","2012-10-02","2012-10-02","USD","0"
"Health:Vision","2012-10-03","2012-10-03","2012-10-03","USD","0"
"Health:Vision","2012-10-04","2012-10-04","2012-10-04","USD","0"
"Health:Vision","2012-10-05","2012-10-05","2012-10-05","USD","0"
"Health:Vision","2012-10-06","2012-10-06","2012-10-06","USD","0"
"Health:Vision","2012-10-07","2012-10-07","2012-10-07","USD","0"
"Health:Vision","2012-10-08","2012-10-08","2012-10-08","USD","0"
"Health:Vision","2012-10-09","2012-10-09","2012-10-09","USD","0"
"Health:Vision","2012-10-10","2012-10-10","2012-10-10","USD","0"
"Health:Vision","2012-10-11","2012-10-11","2012-10-11","USD","42.30"
"Health:Vision","2012-10-12","2012-10-12","2012-10-12","USD","0"
"Health:Vision","2012-10-13","2012-10-13","2012-10-13","USD","0"
"Health:Vision","2012-10-14","2012-10-14","2012-10-14","USD","0"
"Health:Vision","2012-10-15","2012-10-15","2012-10-15","USD","0"
"Health:Vision","2012-10-16","2012-10-16","2012-10-16","USD","0"
"Health:Vision","2012-10-17","2012-10-17","2012-10-17","USD","0"
"Health:Vision","2012-10-18","2012-10-18","2012-10-18","USD","0"
"Health:Vision","2012-10-19","2012-10-19","2012-10-19","USD","0"
"Health:Vision","2012-10-20","2012-10-20","2012-10-20","USD","0"
"Health:Vision","2012-10-21","2012-10-21","2012-10-21","USD","0"
"Health:Vision","2012-10-22","2012-10-22","2012-10-22","USD","0"
"Health:Vision","2012-10-23","2012-10-23","2012-10-23","USD","0"
"Health:Vision","2012-10-24","2012-10-24","2012-10-24","USD","0"
"Health:Vision","2012-10-25","2012-10-25","2012-10-25","USD","42.30"
"Health:Vision","2012-10-26","2012-10-26","2012-10-26","USD","0"
"Health:Vision","2012-10-27","2012-10-27","2012-10-27","USD","0"
"Health:Vision","2012-10-28","2012-10-28","2012-10-28","USD","0"
"Health:Vision","2012-10-29","2012-10-29","2012-10-29","USD","0"
"Health:Vision","2012-10-30","2012-10-30","2012-10-30","USD","0"
"Health:Vision","2012-10-31","2012-10-31","2012-10-31","USD","0"
"Health:Vision","2012-11-01","2012-11-01","2012-11-01","USD","0"
"Health:Vision","2012-11-02","2012-11-02","2012-11-02","USD","0"
"Health:Vision","2012-11-03","2012-11-03","2012-11-03","USD","0"
"Health:Vision","2012-11-04","2012-11-04","2012-11-04","USD","0"
"Health:Vision","2012-11-05","2012-11-05","2012-11-05","USD","0"
"Health:Vision","2012-11-06","2012-11-06","2012-11-06","USD","0"
"Health:Vision","2012-11-07","2012-11-07","2012-11-07","USD","0"
"Health:Vision","2012-11-08","2012-11-08","2012-11-08","USD","42.30"
"Health:Vision","2012-11-09","2012-11-09","2012-11-09","USD","0"
"Health:Vision","2012-11-10","2012-11-10","2012-11-10","USD","0"
"Health:Vision","2012-11-11","2012-11-11","2012-11-11","USD","0"
"Health:Vision","2012-11-12","2012-11-12","2012-11-12","USD","0"
"Health:Vision","2012-11-13","2012-11-13","2012-11-13","USD","0"
"Health:Vision","2012-11-14","2012-11-14","2012-11-14","USD","0"
"Health:Vision","2012-11-15","2012-11-15","2012-11-15","USD","0"
"Health:Vision","2012-11-16","2012-11-16","2012-11-16","USD","0"
"Health:Vision","2012-11-17","2012-11-17","2012-11-17","USD","0"
"Health:Vision","2012-11-18","2012-11-18","2012-11-18","USD","0"
"Health:Vision","2012-11-19","2012-11-19","2012-11-19","USD","0"
"Health:Vision","2012-11-20","2012-11-20","2012-11-20","USD","0"
"Health:Vision","2012-11-21","2012-11-21","2012-11-21","USD","0"
"Health:Vision","2012-11-22","2012-11-22","2012-11-22","USD","42.30"
"Health:Vision","2012-11-23","2012-11-23","2012-11-23","USD","0"
"Health:Vision","2012-11-24","2012-11-24","2012-11-24","USD","0"
"Health:Vision","2012-11-25","2012-11-25","2012-11-25","USD","0"
"Health:Vision","2012-11-26","2012-11-26","2012-11-26","USD","0"
"Health:Vision","2012-11-27","2012-11-27","2012-11-27","USD","0"
"Health:Vision","2012-11-28","2012-11-28","2012-11-28","USD","0"
"Health:Vision","2012-11-29","2012-11-29","2012-11-29","USD","0"
"Health:Vision","2012-11-30","2012-11-30","2012-11-30","USD","0"
"Health:Vision","2012-12-01","2012-12-01","2012-12-01","USD","0"
"Health:Vision","2012-12-02","2012-12-02","2012-12-02","USD","0"
"Health:Vision","2012-12-03","2012-12-03","2012-12-03","USD","0"
"Health:Vision","2012-12-04","2012-12-04","2012-12-04","USD","0"
"Health:Vision","2012-12-05","2012-12-05","2012-12-05","USD","0"
"Health:Vision","2012-12-06","2012-12-06","2012-12-06","USD","42.30"
"Health:Vision","2012-12-07","2012-12-07","2012-12-07","USD","0"
"Health:Vision","2012-12-08","2012-12-08","2012-12-08","USD","0"
"Health:Vision","2012-12-09","2012-12-09","2012-12-09","USD","0"
"Health:Vision","2012-12-10","2012-12-10","2012-12-10","USD","0"
"Health:Vision","2012-12-11","2012-12-11","2012-12-11","USD","0"
"Health:Vision","2012-12-12","2012-12-12","2012-12-12","USD","0"
"Health:Vision","2012-12-13","2012-12-13","2012-12-13","USD","0"
"Health:Vision","2012-12-14","2012-12-14","2012-12-14","USD","0"
"Health:Vision","2012-12-15","2012-12-15","2012-12-15","USD","0"
"Health:Vision","2012-12-16","2012-12-16","2012-12-16","USD","0"
"Health:Vision","2012-12-17","2012-12-17","2012-12-17","USD","0"
"Health:Vision","2012-12-18","2012-12-18","2012-12-18","USD","0"
"Health:Vision","2012-12-19","2012-12-19","2012-12-19","USD","0"
"Health:Vision","2012-12-20","2012-12-20","2012-12-20","USD","42.30"
"Health:Vision","2012-12-21","2012-12-21","2012-12-21","USD","0"
"Health:Vision","2012-12-22","2012-12-22","2012-12-22","USD","0"
"Health:Vision","2012-12-23","2012-12-23","2012-12-23","USD","0"
"Health:Vision","2012-12-24","2012-12-24","2012-12-24","USD","0"
"Health:Vision","2012-12-25","2012-12-25","2012-12-25","USD","0"
"Health:Vision","2012-12-26","2012-12-26","2012-12-26","USD","0"
"Health:Vision","2012-12-27","2012-12-27","2012-12-27","USD","0"
"Health:Vision","2012-12-28","2012-12-28","2012-12-28","USD","0"
"Health:Vision","2012-12-29","2012-12-29","2012-12-29","USD","0"
"Health:Vision","2012-12-30","2012-12-30","2012-12-30","USD","0"
"Health:Vision","2012-12-31","2012-12-31","2012-12-31","USD","0"
"Health:Vision","2013-01-01","2013-01-01","2013-01-01","USD","0"
"Health:Vision","2013-01-02","2013-01-02","2013-01-02","USD","0"
"Health:Vision","2013-01-03","2013-01-03","2013-01-03","USD","42.30"
"Health:Vision","2013-01-04","2013-01-04","2013-01-04","USD","0"
"Health:Vision","2013-01-05","2013-01-05","2013-01-05","USD","0"
"Health:Vision","2013-01-06","2013-01-06","2013-01-06","USD","0"
"Health:Vision","2013-01-07","2013-01-07","2013-01-07","USD","0"
"Health:Vision","2013-01-08","2013-01-08","2013-01-08","USD","0"
"Health:Vision","2013-01-09","2013-01-09","2013-01-09","USD","0"
"Health:Vision","2013-01-10","2013-01-10","2013-01-10","USD","0"
"Health:Vision","2013-01-11","2013-01-11","2013-01-11","USD","0"
"Health:Vision","2013-01-12","2013-01-12","2013-01-12","USD","0"
"Health:Vision","2013-01-13","2013-01-13","2013-01-13","USD","0"
"Health:Vision","2013-01-14","2013-01-14","2013-01-14","USD","0"
"Health:Vision","2013-01-15","2013-01-15","2013-01-15","USD","0"
"Health:Vision","2013-01-16","2013-01-16","2013-01-16","USD","0"
"Health:Vision","2013-01-17","2013-01-17","2013-01-17","USD","42.30"
"Health:Vision","2013-01-18","2013-01-18","2013-01-18","USD","0"
"Health:Vision","2013-01-19","2013-01-19","2013-01-19","USD","0"
"Health:Vision","2013-01-20","2013-01-20","2013-01-20","USD","0"
"Health:Vision","2013-01-21","2013-01-21","2013-01-21","USD","0"
"Health:Vision","2013-01-22","2013-01-22","2013-01-22","USD","0"
"Health:Vision","2013-01-23","2013-01-23","2013-01-23","USD","0"
"Health:Vision","2013-01-24","2013-01-24","2013-01-24","USD","0"
"Health:Vision","2013-01-25","2013-01-25","2013-01-25","USD","0"
"Health:Vision","2013-01-26","2013-01-26","2013-01-26","USD","0"
"Health:Vision","2013-01-27","2013-01-27","2013-01-27","USD","0"
"Health:Vision","2013-01-28","2013-01-28","2013-01-28","USD","0"
"Health:Vision","2013-01-29","2013-01-29","2013-01-29","USD","0"
"Health:Vision","2013-01-30","2013-01-30","2013-01-30","USD","0"
"Health:Vision","2013-01-31","2013-01-31","2013-01-31","USD","42.30"
"Health:Vision","2013-02-01","2013-02-01","2013-02-01","USD","0"
"Health:Vision","2013-02-02","2013-02-02","2013-02-02","USD","0"
"Health:Vision","2013-02-03","2013-02-03","2013-02-03","USD","0"
"Health:Vision","2013-02-04","2013-02-04","2013-02-04","USD","0"
"Health:Vision","2013-02-05","2013-02-05","2013-02-05","USD","0"
"Health:Vision","2013-02-06","2013-02-06","2013-02-06","USD","0"
"Health:Vision","2013-02-07","2013-02-07","2013-02-07","USD","0"
"Health:Vision","2013-02-08","2013-02-08","2013-02-08","USD","0"
"Health:Vision","2013-02-09","2013-02-09","2013-02-09","USD","0"
"Health:Vision","2013-02-10","2013-02-10","2013-02-10","USD","0"
"Health:Vision","2013-02-11","2013-02-11","2013-02-11","USD","0"
"Health:Vision","2013-02-12","2013-02-12","2013-02-12","USD","0"
"Health:Vision","2013-02-13","2013-02-13","2013-02-13","USD","0"
"Health:Vision","2013-02-14","2013-02-14","2013-02-14","USD","42.30"
"Health:Vision","2013-02-15","2013-02-15","2013-02-15","USD","0"
"Health:Vision","2013-02-16","2013-02-16","2013-02-16","USD","0"
"Health:Vision","2013-02-17","2013-02-17","2013-02-17","USD","0"
"Health:Vision","2013-02-18","2013-02-18","2013-02-18","USD","0"
"Health:Vision","2013-02-19","2013-02-19","2013-02-19","USD","0"
"Health:Vision","2013-02-20","2013-02-20","2013-02-20","USD","0"
"Health:Vision","2013-02-21","2013-02-21","2013-02-21","USD","0"
"Health:Vision","2013-02-22","2013-02-22","2013-02-22","USD","0"
"Health:Vision","2013-02-23","2013-02-23","2013-02-23","USD","0"
"Health:Vision","2013-02-24","2013-02-24","2013-02-24","USD","0"
"Health:Vision","2013-02-25","2013-02-25","2013-02-25","USD","0"
"Health:Vision","2013-02-26","2013-02-26","2013-02-26","USD","0"
"Health:Vision","2013-02-27","2013-02-27","2013-02-27","USD","0"
"Health:Vision","2013-02-28","2013-02-28","2013-02-28","USD","42.30"
"Health:Vision","2013-03-01","2013-03-01","2013-03-01","USD","0"
"Health:Vision","2013-03-02","2013-03-02","2013-03-02","USD","0"
"Health:Vision","2013-03-03","2013-03-03","2013-03-03","USD","0"
"Health:Vision","2013-03-04","2013-03-04","2013-03-04","USD","0"
"Health:Vision","2013-03-05","2013-03-05","2013-03-05","USD","0"
"Health:Vision","2013-03-06","2013-03-06","2013-03-06","USD","0"
"Health:Vision","2013-03-07","2013-03-07","2013-03-07","USD","0"
"Health:Vision","2013-03-08","2013-03-08","2013-03-08","USD","0"
"Health:Vision","2013-03-09","2013-03-09","2013-03-09","USD","0"
"Health:Vision","2013-03-10","2013-03-10","2013-03-10","USD","0"
"Health:Vision","2013-03-11","2013-03-11","2013-03-11","USD","0"
"Health:Vision","2013-03-12","2013-03-12","2013-03-12","USD","0"
"Health:Vision","2013-03-13","2013-03-13","2013-03-13","USD","0"
"Health:Vision","2013-03-14","2013-03-14","2013-03-14","USD","42.30"
"Health:Vision","2013-03-15","2013-03-15","2013-03-15","USD","0"
"Health:Vision","2013-03-16","2013-03-16","2013-03-16","USD","0"
"Health:Vision","2013-03-17","2013-03-17","2013-03-17","USD","0"
"Health:Vision","2013-03-18","2013-03-18","2013-03-18","USD","0"
"Health:Vision","2013-03-19","2013-03-19","2013-03-19","USD","0"
"Health:Vision","2013-03-20","2013-03-20","2013-03-20","USD","0"
"Health:Vision","2013-03-21","2013-03-21","2013-03-21","USD","0"
"Health:Vision","2013-03-22","2013-03-22","2013-03-22","USD","0"
"Health:Vision","2013-03-23","2013-03-23","2013-03-23","USD","0"
"Health:Vision","2013-03-24","2013-03-24","2013-03-24","USD","0"
"Health:Vision","2013-03-25","2013-03-25","2013-03-25","USD","0"
"Health:Vision","2013-03-26","2013-03-26","2013-03-26","USD","0"
"Health:Vision","2013-03-27","2013-03-27","2013-03-27","USD","0"
"Health:Vision","2013-03-28","2013-03-28","2013-03-28","USD","42.30"
"Health:Vision","2013-03-29","2013-03-29","2013-03-29","USD","0"
"Health:Vision","2013-03-30","2013-03-30","2013-03-30","USD","0"
"Health:Vision","2013-03-31","2013-03-31","2013-03-31","USD","0"
"Health:Vision","2013-04-01","2013-04-01","2013-04-01","USD","0"
"Health:Vision","2013-04-02","2013-04-02","2013-04-02","USD","0"
"Health:Vision","2013-04-03","2013-04-03","2013-04-03","USD","0"
"Health:Vision","2013-04-04","2013-04-04","2013-04-04","USD","0"
"Health:Vision","2013-04-05","2013-04-05","2013-04-05","USD","0"
"Health:Vision","2013-04-06","2013-04-06","2013-04-06","USD","0"
"Health:Vision","2013-04-07","2013-04-07","2013-04-07","USD","0"
"Health:Vision","2013-04-08","2013-04-08","2013-04-08","USD","0"
"Health:Vision","2013-04-09","2013-04-09","2013-04-09","USD","0"
"Health:Vision","2013-04-10","2013-04-10","2013-04-10","USD","0"
"Health:Vision","2013-04-11","2013-04-11","2013-04-11","USD","42.30"
"Health:Vision","2013-04-12","2013-04-12","2013-04-12","USD","0"
"Health:Vision","2013-04-13","2013-04-13","2013-04-13","USD","0"
"Health:Vision","2013-04-14","2013-04-14","2013-04-14","USD","0"
"Health:Vision","2013-04-15","2013-04-15","2013-04-15","USD","0"
"Health:Vision","2013-04-16","2013-04-16","2013-04-16","USD","0"
"Health:Vision","2013-04-17","2013-04-17","2013-04-17","USD","0"
"Health:Vision","2013-04-18","2013-04-18","2013-04-18","USD","0"
"Health:Vision","2013-04-19","2013-04-19","2013-04-19","USD","0"
"Health:Vision","2013-04-20","2013-04-20","2013-04-20","USD","0"
"Health:Vision","2013-04-21","2013-04-21","2013-04-21","USD","0"
"Health:Vision","2013-04-22","2013-04-22","2013-04-22","USD","0"
"Health:Vision","2013-04-23","2013-04-23","2013-04-23","USD","0"
"Health:Vision","2013-04-24","2013-04-24","2013-04-24","USD","0"
"Health:Vision","2013-04-25","2013-04-25","2013-04-25","USD","42.30"
"Health:Vision","2013-04-26","2013-04-26","2013-04-26","USD","0"
"Health:Vision","2013-04-27","2013-04-27","2013-04-27","USD","0"
"Health:Vision","2013-04-28","2013-04-28","2013-04-28","USD","0"
"Health:Vision","2013-04-29","2013-04-29","2013-04-29","USD","0"
"Health:Vision","2013-04-30","2013-04-30","2013-04-30","USD","0"
"Health:Vision","2013-05-01","2013-05-01","2013-05-01","USD","0"
"Health:Vision","2013-05-02","2013-05-02","2013-05-02","USD","0"
"Health:Vision","2013-05-03","2013-05-03","2013-05-03","USD","0"
"Health:Vision","2013-05-04","2013-05-04","2013-05-04","USD","0"
"Health:Vision","2013-05-05","2013-05-05","2013-05-05","USD","0"
"Health:Vision","2013-05-06","2013-05-06","2013-05-06","USD","0"
"Health:Vision","2013-05-07","2013-05-07","2013-05-07","USD","0"
"Health:Vision","2013-05-08","2013-05-08","2013-05-08","USD","0"
"Health:Vision","2013-05-09","2013-05-09","2013-05-09","USD","42.30"
"Health:Vision","2013-05-10","2013-05-10","2013-05-10","USD","0"
"Health:Vision","2013-05-11","2013-05-11","2013-05-11","USD","0"
"Health:Vision","2013-05-12","2013-05-12","2013-05-12","USD","0"
"Health:Vision","2013-05-13","2013-05-13","2013-05-13","USD","0"
"Health:Vision","2013-05-14","2013-05-14","2013-05-14","USD","0"
"Health:Vision","2013-05-15","2013-05-15","2013-05-15","USD","0"
"Health:Vision","2013-05-16","2013-05-16","2013-05-16","USD","0"
"Health:Vision","2013-05-17","2013-05-17","2013-05-17","USD","0"
"Health:Vision","2013-05-18","2013-05-18","2013-05-18","USD","0"
"Health:Vision","2013-05-19","2013-05-19","2013-05-19","USD","0"
"Health:Vision","2013-05-20","2013-05-20","2013-05-20","USD","0"
"Health:Vision","2013-05-21","2013-05-21","2013-05-21","USD","0"
"Health:Vision","2013-05-22","2013-05-22","2013-05-22","USD","0"
"Health:Vision","2013-05-23","2013-05-23","2013-05-23","USD","42.30"
"Health:Vision","2013-05-24","2013-05-24","2013-05-24","USD","0"
"Health:Vision","2013-05-25","2013-05-25","2013-05-25","USD","0"
"Health:Vision","2013-05-26","2013-05-26","2013-05-26","USD","0"
"Health:Vision","2013-05-27","2013-05-27","2013-05-27","USD","0"
"Health:Vision","2013-05-28","2013-05-28","2013-05-28","USD","0"
"Health:Vision","2013-05-29","2013-05-29","2013-05-29","USD","0"
"Health:Vision","2013-05-30","2013-05-30","2013-05-30","USD","0"
"Health:Vision","2013-05-31","2013-05-31","2013-05-31","USD","0"
"Health:Vision","2013-06-01","2013-06-01","2013-06-01","USD","0"
"Health:Vision","2013-06-02","2013-06-02","2013-06-02","USD","0"
"Health:Vision","2013-06-03","2013-06-03","2013-06-03","USD","0"
"Health:Vision","2013-06-04","2013-06-04","2013-06-04","USD","0"
"Health:Vision","2013-06-05","2013-06-05","2013-06-05","USD","0"
"Health:Vision","2013-06-06","2013-06-06","2013-06-06","USD","42.30"
"Health:Vision","2013-06-07","2013-06-07","2013-06-07","USD","0"
"Health:Vision","2013-06-08","2013-06-08","2013-06-08","USD","0"
"Health:Vision","2013-06-09","2013-06-09","2013-06-09","USD","0"
"Health:Vision","2013-06-10","2013-06-10","2013-06-10","USD","0"
"Health:Vision","2013-06-11","2013-06-11","2013-06-11","USD","0"
"Health:Vision","2013-06-12","2013-06-12","2013-06-12","USD","0"
"Health:Vision","2013-06-13","2013-06-13","2013-06-13","USD","0"
"Health:Vision","2013-06-14","2013-06-14","2013-06-14","USD","0"
"Health:Vision","2013-06-15","2013-06-15","2013-06-15","USD","0"
"Health:Vision","2013-06-16","2013-06-16","2013-06-16","USD","0"
"Health:Vision","2013-06-17","2013-06-17","2013-06-17","USD","0"
"Health:Vision","2013-06-18","2013-06-18","2013-06-18","USD","0"
"Health:Vision","2013-06-19","2013-06-19","2013-06-19","USD","0"
"Health:Vision","2013-06-20","2013-06-20","2013-06-20","USD","42.30"
"Health:Vision","2013-06-21","2013-06-21","2013-06-21","USD","0"
"Health:Vision","2013-06-22","2013-06-22","2013-06-22","USD","0"
"Health:Vision","2013-06-23","2013-06-23","2013-06-23","USD","0"
"Health:Vision","2013-06-24","2013-06-24","2013-06-24","USD","0"
"Health:Vision","2013-06-25","2013-06-25","2013-06-25","USD","0"
"Health:Vision","2013-06-26","2013-06-26","2013-06-26","USD","0"
"Health:Vision","2013-06-27","2013-06-27","2013-06-27","USD","0"
"Health:Vision","2013-06-28","2013-06-28","2013-06-28","USD","0"
"Health:Vision","2013-06-29","2013-06-29","2013-06-29","USD","0"
"Health:Vision","2013-06-30","2013-06-30","2013-06-30","USD","0"
"Health:Vision","2013-07-01","2013-07-01","2013-07-01","USD","0"
"Health:Vision","2013-07-02","2013-07-02","2013-07-02","USD","0"
"Health:Vision","2013-07-03","2013-07-03","2013-07-03","USD","0"
"Health:Vision","2013-07-04","2013-07-04","2013-07-04","USD","42.30"
"Health:Vision","2013-07-05","2013-07-05","2013-07-05","USD","0"
"Health:Vision","2013-07-06","2013-07-06","2013-07-06","USD","0"
"Health:Vision","2013-07-07","2013-07-07","2013-07-07","USD","0"
"Health:Vision","2013-07-08","2013-07-08","2013-07-08","USD","0"
"Health:Vision","2013-07-09","2013-07-09","2013-07-09","USD","0"
"Health:Vision","2013-07-10","2013-07-10","2013-07-10","USD","0"
"Health:Vision","2013-07-11","2013-07-11","2013-07-11","USD","0"
"Health:Vision","2013-07-12","2013-07-12","2013-07-12","USD","0"
"Health:Vision","2013-07-13","2013-07-13","2013-07-13","USD","0"
"Health:Vision","2013-07-14","2013-07-14","2013-07-14","USD","0"
"Health:Vision","2013-07-15","2013-07-15","2013-07-15","USD","0"
"Health:Vision","2013-07-16","2013-07-16","2013-07-16","USD","0"
"Health:Vision","2013-07-17","2013-07-17","2013-07-17","USD","0"
"Health:Vision","2013-07-18","2013-07-18","2013-07-18","USD","42.30"
"Health:Vision","2013-07-19","2013-07-19","2013-07-19","USD","0"
"Health:Vision","2013-07-20","2013-07-20","2013-07-20","USD","0"
"Health:Vision","2013-07-21","2013-07-21","2013-07-21","USD","0"
"Health:Vision","2013-07-22","2013-07-22","2013-07-22","USD","0"
"Health:Vision","2013-07-23","2013-07-23","2013-07-23","USD","0"
"Health:Vision","2013-07-24","2013-07-24","2013-07-24","USD","0"
"Health:Vision","2013-07-25","2013-07-25","2013-07-25","USD","0"
"Health:Vision","2013-07-26","2013-07-26","2013-07-26","USD","0"
"Health:Vision","2013-07-27","2013-07-27","2013-07-27","USD","0"
"Health:Vision","2013-07-28","2013-07-28","2013-07-28","USD","0"
"Health:Vision","2013-07-29","2013-07-29","2013-07-29","USD","0"
"Health:Vision","2013-07-30","2013-07-30","2013-07-30","USD","0"
"Health:Vision","2013-07-31","2013-07-31","2013-07-31","USD","0"
"Health:Vision","2013-08-01","2013-08-01","2013-08-01","USD","42.30"
"Health:Vision","2013-08-02","2013-08-02","2013-08-02","USD","0"
"Health:Vision","2013-08-03","2013-08-03","2013-08-03","USD","0"
"Health:Vision","2013-08-04","2013-08-04","2013-08-04","USD","0"
"Health:Vision","2013-08-05","2013-08-05","2013-08-05","USD","0"
"Health:Vision","2013-08-06","2013-08-06","2013-08-06","USD","0"
"Health:Vision","2013-08-07","2013-08-07","2013-08-07","USD","0"
"Health:Vision","2013-08-08","2013-08-08","2013-08-08","USD","0"
"Health:Vision","2013-08-09","2013-08-09","2013-08-09","USD","0"
"Health:Vision","2013-08-10","2013-08-10","2013-08-10","USD","0"
"Health:Vision","2013-08-11","2013-08-11","2013-08-11","USD","0"
"Health:Vision","2013-08-12","2013-08-12","2013-08-12","USD","0"
"Health:Vision","2013-08-13","2013-08-13","2013-08-13","USD","0"
"Health:Vision","2013-08-14","2013-08-14","2013-08-14","USD","0"
"Health:Vision","2013-08-15","2013-08-15","2013-08-15","USD","42.30"
"Health:Vision","2013-08-16","2013-08-16","2013-08-16","USD","0"
"Health:Vision","2013-08-17","2013-08-17","2013-08-17","USD","0"
"Health:Vision","2013-08-18","2013-08-18","2013-08-18","USD","0"
"Health:Vision","2013-08-19","2013-08-19","2013-08-19","USD","0"
"Health:Vision","2013-08-20","2013-08-20","2013-08-20","USD","0"
"Health:Vision","2013-08-21","2013-08-21","2013-08-21","USD","0"
"Health:Vision","2013-08-22","2013-08-22","2013-08-22","USD","0"
"Health:Vision","2013-08-23","2013-08-23","2013-08-23","USD","0"
"Health:Vision","2013-08-24","2013-08-24","2013-08-24","USD","0"
"Health:Vision","2013-08-25","2013-08-25","2013-08-25","USD","0"
"Health:Vision","2013-08-26","2013-08-26","2013-08-26","USD","0"
"Health:Vision","2013-08-27","2013-08-27","2013-08-27","USD","0"
"Health:Vision","2013-08-28","2013-08-28","2013-08-28","USD","0"
"Health:Vision","2013-08-29","2013-08-29","2013-08-29","USD","42.30"
"Health:Vision","2013-08-30","2013-08-30","2013-08-30","USD","0"
"Health:Vision","2013-08-31","2013-08-31","2013-08-31","USD","0"
"Health:Vision","2013-09-01","2013-09-01","2013-09-01","USD","0"
"Health:Vision","2013-09-02","2013-09-02","2013-09-02","USD","0"
"Health:Vision","2013-09-03","2013-09-03","2013-09-03","USD","0"
"Health:Vision","2013-09-04","2013-09-04","2013-09-04","USD","0"
"Health:Vision","2013-09-05","2013-09-05","2013-09-05","USD","0"
"Health:Vision","2013-09-06","2013-09-06","2013-09-06","USD","0"
"Health:Vision","2013-09-07","2013-09-07","2013-09-07","USD","0"
"Health:Vision","2013-09-08","2013-09-08","2013-09-08","USD","0"
"Health:Vision","2013-09-09","2013-09-09","2013-09-09","USD","0"
"Health:Vision","2013-09-10","2013-09-10","2013-09-10","USD","0"
"Health:Vision","2013-09-11","2013-09-11","2013-09-11","USD","0"
"Health:Vision","2013-09-12","2013-09-12","2013-09-12","USD","42.30"
"Health:Vision","2013-09-13","2013-09-13","2013-09-13","USD","0"
"Health:Vision","2013-09-14","2013-09-14","2013-09-14","USD","0"
"Health:Vision","2013-09-15","2013-09-15","2013-09-15","USD","0"
"Health:Vision","2013-09-16","2013-09-16","2013-09-16","USD","0"
"Health:Vision","2013-09-17","2013-09-17","2013-09-17","USD","0"
"Health:Vision","2013-09-18","2013-09-18","2013-09-18","USD","0"
"Health:Vision","2013-09-19","2013-09-19","2013-09-19","USD","0"
"Health:Vision","2013-09-20","2013-09-20","2013-09-20","USD","0"
"Health:Vision","2013-09-21","2013-09-21","2013-09-21","USD","0"
"Health:Vision","2013-09-22","2013-09-22","2013-09-22","USD","0"
"Health:Vision","2013-09-23","2013-09-23","2013-09-23","USD","0"
"Health:Vision","2013-09-24","2013-09-24","2013-09-24","USD","0"
"Health:Vision","2013-09-25","2013-09-25","2013-09-25","USD","0"
"Health:Vision","2013-09-26","2013-09-26","2013-09-26","USD","42.30"
"Health:Vision","2013-09-27","2013-09-27","2013-09-27","USD","0"
"Health:Vision","2013-09-28","2013-09-28","2013-09-28","USD","0"
"Health:Vision","2013-09-29","2013-09-29","2013-09-29","USD","0"
"Health:Vision","2013-09-30","2013-09-30","2013-09-30","USD","0"
"Health:Vision","2013-10-01","2013-10-01","2013-10-01","USD","0"
"Health:Vision","2013-10-02","2013-10-02","2013-10-02","USD","0"
"Health:Vision","2013-10-03","2013-10-03","2013-10-03","USD","0"
"Health:Vision","2013-10-04","2013-10-04","2013-10-04","USD","0"
"Health:Vision","2013-10-05","2013-10-05","2013-10-05","USD","0"
"Health:Vision","2013-10-06","2013-10-06","2013-10-06","USD","0"
"Health:Vision","2013-10-07","2013-10-07","2013-10-07","USD","0"
"Health:Vision","2013-10-08","2013-10-08","2013-10-08","USD","0"
"Health:Vision","2013-10-09","2013-10-09","2013-10-09","USD","0"
"Health:Vision","2013-10-10","2013-10-10","2013-10-10","USD","42.30"
"Health:Vision","2013-10-11","2013-10-11","2013-10-11","USD","0"
"Health:Vision","2013-10-12","2013-10-12","2013-10-12","USD","0"
"Health:Vision","2013-10-13","2013-10-13","2013-10-13","USD","0"
"Health:Vision","2013-10-14","2013-10-14","2013-10-14","USD","0"
"Health:Vision","2013-10-15","2013-10-15","2013-10-15","USD","0"
"Health:Vision","2013-10-16","2013-10-16","2013-10-16","USD","0"
"Health:Vision","2013-10-17","2013-10-17","2013-10-17","USD","0"
"Health:Vision","2013-10-18","2013-10-18","2013-10-18","USD","0"
"Health:Vision","2013-10-19","2013-10-19","2013-10-19","USD","0"
"Health:Vision","2013-10-20","2013-10-20","2013-10-20","USD","0"
"Health:Vision","2013-10-21","2013-10-21","2013-10-21","USD","0"
"Health:Vision","2013-10-22","2013-10-22","2013-10-22","USD","0"
"Health:Vision","2013-10-23","2013-10-23","2013-10-23","USD","0"
"Health:Vision","2013-10-24","2013-10-24","2013-10-24","USD","42.30"
"Health:Vision","2013-10-25","2013-10-25","2013-10-25","USD","0"
"Health:Vision","2013-10-26","2013-10-26","2013-10-26","USD","0"
"Health:Vision","2013-10-27","2013-10-27","2013-10-27","USD","0"
"Health:Vision","2013-10-28","2013-10-28","2013-10-28","USD","0"
"Health:Vision","2013-10-29","2013-10-29","2013-10-29","USD","0"
"Health:Vision","2013-10-30","2013-10-30","2013-10-30","USD","0"
"Health:Vision","2013-10-31","2013-10-31","2013-10-31","USD","0"
"Health:Vision","2013-11-01","2013-11-01","2013-11-01","USD","0"
"Health:Vision","2013-11-02","2013-11-02","2013-11-02","USD","0"
"Health:Vision","2013-11-03","2013-11-03","2013-11-03","USD","0"
"Health:Vision","2013-11-04","2013-11-04","2013-11-04","USD","0"
"Health:Vision","2013-11-05","2013-11-05","2013-11-05","USD","0"
"Health:Vision","2013-11-06","2013-11-06","2013-11-06","USD","0"
"Health:Vision","2013-11-07","2013-11-07","2013-11-07","USD","42.30"
"Health:Vision","2013-11-08","2013-11-08","2013-11-08","USD","0"
"Health:Vision","2013-11-09","2013-11-09","2013-11-09","USD","0"
"Health:Vision","2013-11-10","2013-11-10","2013-11-10","USD","0"
"Health:Vision","2013-11-11","2013-11-11","2013-11-11","USD","0"
"Health:Vision","2013-11-12","2013-11-12","2013-11-12","USD","0"
"Health:Vision","2013-11-13","2013-11-13","2013-11-13","USD","0"
"Health:Vision","2013-11-14","2013-11-14","2013-11-14","USD","0"
"Health:Vision","2013-11-15","2013-11-15","2013-11-15","USD","0"
"Health:Vision","2013-11-16","2013-11-16","2013-11-16","USD","0"
"Health:Vision","2013-11-17","2013-11-17","2013-11-17","USD","0"
"Health:Vision","2013-11-18","2013-11-18","2013-11-18","USD","0"
"Health:Vision","2013-11-19","2013-11-19","2013-11-19","USD","0"
"Health:Vision","2013-11-20","2013-11-20","2013-11-20","USD","0"
"Health:Vision","2013-11-21","2013-11-21","2013-11-21","USD","42.30"
"Health:Vision","2013-11-22","2013-11-22","2013-11-22","USD","0"
"Health:Vision","2013-11-23","2013-11-23","2013-11-23","USD","0"
"Health:Vision","2013-11-24","2013-11-24","2013-11-24","USD","0"
"Health:Vision","2013-11-25","2013-11-25","2013-11-25","USD","0"
"Health:Vision","2013-11-26","2013-11-26","2013-11-26","USD","0"
"Health:Vision","2013-11-27","2013-11-27","2013-11-27","USD","0"
"Health:Vision","2013-11-28","2013-11-28","2013-11-28","USD","0"
"Health:Vision","2013-11-29","2013-11-29","2013-11-29","USD","0"
"Health:Vision","2013-11-30","2013-11-30","2013-11-30","USD","0"
"Health:Vision","2013-12-01","2013-12-01","2013-12-01","USD","0"
"Health:Vision","2013-12-02","2013-12-02","2013-12-02","USD","0"
"Health:Vision","2013-12-03","2013-12-03","2013-12-03","USD","0"
"Health:Vision","2013-12-04","2013-12-04","2013-12-04","USD","0"
"Health:Vision","2013-12-05","2013-12-05","2013-12-05","USD","42.30"
"Health:Vision","2013-12-06","2013-12-06","2013-12-06","USD","0"
"Health:Vision","2013-12-07","2013-12-07","2013-12-07","USD","0"
"Health:Vision","2013-12-08","2013-12-08","2013-12-08","USD","0"
"Health:Vision","2013-12-09","2013-12-09","2013-12-09","USD","0"
"Health:Vision","2013-12-10","2013-12-10","2013-12-10","USD","0"
"Health:Vision","2013-12-11","2013-12-11","2013-12-11","USD","0"
"Health:Vision","2013-12-12","2013-12-12","2013-12-12","USD","0"
"Health:Vision","2013-12-13","2013-12-13","2013-12-13","USD","0"
"Health:Vision","2013-12-14","2013-12-14","2013-12-14","USD","0"
"Health:Vision","2013-12-15","2013-12-15","2013-12-15","USD","0"
"Health:Vision","2013-12-16","2013-12-16","2013-12-16","USD","0"
"Health:Vision","2013-12-17","2013-12-17","2013-12-17","USD","0"
"Health:Vision","2013-12-18","2013-12-18","2013-12-18","USD","0"
"Health:Vision","2013-12-19","2013-12-19","2013-12-19","USD","42.30"
"Health:Vision","2013-12-20","2013-12-20","2013-12-20","USD","0"
"Health:Vision","2013-12-21","2013-12-21","2013-12-21","USD","0"
"Health:Vision","2013-12-22","2013-12-22","2013-12-22","USD","0"
"Health:Vision","2013-12-23","2013-12-23","2013-12-23","USD","0"
"Health:Vision","2013-12-24","2013-12-24","2013-12-24","USD","0"
"Health:Vision","2013-12-25","2013-12-25","2013-12-25","USD","0"
"Health:Vision","2013-12-26","2013-12-26","2013-12-26","USD","0"
"Health:Vision","2013-12-27","2013-12-27","2013-12-27","USD","0"
"Health:Vision","2013-12-28","2013-12-28","2013-12-28","USD","0"
"Health:Vision","2013-12-29","2013-12-29","2013-12-29","USD","0"
"Health:Vision","2013-12-30","2013-12-30","2013-12-30","USD","0"
"Health:Vision","2013-12-31","2013-12-31","2013-12-31","USD","0"
"Health:Vision","2014-01-01","2014-01-01","2014-01-01","USD","0"
"Health:Vision","2014-01-02","2014-01-02","2014-01-02","USD","42.30"
"Health:Vision","2014-01-03","2014-01-03","2014-01-03","USD","0"
"Health:Vision","2014-01-04","2014-01-04","2014-01-04","USD","0"
"Health:Vision","2014-01-05","2014-01-05","2014-01-05","USD","0"
"Health:Vision","2014-01-06","2014-01-06","2014-01-06","USD","0"
"Health:Vision","2014-01-07","2014-01-07","2014-01-07","USD","0"
"Health:Vision","2014-01-08","2014-01-08","2014-01-08","USD","0"
"Health:Vision","2014-01-09","2014-01-09","2014-01-09","USD","0"
"Health:Vision","2014-01-10","2014-01-10","2014-01-10","USD","0"
"Health:Vision","2014-01-11","2014-01-11","2014-01-11","USD","0"
"Health:Vision","2014-01-12","2014-01-12","2014-01-12","USD","0"
"Health:Vision","2014-01-13","2014-01-13","2014-01-13","USD","0"
"Health:Vision","2014-01-14","2014-01-14","2014-01-14","USD","0"
"Health:Vision","2014-01-15","2014-01-15","2014-01-15","USD","0"
"Health:Vision","2014-01-16","2014-01-16","2014-01-16","USD","42.30"
"Health:Vision","2014-01-17","2014-01-17","2014-01-17","USD","0"
"Health:Vision","2014-01-18","2014-01-18","2014-01-18","USD","0"
"Health:Vision","2014-01-19","2014-01-19","2014-01-19","USD","0"
"Health:Vision","2014-01-20","2014-01-20","2014-01-20","USD","0"
"Health:Vision","2014-01-21","2014-01-21","2014-01-21","USD","0"
"Health:Vision","2014-01-22","2014-01-22","2014-01-22","USD","0"
"Health:Vision","2014-01-23","2014-01-23","2014-01-23","USD","0"
"Health:Vision","2014-01-24","2014-01-24","2014-01-24","USD","0"
"Health:Vision","2014-01-25","2014-01-25","2014-01-25","USD","0"
"Health:Vision","2014-01-26","2014-01-26","2014-01-26","USD","0"
"Health:Vision","2014-01-27","2014-01-27","2014-01-27","USD","0"
"Health:Vision","2014-01-28","2014-01-28","2014-01-28","USD","0"
"Health:Vision","2014-01-29","2014-01-29","2014-01-29","USD","0"
"Health:Vision","2014-01-30","2014-01-30","2014-01-30","USD","42.30"
"Health:Vision","2014-01-31","2014-01-31","2014-01-31","USD","0"
"Health:Vision","2014-02-01","2014-02-01","2014-02-01","USD","0"
"Health:Vision","2014-02-02","2014-02-02","2014-02-02","USD","0"
"Health:Vision","2014-02-03","2014-02-03","2014-02-03","USD","0"
"Health:Vision","2014-02-04","2014-02-04","2014-02-04","USD","0"
"Health:Vision","2014-02-05","2014-02-05","2014-02-05","USD","0"
"Health:Vision","2014-02-06","2014-02-06","2014-02-06","USD","0"
"Health:Vision","2014-02-07","2014-02-07","2014-02-07","USD","0"
"Health:Vision","2014-02-08","2014-02-08","2014-02-08","USD","0"
"Health:Vision","2014-02-09","2014-02-09","2014-02-09","USD","0"
"Health:Vision","2014-02-10","2014-02-10","2014-02-10","USD","0"
"Health:Vision","2014-02-11","2014-02-11","2014-02-11","USD","0"
"Health:Vision","2014-02-12","2014-02-12","2014-02-12","USD","0"
"Health:Vision","2014-02-13","2014-02-13","2014-02-13","USD","42.30"
"Health:Vision","2014-02-14","2014-02-14","2014-02-14","USD","0"
"Health:Vision","2014-02-15","2014-02-15","2014-02-15","USD","0"
"Health:Vision","2014-02-16","2014-02-16","2014-02-16","USD","0"
"Health:Vision","2014-02-17","2014-02-17","2014-02-17","USD","0"
"Health:Vision","2014-02-18","2014-02-18","2014-02-18","USD","0"
"Health:Vision","2014-02-19","2014-02-19","2014-02-19","USD","0"
"Health:Vision","2014-02-20","2014-02-20","2014-02-20","USD","0"
"Health:Vision","2014-02-21","2014-02-21","2014-02-21","USD","0"
"Health:Vision","2014-02-22","2014-02-22","2014-02-22","USD","0"
"Health:Vision","2014-02-23","2014-02-23","2014-02-23","USD","0"
"Health:Vision","2014-02-24","2014-02-24","2014-02-24","USD","0"
"Health:Vision","2014-02-25","2014-02-25","2014-02-25","USD","0"
"Health:Vision","2014-02-26","2014-02-26","2014-02-26","USD","0"
"Health:Vision","2014-02-27","2014-02-27","2014-02-27","USD","42.30"
"Health:Vision","2014-02-28","2014-02-28","2014-02-28","USD","0"
"Health:Vision","2014-03-01","2014-03-01","2014-03-01","USD","0"
"Health:Vision","2014-03-02","2014-03-02","2014-03-02","USD","0"
"Health:Vision","2014-03-03","2014-03-03","2014-03-03","USD","0"
"Health:Vision","2014-03-04","2014-03-04","2014-03-04","USD","0"
"Health:Vision","2014-03-05","2014-03-05","2014-03-05","USD","0"
"Health:Vision","2014-03-06","2014-03-06","2014-03-06","USD","0"
"Health:Vision","2014-03-07","2014-03-07","2014-03-07","USD","0"
"Health:Vision","2014-03-08","2014-03-08","2014-03-08","USD","0"
"Health:Vision","2014-03-09","2014-03-09","2014-03-09","USD","0"
"Health:Vision","2014-03-10","2014-03-10","2014-03-10","USD","0"
"Health:Vision","2014-03-11","2014-03-11","2014-03-11","USD","0"
"Health:Vision","2014-03-12","2014-03-12","2014-03-12","USD","0"
"Health:Vision","2014-03-13","2014-03-13","2014-03-13","USD","42.30"
"Health:Vision","2014-03-14","2014-03-14","2014-03-14","USD","0"
"Health:Vision","2014-03-15","2014-03-15","2014-03-15","USD","0"
"Health:Vision","2014-03-16","2014-03-16","2014-03-16","USD","0"
"Health:Vision","2014-03-17","2014-03-17","2014-03-17","USD","0"
"Health:Vision","2014-03-18","2014-03-18","2014-03-18","USD","0"
"Health:Vision","2014-03-19","2014-03-19","2014-03-19","USD","0"
"Health:Vision","2014-03-20","2014-03-20","2014-03-20","USD","0"
"Health:Vision","2014-03-21","2014-03-21","2014-03-21","USD","0"
"Health:Vision","2014-03-22","2014-03-22","2014-03-22","USD","0"
"Health:Vision","2014-03-23","2014-03-23","2014-03-23","USD","0"
"Health:Vision","2014-03-24","2014-03-24","2014-03-24","USD","0"
"Health:Vision","2014-03-25","2014-03-25","2014-03-25","USD","0"
"Health:Vision","2014-03-26","2014-03-26","2014-03-26","USD","0"
"Health:Vision","2014-03-27","2014-03-27","2014-03-27","USD","42.30"
"Health:Vision","2014-03-28","2014-03-28","2014-03-28","USD","0"
"Health:Vision","2014-03-29","2014-03-29","2014-03-29","USD","0"
"Health:Vision","2014-03-30","2014-03-30","2014-03-30","USD","0"
"Health:Vision","2014-03-31","2014-03-31","2014-03-31","USD","0"
"Health:Vision","2014-04-01","2014-04-01","2014-04-01","USD","0"
"Health:Vision","2014-04-02","2014-04-02","2014-04-02","USD","0"
"Health:Vision","2014-04-03","2014-04-03","2014-04-03","USD","0"
"Health:Vision","2014-04-04","2014-04-04","2014-04-04","USD","0"
"Health:Vision","2014-04-05","2014-04-05","2014-04-05","USD","0"
"Health:Vision","2014-04-06","2014-04-06","2014-04-06","USD","0"
"Health:Vision","2014-04-07","2014-04-07","2014-04-07","USD","0"
"Health:Vision","2014-04-08","2014-04-08","2014-04-08","USD","0"
"Health:Vision","2014-04-09","2014-04-09","2014-04-09","USD","0"
"Health:Vision","2014-04-10","2014-04-10","2014-04-10","USD","42.30"
"Health:Vision","2014-04-11","2014-04-11","2014-04-11","USD","0"
"Health:Vision","2014-04-12","2014-04-12","2014-04-12","USD","0"
"Health:Vision","2014-04-13","2014-04-13","2014-04-13","USD","0"
"Health:Vision","2014-04-14","2014-04-14","2014-04-14","USD","0"
"Health:Vision","2014-04-15","2014-04-15","2014-04-15","USD","0"
"Health:Vision","2014-04-16","2014-04-16","2014-04-16","USD","0"
"Health:Vision","2014-04-17","2014-04-17","2014-04-17","USD","0"
"Health:Vision","2014-04-18","2014-04-18","2014-04-18","USD","0"
"Health:Vision","2014-04-19","2014-04-19","2014-04-19","USD","0"
"Health:Vision","2014-04-20","2014-04-20","2014-04-20","USD","0"
"Health:Vision","2014-04-21","2014-04-21","2014-04-21","USD","0"
"Health:Vision","2014-04-22","2014-04-22","2014-04-22","USD","0"
"Health:Vision","2014-04-23","2014-04-23","2014-04-23","USD","0"
"Health:Vision","2014-04-24","2014-04-24","2014-04-24","USD","42.30"
"Health:Vision","2014-04-25","2014-04-25","2014-04-25","USD","0"
"Health:Vision","2014-04-26","2014-04-26","2014-04-26","USD","0"
"Health:Vision","2014-04-27","2014-04-27","2014-04-27","USD","0"
"Health:Vision","2014-04-28","2014-04-28","2014-04-28","USD","0"
"Health:Vision","2014-04-29","2014-04-29","2014-04-29","USD","0"
"Health:Vision","2014-04-30","2014-04-30","2014-04-30","USD","0"
"Health:Vision","2014-05-01","2014-05-01","2014-05-01","USD","0"
"Health:Vision","2014-05-02","2014-05-02","2014-05-02","USD","0"
"Health:Vision","2014-05-03","2014-05-03","2014-05-03","USD","0"
"Health:Vision","2014-05-04","2014-05-04","2014-05-04","USD","0"
"Health:Vision","2014-05-05","2014-05-05","2014-05-05","USD","0"
"Health:Vision","2014-05-06","2014-05-06","2014-05-06","USD","0"
"Health:Vision","2014-05-07","2014-05-07","2014-05-07","USD","0"
"Health:Vision","2014-05-08","2014-05-08","2014-05-08","USD","42.30"
"Health:Vision","2014-05-09","2014-05-09","2014-05-09","USD","0"
"Health:Vision","2014-05-10","2014-05-10","2014-05-10","USD","0"
"Health:Vision","2014-05-11","2014-05-11","2014-05-11","USD","0"
"Health:Vision","2014-05-12","2014-05-12","2014-05-12","USD","0"
"Health:Vision","2014-05-13","2014-05-13","2014-05-13","USD","0"
"Health:Vision","2014-05-14","2014-05-14","2014-05-14","USD","0"
"Health:Vision","2014-05-15","2014-05-15","2014-05-15","USD","0"
"Health:Vision","2014-05-16","2014-05-16","2014-05-16","USD","0"
"Health:Vision","2014-05-17","2014-05-17","2014-05-17","USD","0"
"Health:Vision","2014-05-18","2014-05-18","2014-05-18","USD","0"
"Health:Vision","2014-05-19","2014-05-19","2014-05-19","USD","0"
"Health:Vision","2014-05-20","2014-05-20","2014-05-20","USD","0"
"Health:Vision","2014-05-21","2014-05-21","2014-05-21","USD","0"
"Health:Vision","2014-05-22","2014-05-22","2014-05-22","USD","42.30"
"Health:Vision","2014-05-23","2014-05-23","2014-05-23","USD","0"
"Health:Vision","2014-05-24","2014-05-24","2014-05-24","USD","0"
"Health:Vision","2014-05-25","2014-05-25","2014-05-25","USD","0"
"Health:Vision","2014-05-26","2014-05-26","2014-05-26","USD","0"
"Health:Vision","2014-05-27","2014-05-27","2014-05-27","USD","0"
"Health:Vision","2014-05-28","2014-05-28","2014-05-28","USD","0"
"Health:Vision","2014-05-29","2014-05-29","2014-05-29","USD","0"
"Health:Vision","2014-05-30","2014-05-30","2014-05-30","USD","0"
"Health:Vision","2014-05-31","2014-05-31","2014-05-31","USD","0"
"Health:Vision","2014-06-01","2014-06-01","2014-06-01","USD","0"
"Health:Vision","2014-06-02","2014-06-02","2014-06-02","USD","0"
"Health:Vision","2014-06-03","2014-06-03","2014-06-03","USD","0"
"Health:Vision","2014-06-04","2014-06-04","2014-06-04","USD","0"
"Health:Vision","2014-06-05","2014-06-05","2014-06-05","USD","42.30"
"Health:Vision","2014-06-06","2014-06-06","2014-06-06","USD","0"
"Health:Vision","2014-06-07","2014-06-07","2014-06-07","USD","0"
"Health:Vision","2014-06-08","2014-06-08","2014-06-08","USD","0"
"Health:Vision","2014-06-09","2014-06-09","2014-06-09","USD","0"
"Health:Vision","2014-06-10","2014-06-10","2014-06-10","USD","0"
"Health:Vision","2014-06-11","2014-06-11","2014-06-11","USD","0"
"Health:Vision","2014-06-12","2014-06-12","2014-06-12","USD","0"
"Health:Vision","2014-06-13","2014-06-13","2014-06-13","USD","0"
"Health:Vision","2014-06-14","2014-06-14","2014-06-14","USD","0"
"Health:Vision","2014-06-15","2014-06-15","2014-06-15","USD","0"
"Health:Vision","2014-06-16","2014-06-16","2014-06-16","USD","0"
"Health:Vision","2014-06-17","2014-06-17","2014-06-17","USD","0"
"Health:Vision","2014-06-18","2014-06-18","2014-06-18","USD","0"
"Health:Vision","2014-06-19","2014-06-19","2014-06-19","USD","42.30"
"Health:Vision","2014-06-20","2014-06-20","2014-06-20","USD","0"
"Health:Vision","2014-06-21","2014-06-21","2014-06-21","USD","0"
"Health:Vision","2014-06-22","2014-06-22","2014-06-22","USD","0"
"Health:Vision","2014-06-23","2014-06-23","2014-06-23","USD","0"
"Health:Vision","2014-06-24","2014-06-24","2014-06-24","USD","0"
"Health:Vision","2014-06-25","2014-06-25","2014-06-25","USD","0"
"Health:Vision","2014-06-26","2014-06-26","2014-06-26","USD","0"
"Health:Vision","2014-06-27","2014-06-27","2014-06-27","USD","0"
"Health:Vision","2014-06-28","2014-06-28","2014-06-28","USD","0"
"Health:Vision","2014-06-29","2014-06-29","2014-06-29","USD","0"
"Health:Vision","2014-06-30","2014-06-30","2014-06-30","USD","0"
"Health:Vision","2014-07-01","2014-07-01","2014-07-01","USD","0"
"Health:Vision","2014-07-02","2014-07-02","2014-07-02","USD","0"
"Health:Vision","2014-07-03","2014-07-03","2014-07-03","USD","42.30"
"Health:Vision","2014-07-04","2014-07-04","2014-07-04","USD","0"
"Health:Vision","2014-07-05","2014-07-05","2014-07-05","USD","0"
"Health:Vision","2014-07-06","2014-07-06","2014-07-06","USD","0"
"Health:Vision","2014-07-07","2014-07-07","2014-07-07","USD","0"
"Health:Vision","2014-07-08","2014-07-08","2014-07-08","USD","0"
"Health:Vision","2014-07-09","2014-07-09","2014-07-09","USD","0"
"Health:Vision","2014-07-10","2014-07-10","2014-07-10","USD","0"
"Health:Vision","2014-07-11","2014-07-11","2014-07-11","USD","0"
"Health:Vision","2014-07-12","2014-07-12","2014-07-12","USD","0"
"Health:Vision","2014-07-13","2014-07-13","2014-07-13","USD","0"
"Health:Vision","2014-07-14","2014-07-14","2014-07-14","USD","0"
"Health:Vision","2014-07-15","2014-07-15","2014-07-15","USD","0"
"Health:Vision","2014-07-16","2014-07-16","2014-07-16","USD","0"
"Health:Vision","2014-07-17","2014-07-17","2014-07-17","USD","42.30"
"Health:Vision","2014-07-18","2014-07-18","2014-07-18","USD","0"
"Health:Vision","2014-07-19","2014-07-19","2014-07-19","USD","0"
"Health:Vision","2014-07-20","2014-07-20","2014-07-20","USD","0"
"Health:Vision","2014-07-21","2014-07-21","2014-07-21","USD","0"
"Health:Vision","2014-07-22","2014-07-22","2014-07-22","USD","0"
"Health:Vision","2014-07-23","2014-07-23","2014-07-23","USD","0"
"Health:Vision","2014-07-24","2014-07-24","2014-07-24","USD","0"
"Health:Vision","2014-07-25","2014-07-25","2014-07-25","USD","0"
"Health:Vision","2014-07-26","2014-07-26","2014-07-26","USD","0"
"Health:Vision","2014-07-27","2014-07-27","2014-07-27","USD","0"
"Health:Vision","2014-07-28","2014-07-28","2014-07-28","USD","0"
"Health:Vision","2014-07-29","2014-07-29","2014-07-29","USD","0"
"Health:Vision","2014-07-30","2014-07-30","2014-07-30","USD","0"
"Health:Vision","2014-07-31","2014-07-31","2014-07-31","USD","42.30"
"Health:Vision","2014-08-01","2014-08-01","2014-08-01","USD","0"
"Health:Vision","2014-08-02","2014-08-02","2014-08-02","USD","0"
"Health:Vision","2014-08-03","2014-08-03","2014-08-03","USD","0"
"Health:Vision","2014-08-04","2014-08-04","2014-08-04","USD","0"
"Health:Vision","2014-08-05","2014-08-05","2014-08-05","USD","0"
"Health:Vision","2014-08-06","2014-08-06","2014-08-06","USD","0"
"Health:Vision","2014-08-07","2014-08-07","2014-08-07","USD","0"
"Health:Vision","2014-08-08","2014-08-08","2014-08-08","USD","0"
"Health:Vision","2014-08-09","2014-08-09","2014-08-09","USD","0"
"Health:Vision","2014-08-10","2014-08-10","2014-08-10","USD","0"
"Health:Vision","2014-08-11","2014-08-11","2014-08-11","USD","0"
"Health:Vision","2014-08-12","2014-08-12","2014-08-12","USD","0"
"Health:Vision","2014-08-13","2014-08-13","2014-08-13","USD","0"
"Health:Vision","2014-08-14","2014-08-14","2014-08-14","USD","42.30"
"Health:Vision","2014-08-15","2014-08-15","2014-08-15","USD","0"
"Health:Vision","2014-08-16","2014-08-16","2014-08-16","USD","0"
"Health:Vision","2014-08-17","2014-08-17","2014-08-17","USD","0"
"Health:Vision","2014-08-18","2014-08-18","2014-08-18","USD","0"
"Health:Vision","2014-08-19","2014-08-19","2014-08-19","USD","0"
"Health:Vision","2014-08-20","2014-08-20","2014-08-20","USD","0"
"Health:Vision","2014-08-21","2014-08-21","2014-08-21","USD","0"
"Health:Vision","2014-08-22","2014-08-22","2014-08-22","USD","0"
"Health:Vision","2014-08-23","2014-08-23","2014-08-23","USD","0"
"Health:Vision","2014-08-24","2014-08-24","2014-08-24","USD","0"
"Health:Vision","2014-08-25","2014-08-25","2014-08-25","USD","0"
"Health:Vision","2014-08-26","2014-08-26","2014-08-26","USD","0"
"Health:Vision","2014-08-27","2014-08-27","2014-08-27","USD","0"
"Health:Vision","2014-08-28","2014-08-28","2014-08-28","USD","42.30"
"Health:Vision","2014-08-29","2014-08-29","2014-08-29","USD","0"
"Health:Vision","2014-08-30","2014-08-30","2014-08-30","USD","0"
"Health:Vision","2014-08-31","2014-08-31","2014-08-31","USD","0"
"Health:Vision","2014-09-01","2014-09-01","2014-09-01","USD","0"
"Health:Vision","2014-09-02","2014-09-02","2014-09-02","USD","0"
"Health:Vision","2014-09-03","2014-09-03","2014-09-03","USD","0"
"Health:Vision","2014-09-04","2014-09-04","2014-09-04","USD","0"
"Health:Vision","2014-09-05","2014-09-05","2014-09-05","USD","0"
"Health:Vision","2014-09-06","2014-09-06","2014-09-06","USD","0"
"Health:Vision","2014-09-07","2014-09-07","2014-09-07","USD","0"
"Health:Vision","2014-09-08","2014-09-08","2014-09-08","USD","0"
"Health:Vision","2014-09-09","2014-09-09","2014-09-09","USD","0"
"Health:Vision","2014-09-10","2014-09-10","2014-09-10","USD","0"
"Health:Vision","2014-09-11","2014-09-11","2014-09-11","USD","42.30"
"Health:Vision","2014-09-12","2014-09-12","2014-09-12","USD","0"
"Health:Vision","2014-09-13","2014-09-13","2014-09-13","USD","0"
"Health:Vision","2014-09-14","2014-09-14","2014-09-14","USD","0"
"Health:Vision","2014-09-15","2014-09-15","2014-09-15","USD","0"
"Health:Vision","2014-09-16","2014-09-16","2014-09-16","USD","0"
"Health:Vision","2014-09-17","2014-09-17","2014-09-17","USD","0"
"Health:Vision","2014-09-18","2014-09-18","2014-09-18","USD","0"
"Health:Vision","2014-09-19","2014-09-19","2014-09-19","USD","0"
"Health:Vision","2014-09-20","2014-09-20","2014-09-20","USD","0"
"Health:Vision","2014-09-21","2014-09-21","2014-09-21","USD","0"
"Health:Vision","2014-09-22","2014-09-22","2014-09-22","USD","0"
"Health:Vision","2014-09-23","2014-09-23","2014-09-23","USD","0"
"Health:Vision","2014-09-24","2014-09-24","2014-09-24","USD","0"
"Health:Vision","2014-09-25","2014-09-25","2014-09-25","USD","42.30"
"Health:Vision","2014-09-26","2014-09-26","2014-09-26","USD","0"
"Health:Vision","2014-09-27","2014-09-27","2014-09-27","USD","0"
"Health:Vision","2014-09-28","2014-09-28","2014-09-28","USD","0"
"Health:Vision","2014-09-29","2014-09-29","2014-09-29","USD","0"
"Health:Vision","2014-09-30","2014-09-30","2014-09-30","USD","0"
"Health:Vision","2014-10-01","2014-10-01","2014-10-01","USD","0"
"Health:Vision","2014-10-02","2014-10-02","2014-10-02","USD","0"
"Health:Vision","2014-10-03","2014-10-03","2014-10-03","USD","0"
"Health:Vision","2014-10-04","2014-10-04","2014-10-04","USD","0"
"Health:Vision","2014-10-05","2014-10-05","2014-10-05","USD","0"
"Health:Vision","2014-10-06","2014-10-06","2014-10-06","USD","0"
"Health:Vision","2014-10-07","2014-10-07","2014-10-07","USD","0"
"Health:Vision","2014-10-08","2014-10-08","2014-10-08","USD","0"
"Health:Vision","2014-10-09","2014-10-09","2014-10-09","USD","42.30"
"Health:Vision","2014-10-10","2014-10-10","2014-10-10","USD","0"
"Health:Vision","2014-10-11","2014-10-11","2014-10-11","USD","0"
"Home:Electricity","2012-01-03","2012-01-03","2012-01-03","USD","0"
"Home:Electricity","2012-01-04","2012-01-04","2012-01-04","USD","0"
"Home:Electricity","2012-01-05","2012-01-05","2012-01-05","USD","0"
"Home:Electricity","2012-01-06","2012-01-06","2012-01-06","USD","0"
"Home:Electricity","2012-01-07","2012-01-07","2012-01-07","USD","0"
"Home:Electricity","2012-01-08","2012-01-08","2012-01-08","USD","65.00"
"Home:Electricity","2012-01-09","2012-01-09","2012-01-09","USD","0"
"Home:Electricity","2012-01-10","2012-01-10","2012-01-10","USD","0"
"Home:Electricity","2012-01-11","2012-01-11","2012-01-11","USD","0"
"Home:Electricity","2012-01-12","2012-01-12","2012-01-12","USD","0"
"Home:Electricity","2012-01-13","2012-01-13","2012-01-13","USD","0"
"Home:Electricity","2012-01-14","2012-01-14","2012-01-14","USD","0"
"Home:Electricity","2012-01-15","2012-01-15","2012-01-15","USD","0"
"Home:Electricity","2012-01-16","2012-01-16","2012-01-16","USD","0"
"Home:Electricity","2012-01-17","2012-01-17","2012-01-17","USD","0"
"Home:Electricity","2012-01-18","2012-01-18","2012-01-18","USD","0"
"Home:Electricity","2012-01-19","2012-01-19","2012-01-19","USD","0"
"Home:Electricity","2012-01-20","2012-01-20","2012-01-20","USD","0"
"Home:Electricity","2012-01-21","2012-01-21","2012-01-21","USD","0"
"Home:Electricity","2012-01-22","2012-01-22","2012-01-22","USD","0"
"Home:Electricity","2012-01-23","2012-01-23","2012-01-23","USD","0"
"Home:Electricity","2012-01-24","2012-01-24","2012-01-24","USD","0"
"Home:Electricity","2012-01-25","2012-01-25","2012-01-25","USD","0"
"Home:Electricity","2012-01-26","2012-01-26","2012-01-26","USD","0"
"Home:Electricity","2012-01-27","2012-01-27","2012-01-27","USD","0"
"Home:Electricity","2012-01-28","2012-01-28","2012-01-28","USD","0"
"Home:Electricity","2012-01-29","2012-01-29","2012-01-29","USD","0"
"Home:Electricity","2012-01-30","2012-01-30","2012-01-30","USD","0"
"Home:Electricity","2012-01-31","2012-01-31","2012-01-31","USD","0"
"Home:Electricity","2012-02-01","2012-02-01","2012-02-01","USD","0"
"Home:Electricity","2012-02-02","2012-02-02","2012-02-02","USD","0"
"Home:Electricity","2012-02-03","2012-02-03","2012-02-03","USD","0"
"Home:Electricity","2012-02-04","2012-02-04","2012-02-04","USD","0"
"Home:Electricity","2012-02-05","2012-02-05","2012-02-05","USD","0"
"Home:Electricity","2012-02-06","2012-02-06","2012-02-06","USD","0"
"Home:Electricity","2012-02-07","2012-02-07","2012-02-07","USD","0"
"Home:Electricity","2012-02-08","2012-02-08","2012-02-08","USD","0"
"Home:Electricity","2012-02-09","2012-02-09","2012-02-09","USD","65.00"
"Home:Electricity","2012-02-10","2012-02-10","2012-02-10","USD","0"
"Home:Electricity","2012-02-11","2012-02-11","2012-02-11","USD","0"
"Home:Electricity","2012-02-12","2012-02-12","2012-02-12","USD","0"
"Home:Electricity","2012-02-13","2012-02-13","2012-02-13","USD","0"
"Home:Electricity","2012-02-14","2012-02-14","2012-02-14","USD","0"
"Home:Electricity","2012-02-15","2012-02-15","2012-02-15","USD","0"
"Home:Electricity","2012-02-16","2012-02-16","2012-02-16","USD","0"
"Home:Electricity","2012-02-17","2012-02-17","2012-02-17","USD","0"
"Home:Electricity","2012-02-18","2012-02-18","2012-02-18","USD","0"
"Home:Electricity","2012-02-19","2012-02-19","2012-02-19","USD","0"
"Home:Electricity","2012-02-20","2012-02-20","2012-02-20","USD","0"
"Home:Electricity","2012-02-21","2012-02-21","2012-02-21","USD","0"
"Home:Electricity","2012-02-22","2012-02-22","2012-02-22","USD","0"
"Home:Electricity","2012-02-23","2012-02-23","2012-02-23","USD","0"
"Home:Electricity","2012-02-24","2012-02-24","2012-02-24","USD","0"
"Home:Electricity","2012-02-25","2012-02-25","2012-02-25","USD","0"
"Home:Electricity","2012-02-26","2012-02-26","2012-02-26","USD","0"
"Home:Electricity","2012-02-27","2012-02-27","2012-02-27","USD","0"
"Home:Electricity","2012-02-28","2012-02-28","2012-02-28","USD","0"
"Home:Electricity","2012-02-29","2012-02-29","2012-02-29","USD","0"
"Home:Electricity","2012-03-01","2012-03-01","2012-03-01","USD","0"
"Home:Electricity","2012-03-02","2012-03-02","2012-03-02","USD","0"
"Home:Electricity","2012-03-03","2012-03-03","2012-03-03","USD","0"
"Home:Electricity","2012-03-04","2012-03-04","2012-03-04","USD","0"
"Home:Electricity","2012-03-05","2012-03-05","2012-03-05","USD","0"
"Home:Electricity","2012-03-06","2012-03-06","2012-03-06","USD","0"
"Home:Electricity","2012-03-07","2012-03-07","2012-03-07","USD","0"
"Home:Electricity","2012-03-08","2012-03-08","2012-03-08","USD","0"
"Home:Electricity","2012-03-09","2012-03-09","2012-03-09","USD","65.00"
"Home:Electricity","2012-03-10","2012-03-10","2012-03-10","USD","0"
"Home:Electricity","2012-03-11","2012-03-11","2012-03-11","USD","0"
"Home:Electricity","2012-03-12","2012-03-12","2012-03-12","USD","0"
"Home:Electricity","2012-03-13","2012-03-13","2012-03-13","USD","0"
"Home:Electricity","2012-03-14","2012-03-14","2012-03-14","USD","0"
"Home:Electricity","2012-03-15","2012-03-15","2012-03-15","USD","0"
"Home:Electricity","2012-03-16","2012-03-16","2012-03-16","USD","0"
"Home:Electricity","2012-03-17","2012-03-17","2012-03-17","USD","0"
"Home:Electricity","2012-03-18","2012-03-18","2012-03-18","USD","0"
"Home:Electricity","2012-03-19","2012-03-19","2012-03-19","USD","0"
"Home:Electricity","2012-03-20","2012-03-20","2012-03-20","USD","0"
"Home:Electricity","2012-03-21","2012-03-21","2012-03-21","USD","0"
"Home:Electricity","2012-03-22","2012-03-22","2012-03-22","USD","0"
"Home:Electricity","2012-03-23","2012-03-23","2012-03-23","USD","0"
"Home:Electricity","2012-03-24","2012-03-24","2012-03-24","USD","0"
"Home:Electricity","2012-03-25","2012-03-25","2012-03-25","USD","0"
"Home:Electricity","2012-03-26","2012-03-26","2012-03-26","USD","0"
"Home:Electricity","2012-03-27","2012-03-27","2012-03-27","USD","0"
"Home:Electricity","2012-03-28","2012-03-28","2012-03-28","USD","0"
"Home:Electricity","2012-03-29","2012-03-29","2012-03-29","USD","0"
"Home:Electricity","2012-03-30","2012-03-30","2012-03-30","USD","0"
"Home:Electricity","2012-03-31","2012-03-31","2012-03-31","USD","0"
"Home:Electricity","2012-04-01","2012-04-01","2012-04-01","USD","0"
"Home:Electricity","2012-04-02","2012-04-02","2012-04-02","USD","0"
"Home:Electricity","2012-04-03","2012-04-03","2012-04-03","USD","0"
"Home:Electricity","2012-04-04","2012-04-04","2012-04-04","USD","0"
"Home:Electricity","2012-04-05","2012-04-05","2012-04-05","USD","0"
"Home:Electricity","2012-04-06","2012-04-06","2012-04-06","USD","0"
"Home:Electricity","2012-04-07","2012-04-07","2012-04-07","USD","0"
"Home:Electricity","2012-04-08","2012-04-08","2012-04-08","USD","65.00"
"Home:Electricity","2012-04-09","2012-04-09","2012-04-09","USD","0"
"Home:Electricity","2012-04-10","2012-04-10","2012-04-10","USD","0"
"Home:Electricity","2012-04-11","2012-04-11","2012-04-11","USD","0"
"Home:Electricity","2012-04-12","2012-04-12","2012-04-12","USD","0"
"Home:Electricity","2012-04-13","2012-04-13","2012-04-13","USD","0"
"Home:Electricity","2012-04-14","2012-04-14","2012-04-14","USD","0"
"Home:Electricity","2012-04-15","2012-04-15","2012-04-15","USD","0"
"Home:Electricity","2012-04-16","2012-04-16","2012-04-16","USD","0"
"Home:Electricity","2012-04-17","2012-04-17","2012-04-17","USD","0"
"Home:Electricity","2012-04-18","2012-04-18","2012-04-18","USD","0"
"Home:Electricity","2012-04-19","2012-04-19","2012-04-19","USD","0"
"Home:Electricity","2012-04-20","2012-04-20","2012-04-20","USD","0"
"Home:Electricity","2012-04-21","2012-04-21","2012-04-21","USD","0"
"Home:Electricity","2012-04-22","2012-04-22","2012-04-22","USD","0"
"Home:Electricity","2012-04-23","2012-04-23","2012-04-23","USD","0"
"Home:Electricity","2012-04-24","2012-04-24","2012-04-24","USD","0"
"Home:Electricity","2012-04-25","2012-04-25","2012-04-25","USD","0"
"Home:Electricity","2012-04-26","2012-04-26","2012-04-26","USD","0"
"Home:Electricity","2012-04-27","2012-04-27","2012-04-27","USD","0"
"Home:Electricity","2012-04-28","2012-04-28","2012-04-28","USD","0"
"Home:Electricity","2012-04-29","2012-04-29","2012-04-29","USD","0"
"Home:Electricity","2012-04-30","2012-04-30","2012-04-30","USD","0"
"Home:Electricity","2012-05-01","2012-05-01","2012-05-01","USD","0"
"Home:Electricity","2012-05-02","2012-05-02","2012-05-02","USD","0"
"Home:Electricity","2012-05-03","2012-05-03","2012-05-03","USD","0"
"Home:Electricity","2012-05-04","2012-05-04","2012-05-04","USD","0"
"Home:Electricity","2012-05-05","2012-05-05","2012-05-05","USD","0"
"Home:Electricity","2012-05-06","2012-05-06","2012-05-06","USD","0"
"Home:Electricity","2012-05-07","2012-05-07","2012-05-07","USD","0"
"Home:Electricity","2012-05-08","2012-05-08","2012-05-08","USD","65.00"
"Home:Electricity","2012-05-09","2012-05-09","2012-05-09","USD","0"
"Home:Electricity","2012-05-10","2012-05-10","2012-05-10","USD","0"
"Home:Electricity","2012-05-11","2012-05-11","2012-05-11","USD","0"
"Home:Electricity","2012-05-12","2012-05-12","2012-05-12","USD","0"
"Home:Electricity","2012-05-13","2012-05-13","2012-05-13","USD","0"
"Home:Electricity","2012-05-14","2012-05-14","2012-05-14","USD","0"
"Home:Electricity","2012-05-15","2012-05-15","2012-05-15","USD","0"
"Home:Electricity","2012-05-16","2012-05-16","2012-05-16","USD","0"
"Home:Electricity","2012-05-17","2012-05-17","2012-05-17","USD","0"
"Home:Electricity","2012-05-18","2012-05-18","2012-05-18","USD","0"
"Home:Electricity","2012-05-19","2012-05-19","2012-05-19","USD","0"
"Home:Electricity","2012-05-20","2012-05-20","2012-05-20","USD","0"
"Home:Electricity","2012-05-21","2012-05-21","2012-05-21","USD","0"
"Home:Electricity","2012-05-22","2012-05-22","2012-05-22","USD","0"
"Home:Electricity","2012-05-23","2012-05-23","2012-05-23","USD","0"
"Home:Electricity","2012-05-24","2012-05-24","2012-05-24","USD","0"
"Home:Electricity","2012-05-25","2012-05-25","2012-05-25","USD","0"
"Home:Electricity","2012-05-26","2012-05-26","2012-05-26","USD","0"
"Home:Electricity","2012-05-27","2012-05-27","2012-05-27","USD","0"
"Home:Electricity","2012-05-28","2012-05-28","2012-05-28","USD","0"
"Home:Electricity","2012-05-29","2012-05-29","2012-05-29","USD","0"
"Home:Electricity","2012-05-30","2012-05-30","2012-05-30","USD","0"
"Home:Electricity","2012-05-31","2012-05-31","2012-05-31","USD","0"
"Home:Electricity","2012-06-01","2012-06-01","2012-06-01","USD","0"
"Home:Electricity","2012-06-02","2012-06-02","2012-06-02","USD","0"
"Home:Electricity","2012-06-03","2012-06-03","2012-06-03","USD","0"
"Home:Electricity","2012-06-04","2012-06-04","2012-06-04","USD","0"
"Home:Electricity","2012-06-05","2012-06-05","2012-06-05","USD","0"
"Home:Electricity","2012-06-06","2012-06-06","2012-06-06","USD","0"
"Home:Electricity","2012-06-07","2012-06-07","2012-06-07","USD","0"
"Home:Electricity","2012-06-08","2012-06-08","2012-06-08","USD","65.00"
"Home:Electricity","2012-06-09","2012-06-09","2012-06-09","USD","0"
"Home:Electricity","2012-06-10","2012-06-10","2012-06-10","USD","0"
"Home:Electricity","2012-06-11","2012-06-11","2012-06-11","USD","0"
"Home:Electricity","2012-06-12","2012-06-12","2012-06-12","USD","0"
"Home:Electricity","2012-06-13","2012-06-13","2012-06-13","USD","0"
"Home:Electricity","2012-06-14","2012-06-14","2012-06-14","USD","0"
"Home:Electricity","2012-06-15","2012-06-15","2012-06-15","USD","0"
"Home:Electricity","2012-06-16","2012-06-16","2012-06-16","USD","0"
"Home:Electricity","2012-06-17","2012-06-17","2012-06-17","USD","0"
"Home:Electricity","2012-06-18","2012-06-18","2012-06-18","USD","0"
"Home:Electricity","2012-06-19","2012-06-19","2012-06-19","USD","0"
"Home:Electricity","2012-06-20","2012-06-20","2012-06-20","USD","0"
"Home:Electricity","2012-06-21","2012-06-21","2012-06-21","USD","0"
"Home:Electricity","2012-06-22","2012-06-22","2012-06-22","USD","0"
"Home:Electricity","2012-06-23","2012-06-23","2012-06-23","USD","0"
"Home:Electricity","2012-06-24","2012-06-24","2012-06-24","USD","0"
"Home:Electricity","2012-06-25","2012-06-25","2012-06-25","USD","0"
"Home:Electricity","2012-06-26","2012-06-26","2012-06-26","USD","0"
"Home:Electricity","2012-06-27","2012-06-27","2012-06-27","USD","0"
"Home:Electricity","2012-06-28","2012-06-28","2012-06-28","USD","0"
"Home:Electricity","2012-06-29","2012-06-29","2012-06-29","USD","0"
"Home:Electricity","2012-06-30","2012-06-30","2012-06-30","USD","0"
"Home:Electricity","2012-07-01","2012-07-01","2012-07-01","USD","0"
"Home:Electricity","2012-07-02","2012-07-02","2012-07-02","USD","0"
"Home:Electricity","2012-07-03","2012-07-03","2012-07-03","USD","0"
"Home:Electricity","2012-07-04","2012-07-04","2012-07-04","USD","0"
"Home:Electricity","2012-07-05","2012-07-05","2012-07-05","USD","0"
"Home:Electricity","2012-07-06","2012-07-06","2012-07-06","USD","0"
"Home:Electricity","2012-07-07","2012-07-07","2012-07-07","USD","0"
"Home:Electricity","2012-07-08","2012-07-08","2012-07-08","USD","0"
"Home:Electricity","2012-07-09","2012-07-09","2012-07-09","USD","65.00"
"Home:Electricity","2012-07-10","2012-07-10","2012-07-10","USD","0"
"Home:Electricity","2012-07-11","2012-07-11","2012-07-11","USD","0"
"Home:Electricity","2012-07-12","2012-07-12","2012-07-12","USD","0"
"Home:Electricity","2012-07-13","2012-07-13","2012-07-13","USD","0"
"Home:Electricity","2012-07-14","2012-07-14","2012-07-14","USD","0"
"Home:Electricity","2012-07-15","2012-07-15","2012-07-15","USD","0"
"Home:Electricity","2012-07-16","2012-07-16","2012-07-16","USD","0"
"Home:Electricity","2012-07-17","2012-07-17","2012-07-17","USD","0"
"Home:Electricity","2012-07-18","2012-07-18","2012-07-18","USD","0"
"Home:Electricity","2012-07-19","2012-07-19","2012-07-19","USD","0"
"Home:Electricity","2012-07-20","2012-07-20","2012-07-20","USD","0"
"Home:Electricity","2012-07-21","2012-07-21","2012-07-21","USD","0"
"Home:Electricity","2012-07-22","2012-07-22","2012-07-22","USD","0"
"Home:Electricity","2012-07-23","2012-07-23","2012-07-23","USD","0"
"Home:Electricity","2012-07-24","2012-07-24","2012-07-24","USD","0"
"Home:Electricity","2012-07-25","2012-07-25","2012-07-25","USD","0"
"Home:Electricity","2012-07-26","2012-07-26","2012-07-26","USD","0"
"Home:Electricity","2012-07-27","2012-07-27","2012-07-27","USD","0"
"Home:Electricity","2012-07-28","2012-07-28","2012-07-28","USD","0"
"Home:Electricity","2012-07-29","2012-07-29","2012-07-29","USD","0"
"Home:Electricity","2012-07-30","2012-07-30","2012-07-30","USD","0"
"Home:Electricity","2012-07-31","2012-07-31","2012-07-31","USD","0"
"Home:Electricity","2012-08-01","2012-08-01","2012-08-01","USD","0"
"Home:Electricity","2012-08-02","2012-08-02","2012-08-02","USD","0"
"Home:Electricity","2012-08-03","2012-08-03","2012-08-03","USD","0"
"Home:Electricity","2012-08-04","2012-08-04","2012-08-04","USD","0"
"Home:Electricity","2012-08-05","2012-08-05","2012-08-05","USD","0"
"Home:Electricity","2012-08-06","2012-08-06","2012-08-06","USD","0"
"Home:Electricity","2012-08-07","2012-08-07","2012-08-07","USD","0"
"Home:Electricity","2012-08-08","2012-08-08","2012-08-08","USD","0"
"Home:Electricity","2012-08-09","2012-08-09","2012-08-09","USD","65.00"
"Home:Electricity","2012-08-10","2012-08-10","2012-08-10","USD","0"
"Home:Electricity","2012-08-11","2012-08-11","2012-08-11","USD","0"
"Home:Electricity","2012-08-12","2012-08-12","2012-08-12","USD","0"
"Home:Electricity","2012-08-13","2012-08-13","2012-08-13","USD","0"
"Home:Electricity","2012-08-14","2012-08-14","2012-08-14","USD","0"
"Home:Electricity","2012-08-15","2012-08-15","2012-08-15","USD","0"
"Home:Electricity","2012-08-16","2012-08-16","2012-08-16","USD","0"
"Home:Electricity","2012-08-17","2012-08-17","2012-08-17","USD","0"
"Home:Electricity","2012-08-18","2012-08-18","2012-08-18","USD","0"
"Home:Electricity","2012-08-19","2012-08-19","2012-08-19","USD","0"
"Home:Electricity","2012-08-20","2012-08-20","2012-08-20","USD","0"
"Home:Electricity","2012-08-21","2012-08-21","2012-08-21","USD","0"
"Home:Electricity","2012-08-22","2012-08-22","2012-08-22","USD","0"
"Home:Electricity","2012-08-23","2012-08-23","2012-08-23","USD","0"
"Home:Electricity","2012-08-24","2012-08-24","2012-08-24","USD","0"
"Home:Electricity","2012-08-25","2012-08-25","2012-08-25","USD","0"
"Home:Electricity","2012-08-26","2012-08-26","2012-08-26","USD","0"
"Home:Electricity","2012-08-27","2012-08-27","2012-08-27","USD","0"
"Home:Electricity","2012-08-28","2012-08-28","2012-08-28","USD","0"
"Home:Electricity","2012-08-29","2012-08-29","2012-08-29","USD","0"
"Home:Electricity","2012-08-30","2012-08-30","2012-08-30","USD","0"
"Home:Electricity","2012-08-31","2012-08-31","2012-08-31","USD","0"
"Home:Electricity","2012-09-01","2012-09-01","2012-09-01","USD","0"
"Home:Electricity","2012-09-02","2012-09-02","2012-09-02","USD","0"
"Home:Electricity","2012-09-03","2012-09-03","2012-09-03","USD","0"
"Home:Electricity","2012-09-04","2012-09-04","2012-09-04","USD","0"
"Home:Electricity","2012-09-05","2012-09-05","2012-09-05","USD","0"
"Home:Electricity","2012-09-06","2012-09-06","2012-09-06","USD","0"
"Home:Electricity","2012-09-07","2012-09-07","2012-09-07","USD","0"
"Home:Electricity","2012-09-08","2012-09-08","2012-09-08","USD","0"
"Home:Electricity","2012-09-09","2012-09-09","2012-09-09","USD","65.00"
"Home:Electricity","2012-09-10","2012-09-10","2012-09-10","USD","0"
"Home:Electricity","2012-09-11","2012-09-11","2012-09-11","USD","0"
"Home:Electricity","2012-09-12","2012-09-12","2012-09-12","USD","0"
"Home:Electricity","2012-09-13","2012-09-13","2012-09-13","USD","0"
"Home:Electricity","2012-09-14","2012-09-14","2012-09-14","USD","0"
"Home:Electricity","2012-09-15","2012-09-15","2012-09-15","USD","0"
"Home:Electricity","2012-09-16","2012-09-16","2012-09-16","USD","0"
"Home:Electricity","2012-09-17","2012-09-17","2012-09-17","USD","0"
"Home:Electricity","2012-09-18","2012-09-18","2012-09-18","USD","0"
"Home:Electricity","2012-09-19","2012-09-19","2012-09-19","USD","0"
"Home:Electricity","2012-09-20","2012-09-20","2012-09-20","USD","0"
"Home:Electricity","2012-09-21","2012-09-21","2012-09-21","USD","0"
"Home:Electricity","2012-09-22","2012-09-22","2012-09-22","USD","0"
"Home:Electricity","2012-09-23","2012-09-23","2012-09-23","USD","0"
"Home:Electricity","2012-09-24","2012-09-24","2012-09-24","USD","0"
"Home:Electricity","2012-09-25","2012-09-25","2012-09-25","USD","0"
"Home:Electricity","2012-09-26","2012-09-26","2012-09-26","USD","0"
"Home:Electricity","2012-09-27","2012-09-27","2012-09-27","USD","0"
"Home:Electricity","2012-09-28","2012-09-28","2012-09-28","USD","0"
"Home:Electricity","2012-09-29","2012-09-29","2012-09-29","USD","0"
"Home:Electricity","2012-09-30","2012-09-30","2012-09-30","USD","0"
"Home:Electricity","2012-10-01","2012-10-01","2012-10-01","USD","0"
"Home:Electricity","2012-10-02","2012-10-02","2012-10-02","USD","0"
"Home:Electricity","2012-10-03","2012-10-03","2012-10-03","USD","0"
"Home:Electricity","2012-10-04","2012-10-04","2012-10-04","USD","0"
"Home:Electricity","2012-10-05","2012-10-05","2012-10-05","USD","0"
"Home:Electricity","2012-10-06","2012-10-06","2012-10-06","USD","0"
"Home:Electricity","2012-10-07","2012-10-07","2012-10-07","USD","0"
"Home:Electricity","2012-10-08","2012-10-08","2012-10-08","USD","65.00"
"Home:Electricity","2012-10-09","2012-10-09","2012-10-09","USD","0"
"Home:Electricity","2012-10-10","2012-10-10","2012-10-10","USD","0"
"Home:Electricity","2012-10-11","2012-10-11","2012-10-11","USD","0"
"Home:Electricity","2012-10-12","2012-10-12","2012-10-12","USD","0"
"Home:Electricity","2012-10-13","2012-10-13","2012-10-13","USD","0"
"Home:Electricity","2012-10-14","2012-10-14","2012-10-14","USD","0"
"Home:Electricity","2012-10-15","2012-10-15","2012-10-15","USD","0"
"Home:Electricity","2012-10-16","2012-10-16","2012-10-16","USD","0"
"Home:Electricity","2012-10-17","2012-10-17","2012-10-17","USD","0"
"Home:Electricity","2012-10-18","2012-10-18","2012-10-18","USD","0"
"Home:Electricity","2012-10-19","2012-10-19","2012-10-19","USD","0"
"Home:Electricity","2012-10-20","2012-10-20","2012-10-20","USD","0"
"Home:Electricity","2012-10-21","2012-10-21","2012-10-21","USD","0"
"Home:Electricity","2012-10-22","2012-10-22","2012-10-22","USD","0"
"Home:Electricity","2012-10-23","2012-10-23","2012-10-23","USD","0"
"Home:Electricity","2012-10-24","2012-10-24","2012-10-24","USD","0"
"Home:Electricity","2012-10-25","2012-10-25","2012-10-25","USD","0"
"Home:Electricity","2012-10-26","2012-10-26","2012-10-26","USD","0"
"Home:Electricity","2012-10-27","2012-10-27","2012-10-27","USD","0"
"Home:Electricity","2012-10-28","2012-10-28","2012-10-28","USD","0"
"Home:Electricity","2012-10-29","2012-10-29","2012-10-29","USD","0"
"Home:Electricity","2012-10-30","2012-10-30","2012-10-30","USD","0"
"Home:Electricity","2012-10-31","2012-10-31","2012-10-31","USD","0"
"Home:Electricity","2012-11-01","2012-11-01","2012-11-01","USD","0"
"Home:Electricity","2012-11-02","2012-11-02","2012-11-02","USD","0"
"Home:Electricity","2012-11-03","2012-11-03","2012-11-03","USD","0"
"Home:Electricity","2012-11-04","2012-11-04","2012-11-04","USD","0"
"Home:Electricity","2012-11-05","2012-11-05","2012-11-05","USD","0"
"Home:Electricity","2012-11-06","2012-11-06","2012-11-06","USD","0"
"Home:Electricity","2012-11-07","2012-11-07","2012-11-07","USD","0"
"Home:Electricity","2012-11-08","2012-11-08","2012-11-08","USD","0"
"Home:Electricity","2012-11-09","2012-11-09","2012-11-09","USD","65.00"
"Home:Electricity","2012-11-10","2012-11-10","2012-11-10","USD","0"
"Home:Electricity","2012-11-11","2012-11-11","2012-11-11","USD","0"
"Home:Electricity","2012-11-12","2012-11-12","2012-11-12","USD","0"
"Home:Electricity","2012-11-13","2012-11-13","2012-11-13","USD","0"
"Home:Electricity","2012-11-14","2012-11-14","2012-11-14","USD","0"
"Home:Electricity","2012-11-15","2012-11-15","2012-11-15","USD","0"
"Home:Electricity","2012-11-16","2012-11-16","2012-11-16","USD","0"
"Home:Electricity","2012-11-17","2012-11-17","2012-11-17","USD","0"
"Home:Electricity","2012-11-18","2012-11-18","2012-11-18","USD","0"
"Home:Electricity","2012-11-19","2012-11-19","2012-11-19","USD","0"
"Home:Electricity","2012-11-20","2012-11-20","2012-11-20","USD","0"
"Home:Electricity","2012-11-21","2012-11-21","2012-11-21","USD","0"
"Home:Electricity","2012-11-22","2012-11-22","2012-11-22","USD","0"
"Home:Electricity","2012-11-23","2012-11-23","2012-11-23","USD","0"
"Home:Electricity","2012-11-24","2012-11-24","2012-11-24","USD","0"
"Home:Electricity","2012-11-25","2012-11-25","2012-11-25","USD","0"
"Home:Electricity","2012-11-26","2012-11-26","2012-11-26","USD","0"
"Home:Electricity","2012-11-27","2012-11-27","2012-11-27","USD","0"
"Home:Electricity","2012-11-28","2012-11-28","2012-11-28","USD","0"
"Home:Electricity","2012-11-29","2012-11-29","2012-11-29","USD","0"
"Home:Electricity","2012-11-30","2012-11-30","2012-11-30","USD","0"
"Home:Electricity","2012-12-01","2012-12-01","2012-12-01","USD","0"
"Home:Electricity","2012-12-02","2012-12-02","2012-12-02","USD","0"
"Home:Electricity","2012-12-03","2012-12-03","2012-12-03","USD","0"
"Home:Electricity","2012-12-04","2012-12-04","2012-12-04","USD","0"
"Home:Electricity","2012-12-05","2012-12-05","2012-12-05","USD","0"
"Home:Electricity","2012-12-06","2012-12-06","2012-12-06","USD","0"
"Home:Electricity","2012-12-07","2012-12-07","2012-12-07","USD","0"
"Home:Electricity","2012-12-08","2012-12-08","2012-12-08","USD","0"
"Home:Electricity","2012-12-09","2012-12-09","2012-12-09","USD","65.00"
"Home:Electricity","2012-12-10","2012-12-10","2012-12-10","USD","0"
"Home:Electricity","2012-12-11","2012-12-11","2012-12-11","USD","0"
"Home:Electricity","2012-12-12","2012-12-12","2012-12-12","USD","0"
"Home:Electricity","2012-12-13","2012-12-13","2012-12-13","USD","0"
"Home:Electricity","2012-12-14","2012-12-14","2012-12-14","USD","0"
"Home:Electricity","2012-12-15","2012-12-15","2012-12-15","USD","0"
"Home:Electricity","2012-12-16","2012-12-16","2012-12-16","USD","0"
"Home:Electricity","2012-12-17","2012-12-17","2012-12-17","USD","0"
"Home:Electricity","2012-12-18","2012-12-18","2012-12-18","USD","0"
"Home:Electricity","2012-12-19","2012-12-19","2012-12-19","USD","0"
"Home:Electricity","2012-12-20","2012-12-20","2012-12-20","USD","0"
"Home:Electricity","2012-12-21","2012-12-21","2012-12-21","USD","0"
"Home:Electricity","2012-12-22","2012-12-22","2012-12-22","USD","0"
"Home:Electricity","2012-12-23","2012-12-23","2012-12-23","USD","0"
"Home:Electricity","2012-12-24","2012-12-24","2012-12-24","USD","0"
"Home:Electricity","2012-12-25","2012-12-25","2012-12-25","USD","0"
"Home:Electricity","2012-12-26","2012-12-26","2012-12-26","USD","0"
"Home:Electricity","2012-12-27","2012-12-27","2012-12-27","USD","0"
"Home:Electricity","2012-12-28","2012-12-28","2012-12-28","USD","0"
"Home:Electricity","2012-12-29","2012-12-29","2012-12-29","USD","0"
"Home:Electricity","2012-12-30","2012-12-30","2012-12-30","USD","0"
"Home:Electricity","2012-12-31","2012-12-31","2012-12-31","USD","0"
"Home:Electricity","2013-01-01","2013-01-01","2013-01-01","USD","0"
"Home:Electricity","2013-01-02","2013-01-02","2013-01-02","USD","0"
"Home:Electricity","2013-01-03","2013-01-03","2013-01-03","USD","0"
"Home:Electricity","2013-01-04","2013-01-04","2013-01-04","USD","0"
"Home:Electricity","2013-01-05","2013-01-05","2013-01-05","USD","0"
"Home:Electricity","2013-01-06","2013-01-06","2013-01-06","USD","0"
"Home:Electricity","2013-01-07","2013-01-07","2013-01-07","USD","0"
"Home:Electricity","2013-01-08","2013-01-08","2013-01-08","USD","65.00"
"Home:Electricity","2013-01-09","2013-01-09","2013-01-09","USD","0"
"Home:Electricity","2013-01-10","2013-01-10","2013-01-10","USD","0"
"Home:Electricity","2013-01-11","2013-01-11","2013-01-11","USD","0"
"Home:Electricity","2013-01-12","2013-01-12","2013-01-12","USD","0"
"Home:Electricity","2013-01-13","2013-01-13","2013-01-13","USD","0"
"Home:Electricity","2013-01-14","2013-01-14","2013-01-14","USD","0"
"Home:Electricity","2013-01-15","2013-01-15","2013-01-15","USD","0"
"Home:Electricity","2013-01-16","2013-01-16","2013-01-16","USD","0"
"Home:Electricity","2013-01-17","2013-01-17","2013-01-17","USD","0"
"Home:Electricity","2013-01-18","2013-01-18","2013-01-18","USD","0"
"Home:Electricity","2013-01-19","2013-01-19","2013-01-19","USD","0"
"Home:Electricity","2013-01-20","2013-01-20","2013-01-20","USD","0"
"Home:Electricity","2013-01-21","2013-01-21","2013-01-21","USD","0"
"Home:Electricity","2013-01-22","2013-01-22","2013-01-22","USD","0"
"Home:Electricity","2013-01-23","2013-01-23","2013-01-23","USD","0"
"Home:Electricity","2013-01-24","2013-01-24","2013-01-24","USD","0"
"Home:Electricity","2013-01-25","2013-01-25","2013-01-25","USD","0"
"Home:Electricity","2013-01-26","2013-01-26","2013-01-26","USD","0"
"Home:Electricity","2013-01-27","2013-01-27","2013-01-27","USD","0"
"Home:Electricity","2013-01-28","2013-01-28","2013-01-28","USD","0"
"Home:Electricity","2013-01-29","2013-01-29","2013-01-29","USD","0"
"Home:Electricity","2013-01-30","2013-01-30","2013-01-30","USD","0"
"Home:Electricity","2013-01-31","2013-01-31","2013-01-31","USD","0"
"Home:Electricity","2013-02-01","2013-02-01","2013-02-01","USD","0"
"Home:Electricity","2013-02-02","2013-02-02","2013-02-02","USD","0"
"Home:Electricity","2013-02-03","2013-02-03","2013-02-03","USD","0"
"Home:Electricity","2013-02-04","2013-02-04","2013-02-04","USD","0"
"Home:Electricity","2013-02-05","2013-02-05","2013-02-05","USD","0"
"Home:Electricity","2013-02-06","2013-02-06","2013-02-06","USD","0"
"Home:Electricity","2013-02-07","2013-02-07","2013-02-07","USD","0"
"Home:Electricity","2013-02-08","2013-02-08","2013-02-08","USD","0"
"Home:Electricity","2013-02-09","2013-02-09","2013-02-09","USD","65.00"
"Home:Electricity","2013-02-10","2013-02-10","2013-02-10","USD","0"
"Home:Electricity","2013-02-11","2013-02-11","2013-02-11","USD","0"
"Home:Electricity","2013-02-12","2013-02-12","2013-02-12","USD","0"
"Home:Electricity","2013-02-13","2013-02-13","2013-02-13","USD","0"
"Home:Electricity","2013-02-14","2013-02-14","2013-02-14","USD","0"
"Home:Electricity","2013-02-15","2013-02-15","2013-02-15","USD","0"
"Home:Electricity","2013-02-16","2013-02-16","2013-02-16","USD","0"
"Home:Electricity","2013-02-17","2013-02-17","2013-02-17","USD","0"
"Home:Electricity","2013-02-18","2013-02-18","2013-02-18","USD","0"
"Home:Electricity","2013-02-19","2013-02-19","2013-02-19","USD","0"
"Home:Electricity","2013-02-20","2013-02-20","2013-02-20","USD","0"
"Home:Electricity","2013-02-21","2013-02-21","2013-02-21","USD","0"
"Home:Electricity","2013-02-22","2013-02-22","2013-02-22","USD","0"
"Home:Electricity","2013-02-23","2013-02-23","2013-02-23","USD","0"
"Home:Electricity","2013-02-24","2013-02-24","2013-02-24","USD","0"
"Home:Electricity","2013-02-25","2013-02-25","2013-02-25","USD","0"
"Home:Electricity","2013-02-26","2013-02-26","2013-02-26","USD","0"
"Home:Electricity","2013-02-27","2013-02-27","2013-02-27","USD","0"
"Home:Electricity","2013-02-28","2013-02-28","2013-02-28","USD","0"
"Home:Electricity","2013-03-01","2013-03-01","2013-03-01","USD","0"
"Home:Electricity","2013-03-02","2013-03-02","2013-03-02","USD","0"
"Home:Electricity","2013-03-03","2013-03-03","2013-03-03","USD","0"
"Home:Electricity","2013-03-04","2013-03-04","2013-03-04","USD","0"
"Home:Electricity","2013-03-05","2013-03-05","2013-03-05","USD","0"
"Home:Electricity","2013-03-06","2013-03-06","2013-03-06","USD","0"
"Home:Electricity","2013-03-07","2013-03-07","2013-03-07","USD","0"
"Home:Electricity","2013-03-08","2013-03-08","2013-03-08","USD","65.00"
"Home:Electricity","2013-03-09","2013-03-09","2013-03-09","USD","0"
"Home:Electricity","2013-03-10","2013-03-10","2013-03-10","USD","0"
"Home:Electricity","2013-03-11","2013-03-11","2013-03-11","USD","0"
"Home:Electricity","2013-03-12","2013-03-12","2013-03-12","USD","0"
"Home:Electricity","2013-03-13","2013-03-13","2013-03-13","USD","0"
"Home:Electricity","2013-03-14","2013-03-14","2013-03-14","USD","0"
"Home:Electricity","2013-03-15","2013-03-15","2013-03-15","USD","0"
"Home:Electricity","2013-03-16","2013-03-16","2013-03-16","USD","0"
"Home:Electricity","2013-03-17","2013-03-17","2013-03-17","USD","0"
"Home:Electricity","2013-03-18","2013-03-18","2013-03-18","USD","0"
"Home:Electricity","2013-03-19","2013-03-19","2013-03-19","USD","0"
"Home:Electricity","2013-03-20","2013-03-20","2013-03-20","USD","0"
"Home:Electricity","2013-03-21","2013-03-21","2013-03-21","USD","0"
"Home:Electricity","2013-03-22","2013-03-22","2013-03-22","USD","0"
"Home:Electricity","2013-03-23","2013-03-23","2013-03-23","USD","0"
"Home:Electricity","2013-03-24","2013-03-24","2013-03-24","USD","0"
"Home:Electricity","2013-03-25","2013-03-25","2013-03-25","USD","0"
"Home:Electricity","2013-03-26","2013-03-26","2013-03-26","USD","0"
"Home:Electricity","2013-03-27","2013-03-27","2013-03-27","USD","0"
"Home:Electricity","2013-03-28","2013-03-28","2013-03-28","USD","0"
"Home:Electricity","2013-03-29","2013-03-29","2013-03-29","USD","0"
"Home:Electricity","2013-03-30","2013-03-30","2013-03-30","USD","0"
"Home:Electricity","2013-03-31","2013-03-31","2013-03-31","USD","0"
"Home:Electricity","2013-04-01","2013-04-01","2013-04-01","USD","0"
"Home:Electricity","2013-04-02","2013-04-02","2013-04-02","USD","0"
"Home:Electricity","2013-04-03","2013-04-03","2013-04-03","USD","0"
"Home:Electricity","2013-04-04","2013-04-04","2013-04-04","USD","0"
"Home:Electricity","2013-04-05","2013-04-05","2013-04-05","USD","0"
"Home:Electricity","2013-04-06","2013-04-06","2013-04-06","USD","0"
"Home:Electricity","2013-04-07","2013-04-07","2013-04-07","USD","0"
"Home:Electricity","2013-04-08","2013-04-08","2013-04-08","USD","0"
"Home:Electricity","2013-04-09","2013-04-09","2013-04-09","USD","65.00"
"Home:Electricity","2013-04-10","2013-04-10","2013-04-10","USD","0"
"Home:Electricity","2013-04-11","2013-04-11","2013-04-11","USD","0"
"Home:Electricity","2013-04-12","2013-04-12","2013-04-12","USD","0"
"Home:Electricity","2013-04-13","2013-04-13","2013-04-13","USD","0"
"Home:Electricity","2013-04-14","2013-04-14","2013-04-14","USD","0"
"Home:Electricity","2013-04-15","2013-04-15","2013-04-15","USD","0"
"Home:Electricity","2013-04-16","2013-04-16","2013-04-16","USD","0"
"Home:Electricity","2013-04-17","2013-04-17","2013-04-17","USD","0"
"Home:Electricity","2013-04-18","2013-04-18","2013-04-18","USD","0"
"Home:Electricity","2013-04-19","2013-04-19","2013-04-19","USD","0"
"Home:Electricity","2013-04-20","2013-04-20","2013-04-20","USD","0"
"Home:Electricity","2013-04-21","2013-04-21","2013-04-21","USD","0"
"Home:Electricity","2013-04-22","2013-04-22","2013-04-22","USD","0"
"Home:Electricity","2013-04-23","2013-04-23","2013-04-23","USD","0"
"Home:Electricity","2013-04-24","2013-04-24","2013-04-24","USD","0"
"Home:Electricity","2013-04-25","2013-04-25","2013-04-25","USD","0"
"Home:Electricity","2013-04-26","2013-04-26","2013-04-26","USD","0"
"Home:Electricity","2013-04-27","2013-04-27","2013-04-27","USD","0"
"Home:Electricity","2013-04-28","2013-04-28","2013-04-28","USD","0"
"Home:Electricity","2013-04-29","2013-04-29","2013-04-29","USD","0"
"Home:Electricity","2013-04-30","2013-04-30","2013-04-30","USD","0"
"Home:Electricity","2013-05-01","2013-05-01","2013-05-01","USD","0"
"Home:Electricity","2013-05-02","2013-05-02","2013-05-02","USD","0"
"Home:Electricity","2013-05-03","2013-05-03","2013-05-03","USD","0"
"Home:Electricity","2013-05-04","2013-05-04","2013-05-04","USD","0"
"Home:Electricity","2013-05-05","2013-05-05","2013-05-05","USD","0"
"Home:Electricity","2013-05-06","2013-05-06","2013-05-06","USD","0"
"Home:Electricity","2013-05-07","2013-05-07","2013-05-07","USD","0"
"Home:Electricity","2013-05-08","2013-05-08","2013-05-08","USD","0"
"Home:Electricity","2013-05-09","2013-05-09","2013-05-09","USD","65.00"
"Home:Electricity","2013-05-10","2013-05-10","2013-05-10","USD","0"
"Home:Electricity","2013-05-11","2013-05-11","2013-05-11","USD","0"
"Home:Electricity","2013-05-12","2013-05-12","2013-05-12","USD","0"
"Home:Electricity","2013-05-13","2013-05-13","2013-05-13","USD","0"
"Home:Electricity","2013-05-14","2013-05-14","2013-05-14","USD","0"
"Home:Electricity","2013-05-15","2013-05-15","2013-05-15","USD","0"
"Home:Electricity","2013-05-16","2013-05-16","2013-05-16","USD","0"
"Home:Electricity","2013-05-17","2013-05-17","2013-05-17","USD","0"
"Home:Electricity","2013-05-18","2013-05-18","2013-05-18","USD","0"
"Home:Electricity","2013-05-19","2013-05-19","2013-05-19","USD","0"
"Home:Electricity","2013-05-20","2013-05-20","2013-05-20","USD","0"
"Home:Electricity","2013-05-21","2013-05-21","2013-05-21","USD","0"
"Home:Electricity","2013-05-22","2013-05-22","2013-05-22","USD","0"
"Home:Electricity","2013-05-23","2013-05-23","2013-05-23","USD","0"
"Home:Electricity","2013-05-24","2013-05-24","2013-05-24","USD","0"
"Home:Electricity","2013-05-25","2013-05-25","2013-05-25","USD","0"
"Home:Electricity","2013-05-26","2013-05-26","2013-05-26","USD","0"
"Home:Electricity","2013-05-27","2013-05-27","2013-05-27","USD","0"
"Home:Electricity","2013-05-28","2013-05-28","2013-05-28","USD","0"
"Home:Electricity","2013-05-29","2013-05-29","2013-05-29","USD","0"
"Home:Electricity","2013-05-30","2013-05-30","2013-05-30","USD","0"
"Home:Electricity","2013-05-31","2013-05-31","2013-05-31","USD","0"
"Home:Electricity","2013-06-01","2013-06-01","2013-06-01","USD","0"
"Home:Electricity","2013-06-02","2013-06-02","2013-06-02","USD","0"
"Home:Electricity","2013-06-03","2013-06-03","2013-06-03","USD","0"
"Home:Electricity","2013-06-04","2013-06-04","2013-06-04","USD","0"
"Home:Electricity","2013-06-05","2013-06-05","2013-06-05","USD","0"
"Home:Electricity","2013-06-06","2013-06-06","2013-06-06","USD","0"
"Home:Electricity","2013-06-07","2013-06-07","2013-06-07","USD","0"
"Home:Electricity","2013-06-08","2013-06-08","2013-06-08","USD","65.00"
"Home:Electricity","2013-06-09","2013-06-09","2013-06-09","USD","0"
"Home:Electricity","2013-06-10","2013-06-10","2013-06-10","USD","0"
"Home:Electricity","2013-06-11","2013-06-11","2013-06-11","USD","0"
"Home:Electricity","2013-06-12","2013-06-12","2013-06-12","USD","0"
"Home:Electricity","2013-06-13","2013-06-13","2013-06-13","USD","0"
"Home:Electricity","2013-06-14","2013-06-14","2013-06-14","USD","0"
"Home:Electricity","2013-06-15","2013-06-15","2013-06-15","USD","0"
"Home:Electricity","2013-06-16","2013-06-16","2013-06-16","USD","0"
"Home:Electricity","2013-06-17","2013-06-17","2013-06-17","USD","0"
"Home:Electricity","2013-06-18","2013-06-18","2013-06-18","USD","0"
"Home:Electricity","2013-06-19","2013-06-19","2013-06-19","USD","0"
"Home:Electricity","2013-06-20","2013-06-20","2013-06-20","USD","0"
"Home:Electricity","2013-06-21","2013-06-21","2013-06-21","USD","0"
"Home:Electricity","2013-06-22","2013-06-22","2013-06-22","USD","0"
"Home:Electricity","2013-06-23","2013-06-23","2013-06-23","USD","0"
"Home:Electricity","2013-06-24","2013-06-24","2013-06-24","USD","0"
"Home:Electricity","2013-06-25","2013-06-25","2013-06-25","USD","0"
"Home:Electricity","2013-06-26","2013-06-26","2013-06-26","USD","0"
"Home:Electricity","2013-06-27","2013-06-27","2013-06-27","USD","0"
"Home:Electricity","2013-06-28","2013-06-28","2013-06-28","USD","0"
"Home:Electricity","2013-06-29","2013-06-29","2013-06-29","USD","0"
"Home:Electricity","2013-06-30","2013-06-30","2013-06-30","USD","0"
"Home:Electricity","2013-07-01","2013-07-01","2013-07-01","USD","0"
"Home:Electricity","2013-07-02","2013-07-02","2013-07-02","USD","0"
"Home:Electricity","2013-07-03","2013-07-03","2013-07-03","USD","0"
"Home:Electricity","2013-07-04","2013-07-04","2013-07-04","USD","0"
"Home:Electricity","2013-07-05","2013-07-05","2013-07-05","USD","0"
"Home:Electricity","2013-07-06","2013-07-06","2013-07-06","USD","0"
"Home:Electricity","2013-07-07","2013-07-07","2013-07-07","USD","0"
"Home:Electricity","2013-07-08","2013-07-08","2013-07-08","USD","0"
"Home:Electricity","2013-07-09","2013-07-09","2013-07-09","USD","65.00"
"Home:Electricity","2013-07-10","2013-07-10","2013-07-10","USD","0"
"Home:Electricity","2013-07-11","2013-07-11","2013-07-11","USD","0"
"Home:Electricity","2013-07-12","2013-07-12","2013-07-12","USD","0"
"Home:Electricity","2013-07-13","2013-07-13","2013-07-13","USD","0"
"Home:Electricity","2013-07-14","2013-07-14","2013-07-14","USD","0"
"Home:Electricity","2013-07-15","2013-07-15","2013-07-15","USD","0"
"Home:Electricity","2013-07-16","2013-07-16","2013-07-16","USD","0"
"Home:Electricity","2013-07-17","2013-07-17","2013-07-17","USD","0"
"Home:Electricity","2013-07-18","2013-07-18","2013-07-18","USD","0"
"Home:Electricity","2013-07-19","2013-07-19","2013-07-19","USD","0"
"Home:Electricity","2013-07-20","2013-07-20","2013-07-20","USD","0"
"Home:Electricity","2013-07-21","2013-07-21","2013-07-21","USD","0"
"Home:Electricity","2013-07-22","2013-07-22","2013-07-22","USD","0"
"Home:Electricity","2013-07-23","2013-07-23","2013-07-23","USD","0"
"Home:Electricity","2013-07-24","2013-07-24","2013-07-24","USD","0"
"Home:Electricity","2013-07-25","2013-07-25","2013-07-25","USD","0"
"Home:Electricity","2013-07-26","2013-07-26","2013-07-26","USD","0"
"Home:Electricity","2013-07-27","2013-07-27","2013-07-27","USD","0"
"Home:Electricity","2013-07-28","2013-07-28","2013-07-28","USD","0"
"Home:Electricity","2013-07-29","2013-07-29","2013-07-29","USD","0"
"Home:Electricity","2013-07-30","2013-07-30","2013-07-30","USD","0"
"Home:Electricity","2013-07-31","2013-07-31","2013-07-31","USD","0"
"Home:Electricity","2013-08-01","2013-08-01","2013-08-01","USD","0"
"Home:Electricity","2013-08-02","2013-08-02","2013-08-02","USD","0"
"Home:Electricity","2013-08-03","2013-08-03","2013-08-03","USD","0"
"Home:Electricity","2013-08-04","2013-08-04","2013-08-04","USD","0"
"Home:Electricity","2013-08-05","2013-08-05","2013-08-05","USD","0"
"Home:Electricity","2013-08-06","2013-08-06","2013-08-06","USD","0"
"Home:Electricity","2013-08-07","2013-08-07","2013-08-07","USD","0"
"Home:Electricity","2013-08-08","2013-08-08","2013-08-08","USD","65.00"
"Home:Electricity","2013-08-09","2013-08-09","2013-08-09","USD","0"
"Home:Electricity","2013-08-10","2013-08-10","2013-08-10","USD","0"
"Home:Electricity","2013-08-11","2013-08-11","2013-08-11","USD","0"
"Home:Electricity","2013-08-12","2013-08-12","2013-08-12","USD","0"
"Home:Electricity","2013-08-13","2013-08-13","2013-08-13","USD","0"
"Home:Electricity","2013-08-14","2013-08-14","2013-08-14","USD","0"
"Home:Electricity","2013-08-15","2013-08-15","2013-08-15","USD","0"
"Home:Electricity","2013-08-16","2013-08-16","2013-08-16","USD","0"
"Home:Electricity","2013-08-17","2013-08-17","2013-08-17","USD","0"
"Home:Electricity","2013-08-18","2013-08-18","2013-08-18","USD","0"
"Home:Electricity","2013-08-19","2013-08-19","2013-08-19","USD","0"
"Home:Electricity","2013-08-20","2013-08-20","2013-08-20","USD","0"
"Home:Electricity","2013-08-21","2013-08-21","2013-08-21","USD","0"
"Home:Electricity","2013-08-22","2013-08-22","2013-08-22","USD","0"
"Home:Electricity","2013-08-23","2013-08-23","2013-08-23","USD","0"
"Home:Electricity","2013-08-24","2013-08-24","2013-08-24","USD","0"
"Home:Electricity","2013-08-25","2013-08-25","2013-08-25","USD","0"
"Home:Electricity","2013-08-26","2013-08-26","2013-08-26","USD","0"
"Home:Electricity","2013-08-27","2013-08-27","2013-08-27","USD","0"
"Home:Electricity","2013-08-28","2013-08-28","2013-08-28","USD","0"
"Home:Electricity","2013-08-29","2013-08-29","2013-08-29","USD","0"
"Home:Electricity","2013-08-30","2013-08-30","2013-08-30","USD","0"
"Home:Electricity","2013-08-31","2013-08-31","2013-08-31","USD","0"
"Home:Electricity","2013-09-01","2013-09-01","2013-09-01","USD","0"
"Home:Electricity","2013-09-02","2013-09-02","2013-09-02","USD","0"
"Home:Electricity","2013-09-03","2013-09-03","2013-09-03","USD","0"
"Home:Electricity","2013-09-04","2013-09-04","2013-09-04","USD","0"
"Home:Electricity","2013-09-05","2013-09-05","2013-09-05","USD","0"
"Home:Electricity","2013-09-06","2013-09-06","2013-09-06","USD","0"
"Home:Electricity","2013-09-07","2013-09-07","2013-09-07","USD","0"
"Home:Electricity","2013-09-08","2013-09-08","2013-09-08","USD","0"
"Home:Electricity","2013-09-09","2013-09-09","2013-09-09","USD","65.00"
"Home:Electricity","2013-09-10","2013-09-10","2013-09-10","USD","0"
"Home:Electricity","2013-09-11","2013-09-11","2013-09-11","USD","0"
"Home:Electricity","2013-09-12","2013-09-12","2013-09-12","USD","0"
"Home:Electricity","2013-09-13","2013-09-13","2013-09-13","USD","0"
"Home:Electricity","2013-09-14","2013-09-14","2013-09-14","USD","0"
"Home:Electricity","2013-09-15","2013-09-15","2013-09-15","USD","0"
"Home:Electricity","2013-09-16","2013-09-16","2013-09-16","USD","0"
"Home:Electricity","2013-09-17","2013-09-17","2013-09-17","USD","0"
"Home:Electricity","2013-09-18","2013-09-18","2013-09-18","USD","0"
"Home:Electricity","2013-09-19","2013-09-19","2013-09-19","USD","0"
"Home:Electricity","2013-09-20","2013-09-20","2013-09-20","USD","0"
"Home:Electricity","2013-09-21","2013-09-21","2013-09-21","USD","0"
"Home:Electricity","2013-09-22","2013-09-22","2013-09-22","USD","0"
"Home:Electricity","2013-09-23","2013-09-23","2013-09-23","USD","0"
"Home:Electricity","2013-09-24","2013-09-24","2013-09-24","USD","0"
"Home:Electricity","2013-09-25","2013-09-25","2013-09-25","USD","0"
"Home:Electricity","2013-09-26","2013-09-26","2013-09-26","USD","0"
"Home:Electricity","2013-09-27","2013-09-27","2013-09-27","USD","0"
"Home:Electricity","2013-09-28","2013-09-28","2013-09-28","USD","0"
"Home:Electricity","2013-09-29","2013-09-29","2013-09-29","USD","0"
"Home:Electricity","2013-09-30","2013-09-30","2013-09-30","USD","0"
"Home:Electricity","2013-10-01","2013-10-01","2013-10-01","USD","0"
"Home:Electricity","2013-10-02","2013-10-02","2013-10-02","USD","0"
"Home:Electricity","2013-10-03","2013-10-03","2013-10-03","USD","0"
"Home:Electricity","2013-10-04","2013-10-04","2013-10-04","USD","0"
"Home:Electricity","2013-10-05","2013-10-05","2013-10-05","USD","0"
"Home:Electricity","2013-10-06","2013-10-06","2013-10-06","USD","0"
"Home:Electricity","2013-10-07","2013-10-07","2013-10-07","USD","0"
"Home:Electricity","2013-10-08","2013-10-08","2013-10-08","USD","65.00"
"Home:Electricity","2013-10-09","2013-10-09","2013-10-09","USD","0"
"Home:Electricity","2013-10-10","2013-10-10","2013-10-10","USD","0"
"Home:Electricity","2013-10-11","2013-10-11","2013-10-11","USD","0"
"Home:Electricity","2013-10-12","2013-10-12","2013-10-12","USD","0"
"Home:Electricity","2013-10-13","2013-10-13","2013-10-13","USD","0"
"Home:Electricity","2013-10-14","2013-10-14","2013-10-14","USD","0"
"Home:Electricity","2013-10-15","2013-10-15","2013-10-15","USD","0"
"Home:Electricity","2013-10-16","2013-10-16","2013-10-16","USD","0"
"Home:Electricity","2013-10-17","2013-10-17","2013-10-17","USD","0"
"Home:Electricity","2013-10-18","2013-10-18","2013-10-18","USD","0"
"Home:Electricity","2013-10-19","2013-10-19","2013-10-19","USD","0"
"Home:Electricity","2013-10-20","2013-10-20","2013-10-20","USD","0"
"Home:Electricity","2013-10-21","2013-10-21","2013-10-21","USD","0"
"Home:Electricity","2013-10-22","2013-10-22","2013-10-22","USD","0"
"Home:Electricity","2013-10-23","2013-10-23","2013-10-23","USD","0"
"Home:Electricity","2013-10-24","2013-10-24","2013-10-24","USD","0"
"Home:Electricity","2013-10-25","2013-10-25","2013-10-25","USD","0"
"Home:Electricity","2013-10-26","2013-10-26","2013-10-26","USD","0"
"Home:Electricity","2013-10-27","2013-10-27","2013-10-27","USD","0"
"Home:Electricity","2013-10-28","2013-10-28","2013-10-28","USD","0"
"Home:Electricity","2013-10-29","2013-10-29","2013-10-29","USD","0"
"Home:Electricity","2013-10-30","2013-10-30","2013-10-30","USD","0"
"Home:Electricity","2013-10-31","2013-10-31","2013-10-31","USD","0"
"Home:Electricity","2013-11-01","2013-11-01","2013-11-01","USD","0"
"Home:Electricity","2013-11-02","2013-11-02","2013-11-02","USD","0"
"Home:Electricity","2013-11-03","2013-11-03","2013-11-03","USD","0"
"Home:Electricity","2013-11-04","2013-11-04","2013-11-04","USD","0"
"Home:Electricity","2013-11-05","2013-11-05","2013-11-05","USD","0"
"Home:Electricity","2013-11-06","2013-11-06","2013-11-06","USD","0"
"Home:Electricity","2013-11-07","2013-11-07","2013-11-07","USD","0"
"Home:Electricity","2013-11-08","2013-11-08","2013-11-08","USD","65.00"
"Home:Electricity","2013-11-09","2013-11-09","2013-11-09","USD","0"
"Home:Electricity","2013-11-10","2013-11-10","2013-11-10","USD","0"
"Home:Electricity","2013-11-11","2013-11-11","2013-11-11","USD","0"
"Home:Electricity","2013-11-12","2013-11-12","2013-11-12","USD","0"
"Home:Electricity","2013-11-13","2013-11-13","2013-11-13","USD","0"
"Home:Electricity","2013-11-14","2013-11-14","2013-11-14","USD","0"
"Home:Electricity","2013-11-15","2013-11-15","2013-11-15","USD","0"
"Home:Electricity","2013-11-16","2013-11-16","2013-11-16","USD","0"
"Home:Electricity","2013-11-17","2013-11-17","2013-11-17","USD","0"
"Home:Electricity","2013-11-18","2013-11-18","2013-11-18","USD","0"
"Home:Electricity","2013-11-19","2013-11-19","2013-11-19","USD","0"
"Home:Electricity","2013-11-20","2013-11-20","2013-11-20","USD","0"
"Home:Electricity","2013-11-21","2013-11-21","2013-11-21","USD","0"
"Home:Electricity","2013-11-22","2013-11-22","2013-11-22","USD","0"
"Home:Electricity","2013-11-23","2013-11-23","2013-11-23","USD","0"
"Home:Electricity","2013-11-24","2013-11-24","2013-11-24","USD","0"
"Home:Electricity","2013-11-25","2013-11-25","2013-11-25","USD","0"
"Home:Electricity","2013-11-26","2013-11-26","2013-11-26","USD","0"
"Home:Electricity","2013-11-27","2013-11-27","2013-11-27","USD","0"
"Home:Electricity","2013-11-28","2013-11-28","2013-11-28","USD","0"
"Home:Electricity","2013-11-29","2013-11-29","2013-11-29","USD","0"
"Home:Electricity","2013-11-30","2013-11-30","2013-11-30","USD","0"
"Home:Electricity","2013-12-01","2013-12-01","2013-12-01","USD","0"
"Home:Electricity","2013-12-02","2013-12-02","2013-12-02","USD","0"
"Home:Electricity","2013-12-03","2013-12-03","2013-12-03","USD","0"
"Home:Electricity","2013-12-04","2013-12-04","2013-12-04","USD","0"
"Home:Electricity","2013-12-05","2013-12-05","2013-12-05","USD","0"
"Home:Electricity","2013-12-06","2013-12-06","2013-12-06","USD","0"
"Home:Electricity","2013-12-07","2013-12-07","2013-12-07","USD","0"
"Home:Electricity","2013-12-08","2013-12-08","2013-12-08","USD","0"
"Home:Electricity","2013-12-09","2013-12-09","2013-12-09","USD","65.00"
"Home:Electricity","2013-12-10","2013-12-10","2013-12-10","USD","0"
"Home:Electricity","2013-12-11","2013-12-11","2013-12-11","USD","0"
"Home:Electricity","2013-12-12","2013-12-12","2013-12-12","USD","0"
"Home:Electricity","2013-12-13","2013-12-13","2013-12-13","USD","0"
"Home:Electricity","2013-12-14","2013-12-14","2013-12-14","USD","0"
"Home:Electricity","2013-12-15","2013-12-15","2013-12-15","USD","0"
"Home:Electricity","2013-12-16","2013-12-16","2013-12-16","USD","0"
"Home:Electricity","2013-12-17","2013-12-17","2013-12-17","USD","0"
"Home:Electricity","2013-12-18","2013-12-18","2013-12-18","USD","0"
"Home:Electricity","2013-12-19","2013-12-19","2013-12-19","USD","0"
"Home:Electricity","2013-12-20","2013-12-20","2013-12-20","USD","0"
"Home:Electricity","2013-12-21","2013-12-21","2013-12-21","USD","0"
"Home:Electricity","2013-12-22","2013-12-22","2013-12-22","USD","0"
"Home:Electricity","2013-12-23","2013-12-23","2013-12-23","USD","0"
"Home:Electricity","2013-12-24","2013-12-24","2013-12-24","USD","0"
"Home:Electricity","2013-12-25","2013-12-25","2013-12-25","USD","0"
"Home:Electricity","2013-12-26","2013-12-26","2013-12-26","USD","0"
"Home:Electricity","2013-12-27","2013-12-27","2013-12-27","USD","0"
"Home:Electricity","2013-12-28","2013-12-28","2013-12-28","USD","0"
"Home:Electricity","2013-12-29","2013-12-29","2013-12-29","USD","0"
"Home:Electricity","2013-12-30","2013-12-30","2013-12-30","USD","0"
"Home:Electricity","2013-12-31","2013-12-31","2013-12-31","USD","0"
"Home:Electricity","2014-01-01","2014-01-01","2014-01-01","USD","0"
"Home:Electricity","2014-01-02","2014-01-02","2014-01-02","USD","0"
"Home:Electricity","2014-01-03","2014-01-03","2014-01-03","USD","0"
"Home:Electricity","2014-01-04","2014-01-04","2014-01-04","USD","0"
"Home:Electricity","2014-01-05","2014-01-05","2014-01-05","USD","0"
"Home:Electricity","2014-01-06","2014-01-06","2014-01-06","USD","0"
"Home:Electricity","2014-01-07","2014-01-07","2014-01-07","USD","0"
"Home:Electricity","2014-01-08","2014-01-08","2014-01-08","USD","65.00"
"Home:Electricity","2014-01-09","2014-01-09","2014-01-09","USD","0"
"Home:Electricity","2014-01-10","2014-01-10","2014-01-10","USD","0"
"Home:Electricity","2014-01-11","2014-01-11","2014-01-11","USD","0"
"Home:Electricity","2014-01-12","2014-01-12","2014-01-12","USD","0"
"Home:Electricity","2014-01-13","2014-01-13","2014-01-13","USD","0"
"Home:Electricity","2014-01-14","2014-01-14","2014-01-14","USD","0"
"Home:Electricity","2014-01-15","2014-01-15","2014-01-15","USD","0"
"Home:Electricity","2014-01-16","2014-01-16","2014-01-16","USD","0"
"Home:Electricity","2014-01-17","2014-01-17","2014-01-17","USD","0"
"Home:Electricity","2014-01-18","2014-01-18","2014-01-18","USD","0"
"Home:Electricity","2014-01-19","2014-01-19","2014-01-19","USD","0"
"Home:Electricity","2014-01-20","2014-01-20","2014-01-20","USD","0"
"Home:Electricity","2014-01-21","2014-01-21","2014-01-21","USD","0"
"Home:Electricity","2014-01-22","2014-01-22","2014-01-22","USD","0"
"Home:Electricity","2014-01-23","2014-01-23","2014-01-23","USD","0"
"Home:Electricity","2014-01-24","2014-01-24","2014-01-24","USD","0"
"Home:Electricity","2014-01-25","2014-01-25","2014-01-25","USD","0"
"Home:Electricity","2014-01-26","2014-01-26","2014-01-26","USD","0"
"Home:Electricity","2014-01-27","2014-01-27","2014-01-27","USD","0"
"Home:Electricity","2014-01-28","2014-01-28","2014-01-28","USD","0"
"Home:Electricity","2014-01-29","2014-01-29","2014-01-29","USD","0"
"Home:Electricity","2014-01-30","2014-01-30","2014-01-30","USD","0"
"Home:Electricity","2014-01-31","2014-01-31","2014-01-31","USD","0"
"Home:Electricity","2014-02-01","2014-02-01","2014-02-01","USD","0"
"Home:Electricity","2014-02-02","2014-02-02","2014-02-02","USD","0"
"Home:Electricity","2014-02-03","2014-02-03","2014-02-03","USD","0"
"Home:Electricity","2014-02-04","2014-02-04","2014-02-04","USD","0"
"Home:Electricity","2014-02-05","2014-02-05","2014-02-05","USD","0"
"Home:Electricity","2014-02-06","2014-02-06","2014-02-06","USD","0"
"Home:Electricity","2014-02-07","2014-02-07","2014-02-07","USD","0"
"Home:Electricity","2014-02-08","2014-02-08","2014-02-08","USD","0"
"Home:Electricity","2014-02-09","2014-02-09","2014-02-09","USD","65.00"
"Home:Electricity","2014-02-10","2014-02-10","2014-02-10","USD","0"
"Home:Electricity","2014-02-11","2014-02-11","2014-02-11","USD","0"
"Home:Electricity","2014-02-12","2014-02-12","2014-02-12","USD","0"
"Home:Electricity","2014-02-13","2014-02-13","2014-02-13","USD","0"
"Home:Electricity","2014-02-14","2014-02-14","2014-02-14","USD","0"
"Home:Electricity","2014-02-15","2014-02-15","2014-02-15","USD","0"
"Home:Electricity","2014-02-16","2014-02-16","2014-02-16","USD","0"
"Home:Electricity","2014-02-17","2014-02-17","2014-02-17","USD","0"
"Home:Electricity","2014-02-18","2014-02-18","2014-02-18","USD","0"
"Home:Electricity","2014-02-19","2014-02-19","2014-02-19","USD","0"
"Home:Electricity","2014-02-20","2014-02-20","2014-02-20","USD","0"
"Home:Electricity","2014-02-21","2014-02-21","2014-02-21","USD","0"
"Home:Electricity","2014-02-22","2014-02-22","2014-02-22","USD","0"
"Home:Electricity","2014-02-23","2014-02-23","2014-02-23","USD","0"
"Home:Electricity","2014-02-24","2014-02-24","2014-02-24","USD","0"
"Home:Electricity","2014-02-25","2014-02-25","2014-02-25","USD","0"
"Home:Electricity","2014-02-26","2014-02-26","2014-02-26","USD","0"
"Home:Electricity","2014-02-27","2014-02-27","2014-02-27","USD","0"
"Home:Electricity","2014-02-28","2014-02-28","2014-02-28","USD","0"
"Home:Electricity","2014-03-01","2014-03-01","2014-03-01","USD","0"
"Home:Electricity","2014-03-02","2014-03-02","2014-03-02","USD","0"
"Home:Electricity","2014-03-03","2014-03-03","2014-03-03","USD","0"
"Home:Electricity","2014-03-04","2014-03-04","2014-03-04","USD","0"
"Home:Electricity","2014-03-05","2014-03-05","2014-03-05","USD","0"
"Home:Electricity","2014-03-06","2014-03-06","2014-03-06","USD","0"
"Home:Electricity","2014-03-07","2014-03-07","2014-03-07","USD","0"
"Home:Electricity","2014-03-08","2014-03-08","2014-03-08","USD","0"
"Home:Electricity","2014-03-09","2014-03-09","2014-03-09","USD","65.00"
"Home:Electricity","2014-03-10","2014-03-10","2014-03-10","USD","0"
"Home:Electricity","2014-03-11","2014-03-11","2014-03-11","USD","0"
"Home:Electricity","2014-03-12","2014-03-12","2014-03-12","USD","0"
"Home:Electricity","2014-03-13","2014-03-13","2014-03-13","USD","0"
"Home:Electricity","2014-03-14","2014-03-14","2014-03-14","USD","0"
"Home:Electricity","2014-03-15","2014-03-15","2014-03-15","USD","0"
"Home:Electricity","2014-03-16","2014-03-16","2014-03-16","USD","0"
"Home:Electricity","2014-03-17","2014-03-17","2014-03-17","USD","0"
"Home:Electricity","2014-03-18","2014-03-18","2014-03-18","USD","0"
"Home:Electricity","2014-03-19","2014-03-19","2014-03-19","USD","0"
"Home:Electricity","2014-03-20","2014-03-20","2014-03-20","USD","0"
"Home:Electricity","2014-03-21","2014-03-21","2014-03-21","USD","0"
"Home:Electricity","2014-03-22","2014-03-22","2014-03-22","USD","0"
"Home:Electricity","2014-03-23","2014-03-23","2014-03-23","USD","0"
"Home:Electricity","2014-03-24","2014-03-24","2014-03-24","USD","0"
"Home:Electricity","2014-03-25","2014-03-25","2014-03-25","USD","0"
"Home:Electricity","2014-03-26","2014-03-26","2014-03-26","USD","0"
"Home:Electricity","2014-03-27","2014-03-27","2014-03-27","USD","0"
"Home:Electricity","2014-03-28","2014-03-28","2014-03-28","USD","0"
"Home:Electricity","2014-03-29","2014-03-29","2014-03-29","USD","0"
"Home:Electricity","2014-03-30","2014-03-30","2014-03-30","USD","0"
"Home:Electricity","2014-03-31","2014-03-31","2014-03-31","USD","0"
"Home:Electricity","2014-04-01","2014-04-01","2014-04-01","USD","0"
"Home:Electricity","2014-04-02","2014-04-02","2014-04-02","USD","0"
"Home:Electricity","2014-04-03","2014-04-03","2014-04-03","USD","0"
"Home:Electricity","2014-04-04","2014-04-04","2014-04-04","USD","0"
"Home:Electricity","2014-04-05","2014-04-05","2014-04-05","USD","0"
"Home:Electricity","2014-04-06","2014-04-06","2014-04-06","USD","0"
"Home:Electricity","2014-04-07","2014-04-07","2014-04-07","USD","0"
"Home:Electricity","2014-04-08","2014-04-08","2014-04-08","USD","0"
"Home:Electricity","2014-04-09","2014-04-09","2014-04-09","USD","65.00"
"Home:Electricity","2014-04-10","2014-04-10","2014-04-10","USD","0"
"Home:Electricity","2014-04-11","2014-04-11","2014-04-11","USD","0"
"Home:Electricity","2014-04-12","2014-04-12","2014-04-12","USD","0"
"Home:Electricity","2014-04-13","2014-04-13","2014-04-13","USD","0"
"Home:Electricity","2014-04-14","2014-04-14","2014-04-14","USD","0"
"Home:Electricity","2014-04-15","2014-04-15","2014-04-15","USD","0"
"Home:Electricity","2014-04-16","2014-04-16","2014-04-16","USD","0"
"Home:Electricity","2014-04-17","2014-04-17","2014-04-17","USD","0"
"Home:Electricity","2014-04-18","2014-04-18","2014-04-18","USD","0"
"Home:Electricity","2014-04-19","2014-04-19","2014-04-19","USD","0"
"Home:Electricity","2014-04-20","2014-04-20","2014-04-20","USD","0"
"Home:Electricity","2014-04-21","2014-04-21","2014-04-21","USD","0"
"Home:Electricity","2014-04-22","2014-04-22","2014-04-22","USD","0"
"Home:Electricity","2014-04-23","2014-04-23","2014-04-23","USD","0"
"Home:Electricity","2014-04-24","2014-04-24","2014-04-24","USD","0"
"Home:Electricity","2014-04-25","2014-04-25","2014-04-25","USD","0"
"Home:Electricity","2014-04-26","2014-04-26","2014-04-26","USD","0"
"Home:Electricity","2014-04-27","2014-04-27","2014-04-27","USD","0"
"Home:Electricity","2014-04-28","2014-04-28","2014-04-28","USD","0"
"Home:Electricity","2014-04-29","2014-04-29","2014-04-29","USD","0"
"Home:Electricity","2014-04-30","2014-04-30","2014-04-30","USD","0"
"Home:Electricity","2014-05-01","2014-05-01","2014-05-01","USD","0"
"Home:Electricity","2014-05-02","2014-05-02","2014-05-02","USD","0"
"Home:Electricity","2014-05-03","2014-05-03","2014-05-03","USD","0"
"Home:Electricity","2014-05-04","2014-05-04","2014-05-04","USD","0"
"Home:Electricity","2014-05-05","2014-05-05","2014-05-05","USD","0"
"Home:Electricity","2014-05-06","2014-05-06","2014-05-06","USD","0"
"Home:Electricity","2014-05-07","2014-05-07","2014-05-07","USD","0"
"Home:Electricity","2014-05-08","2014-05-08","2014-05-08","USD","65.00"
"Home:Electricity","2014-05-09","2014-05-09","2014-05-09","USD","0"
"Home:Electricity","2014-05-10","2014-05-10","2014-05-10","USD","0"
"Home:Electricity","2014-05-11","2014-05-11","2014-05-11","USD","0"
"Home:Electricity","2014-05-12","2014-05-12","2014-05-12","USD","0"
"Home:Electricity","2014-05-13","2014-05-13","2014-05-13","USD","0"
"Home:Electricity","2014-05-14","2014-05-14","2014-05-14","USD","0"
"Home:Electricity","2014-05-15","2014-05-15","2014-05-15","USD","0"
"Home:Electricity","2014-05-16","2014-05-16","2014-05-16","USD","0"
"Home:Electricity","2014-05-17","2014-05-17","2014-05-17","USD","0"
"Home:Electricity","2014-05-18","2014-05-18","2014-05-18","USD","0"
"Home:Electricity","2014-05-19","2014-05-19","2014-05-19","USD","0"
"Home:Electricity","2014-05-20","2014-05-20","2014-05-20","USD","0"
"Home:Electricity","2014-05-21","2014-05-21","2014-05-21","USD","0"
"Home:Electricity","2014-05-22","2014-05-22","2014-05-22","USD","0"
"Home:Electricity","2014-05-23","2014-05-23","2014-05-23","USD","0"
"Home:Electricity","2014-05-24","2014-05-24","2014-05-24","USD","0"
"Home:Electricity","2014-05-25","2014-05-25","2014-05-25","USD","0"
"Home:Electricity","2014-05-26","2014-05-26","2014-05-26","USD","0"
"Home:Electricity","2014-05-27","2014-05-27","2014-05-27","USD","0"
"Home:Electricity","2014-05-28","2014-05-28","2014-05-28","USD","0"
"Home:Electricity","2014-05-29","2014-05-29","2014-05-29","USD","0"
"Home:Electricity","2014-05-30","2014-05-30","2014-05-30","USD","0"
"Home:Electricity","2014-05-31","2014-05-31","2014-05-31","USD","0"
"Home:Electricity","2014-06-01","2014-06-01","2014-06-01","USD","0"
"Home:Electricity","2014-06-02","2014-06-02","2014-06-02","USD","0"
"Home:Electricity","2014-06-03","2014-06-03","2014-06-03","USD","0"
"Home:Electricity","2014-06-04","2014-06-04","2014-06-04","USD","0"
"Home:Electricity","2014-06-05","2014-06-05","2014-06-05","USD","0"
"Home:Electricity","2014-06-06","2014-06-06","2014-06-06","USD","0"
"Home:Electricity","2014-06-07","2014-06-07","2014-06-07","USD","0"
"Home:Electricity","2014-06-08","2014-06-08","2014-06-08","USD","0"
"Home:Electricity","2014-06-09","2014-06-09","2014-06-09","USD","65.00"
"Home:Electricity","2014-06-10","2014-06-10","2014-06-10","USD","0"
"Home:Electricity","2014-06-11","2014-06-11","2014-06-11","USD","0"
"Home:Electricity","2014-06-12","2014-06-12","2014-06-12","USD","0"
"Home:Electricity","2014-06-13","2014-06-13","2014-06-13","USD","0"
"Home:Electricity","2014-06-14","2014-06-14","2014-06-14","USD","0"
"Home:Electricity","2014-06-15","2014-06-15","2014-06-15","USD","0"
"Home:Electricity","2014-06-16","2014-06-16","2014-06-16","USD","0"
"Home:Electricity","2014-06-17","2014-06-17","2014-06-17","USD","0"
"Home:Electricity","2014-06-18","2014-06-18","2014-06-18","USD","0"
"Home:Electricity","2014-06-19","2014-06-19","2014-06-19","USD","0"
"Home:Electricity","2014-06-20","2014-06-20","2014-06-20","USD","0"
"Home:Electricity","2014-06-21","2014-06-21","2014-06-21","USD","0"
"Home:Electricity","2014-06-22","2014-06-22","2014-06-22","USD","0"
"Home:Electricity","2014-06-23","2014-06-23","2014-06-23","USD","0"
"Home:Electricity","2014-06-24","2014-06-24","2014-06-24","USD","0"
"Home:Electricity","2014-06-25","2014-06-25","2014-06-25","USD","0"
"Home:Electricity","2014-06-26","2014-06-26","2014-06-26","USD","0"
"Home:Electricity","2014-06-27","2014-06-27","2014-06-27","USD","0"
"Home:Electricity","2014-06-28","2014-06-28","2014-06-28","USD","0"
"Home:Electricity","2014-06-29","2014-06-29","2014-06-29","USD","0"
"Home:Electricity","2014-06-30","2014-06-30","2014-06-30","USD","0"
"Home:Electricity","2014-07-01","2014-07-01","2014-07-01","USD","0"
"Home:Electricity","2014-07-02","2014-07-02","2014-07-02","USD","0"
"Home:Electricity","2014-07-03","2014-07-03","2014-07-03","USD","0"
"Home:Electricity","2014-07-04","2014-07-04","2014-07-04","USD","0"
"Home:Electricity","2014-07-05","2014-07-05","2014-07-05","USD","0"
"Home:Electricity","2014-07-06","2014-07-06","2014-07-06","USD","0"
"Home:Electricity","2014-07-07","2014-07-07","2014-07-07","USD","0"
"Home:Electricity","2014-07-08","2014-07-08","2014-07-08","USD","0"
"Home:Electricity","2014-07-09","2014-07-09","2014-07-09","USD","65.00"
"Home:Electricity","2014-07-10","2014-07-10","2014-07-10","USD","0"
"Home:Electricity","2014-07-11","2014-07-11","2014-07-11","USD","0"
"Home:Electricity","2014-07-12","2014-07-12","2014-07-12","USD","0"
"Home:Electricity","2014-07-13","2014-07-13","2014-07-13","USD","0"
"Home:Electricity","2014-07-14","2014-07-14","2014-07-14","USD","0"
"Home:Electricity","2014-07-15","2014-07-15","2014-07-15","USD","0"
"Home:Electricity","2014-07-16","2014-07-16","2014-07-16","USD","0"
"Home:Electricity","2014-07-17","2014-07-17","2014-07-17","USD","0"
"Home:Electricity","2014-07-18","2014-07-18","2014-07-18","USD","0"
"Home:Electricity","2014-07-19","2014-07-19","2014-07-19","USD","0"
"Home:Electricity","2014-07-20","2014-07-20","2014-07-20","USD","0"
"Home:Electricity","2014-07-21","2014-07-21","2014-07-21","USD","0"
"Home:Electricity","2014-07-22","2014-07-22","2014-07-22","USD","0"
"Home:Electricity","2014-07-23","2014-07-23","2014-07-23","USD","0"
"Home:Electricity","2014-07-24","2014-07-24","2014-07-24","USD","0"
"Home:Electricity","2014-07-25","2014-07-25","2014-07-25","USD","0"
"Home:Electricity","2014-07-26","2014-07-26","2014-07-26","USD","0"
"Home:Electricity","2014-07-27","2014-07-27","2014-07-27","USD","0"
"Home:Electricity","2014-07-28","2014-07-28","2014-07-28","USD","0"
"Home:Electricity","2014-07-29","2014-07-29","2014-07-29","USD","0"
"Home:Electricity","2014-07-30","2014-07-30","2014-07-30","USD","0"
"Home:Electricity","2014-07-31","2014-07-31","2014-07-31","USD","0"
"Home:Electricity","2014-08-01","2014-08-01","2014-08-01","USD","0"
"Home:Electricity","2014-08-02","2014-08-02","2014-08-02","USD","0"
"Home:Electricity","2014-08-03","2014-08-03","2014-08-03","USD","0"
"Home:Electricity","2014-08-04","2014-08-04","2014-08-04","USD","0"
"Home:Electricity","2014-08-05","2014-08-05","2014-08-05","USD","0"
"Home:Electricity","2014-08-06","2014-08-06","2014-08-06","USD","0"
"Home:Electricity","2014-08-07","2014-08-07","2014-08-07","USD","0"
"Home:Electricity","2014-08-08","2014-08-08","2014-08-08","USD","65.00"
"Home:Electricity","2014-08-09","2014-08-09","2014-08-09","USD","0"
"Home:Electricity","2014-08-10","2014-08-10","2014-08-10","USD","0"
"Home:Electricity","2014-08-11","2014-08-11","2014-08-11","USD","0"
"Home:Electricity","2014-08-12","2014-08-12","2014-08-12","USD","0"
"Home:Electricity","2014-08-13","2014-08-13","2014-08-13","USD","0"
"Home:Electricity","2014-08-14","2014-08-14","2014-08-14","USD","0"
"Home:Electricity","2014-08-15","2014-08-15","2014-08-15","USD","0"
"Home:Electricity","2014-08-16","2014-08-16","2014-08-16","USD","0"
"Home:Electricity","2014-08-17","2014-08-17","2014-08-17","USD","0"
"Home:Electricity","2014-08-18","2014-08-18","2014-08-18","USD","0"
"Home:Electricity","2014-08-19","2014-08-19","2014-08-19","USD","0"
"Home:Electricity","2014-08-20","2014-08-20","2014-08-20","USD","0"
"Home:Electricity","2014-08-21","2014-08-21","2014-08-21","USD","0"
"Home:Electricity","2014-08-22","2014-08-22","2014-08-22","USD","0"
"Home:Electricity","2014-08-23","2014-08-23","2014-08-23","USD","0"
"Home:Electricity","2014-08-24","2014-08-24","2014-08-24","USD","0"
"Home:Electricity","2014-08-25","2014-08-25","2014-08-25","USD","0"
"Home:Electricity","2014-08-26","2014-08-26","2014-08-26","USD","0"
"Home:Electricity","2014-08-27","2014-08-27","2014-08-27","USD","0"
"Home:Electricity","2014-08-28","2014-08-28","2014-08-28","USD","0"
"Home:Electricity","2014-08-29","2014-08-29","2014-08-29","USD","0"
"Home:Electricity","2014-08-30","2014-08-30","2014-08-30","USD","0"
"Home:Electricity","2014-08-31","2014-08-31","2014-08-31","USD","0"
"Home:Electricity","2014-09-01","2014-09-01","2014-09-01","USD","0"
"Home:Electricity","2014-09-02","2014-09-02","2014-09-02","USD","0"
"Home:Electricity","2014-09-03","2014-09-03","2014-09-03","USD","0"
"Home:Electricity","2014-09-04","2014-09-04","2014-09-04","USD","0"
"Home:Electricity","2014-09-05","2014-09-05","2014-09-05","USD","0"
"Home:Electricity","2014-09-06","2014-09-06","2014-09-06","USD","0"
"Home:Electricity","2014-09-07","2014-09-07","2014-09-07","USD","0"
"Home:Electricity","2014-09-08","2014-09-08","2014-09-08","USD","65.00"
"Home:Electricity","2014-09-09","2014-09-09","2014-09-09","USD","0"
"Home:Electricity","2014-09-10","2014-09-10","2014-09-10","USD","0"
"Home:Electricity","2014-09-11","2014-09-11","2014-09-11","USD","0"
"Home:Electricity","2014-09-12","2014-09-12","2014-09-12","USD","0"
"Home:Electricity","2014-09-13","2014-09-13","2014-09-13","USD","0"
"Home:Electricity","2014-09-14","2014-09-14","2014-09-14","USD","0"
"Home:Electricity","2014-09-15","2014-09-15","2014-09-15","USD","0"
"Home:Electricity","2014-09-16","2014-09-16","2014-09-16","USD","0"
"Home:Electricity","2014-09-17","2014-09-17","2014-09-17","USD","0"
"Home:Electricity","2014-09-18","2014-09-18","2014-09-18","USD","0"
"Home:Electricity","2014-09-19","2014-09-19","2014-09-19","USD","0"
"Home:Electricity","2014-09-20","2014-09-20","2014-09-20","USD","0"
"Home:Electricity","2014-09-21","2014-09-21","2014-09-21","USD","0"
"Home:Electricity","2014-09-22","2014-09-22","2014-09-22","USD","0"
"Home:Electricity","2014-09-23","2014-09-23","2014-09-23","USD","0"
"Home:Electricity","2014-09-24","2014-09-24","2014-09-24","USD","0"
"Home:Electricity","2014-09-25","2014-09-25","2014-09-25","USD","0"
"Home:Electricity","2014-09-26","2014-09-26","2014-09-26","USD","0"
"Home:Electricity","2014-09-27","2014-09-27","2014-09-27","USD","0"
"Home:Electricity","2014-09-28","2014-09-28","2014-09-28","USD","0"
"Home:Electricity","2014-09-29","2014-09-29","2014-09-29","USD","0"
"Home:Electricity","2014-09-30","2014-09-30","2014-09-30","USD","0"
"Home:Electricity","2014-10-01","2014-10-01","2014-10-01","USD","0"
"Home:Electricity","2014-10-02","2014-10-02","2014-10-02","USD","0"
"Home:Electricity","2014-10-03","2014-10-03","2014-10-03","USD","0"
"Home:Electricity","2014-10-04","2014-10-04","2014-10-04","USD","0"
"Home:Electricity","2014-10-05","2014-10-05","2014-10-05","USD","0"
"Home:Electricity","2014-10-06","2014-10-06","2014-10-06","USD","0"
"Home:Electricity","2014-10-07","2014-10-07","2014-10-07","USD","0"
"Home:Electricity","2014-10-08","2014-10-08","2014-10-08","USD","0"
"Home:Electricity","2014-10-09","2014-10-09","2014-10-09","USD","0"
"Home:Electricity","2014-10-10","2014-10-10","2014-10-10","USD","0"
"Home:Electricity","2014-10-11","2014-10-11","2014-10-11","USD","0"
"Home:Internet","2012-01-03","2012-01-03","2012-01-03","USD","0"
"Home:Internet","2012-01-04","2012-01-04","2012-01-04","USD","0"
"Home:Internet","2012-01-05","2012-01-05","2012-01-05","USD","0"
"Home:Internet","2012-01-06","2012-01-06","2012-01-06","USD","0"
"Home:Internet","2012-01-07","2012-01-07","2012-01-07","USD","0"
"Home:Internet","2012-01-08","2012-01-08","2012-01-08","USD","0"
"Home:Internet","2012-01-09","2012-01-09","2012-01-09","USD","0"
"Home:Internet","2012-01-10","2012-01-10","2012-01-10","USD","0"
"Home:Internet","2012-01-11","2012-01-11","2012-01-11","USD","0"
"Home:Internet","2012-01-12","2012-01-12","2012-01-12","USD","0"
"Home:Internet","2012-01-13","2012-01-13","2012-01-13","USD","0"
"Home:Internet","2012-01-14","2012-01-14","2012-01-14","USD","0"
"Home:Internet","2012-01-15","2012-01-15","2012-01-15","USD","0"
"Home:Internet","2012-01-16","2012-01-16","2012-01-16","USD","0"
"Home:Internet","2012-01-17","2012-01-17","2012-01-17","USD","0"
"Home:Internet","2012-01-18","2012-01-18","2012-01-18","USD","0"
"Home:Internet","2012-01-19","2012-01-19","2012-01-19","USD","0"
"Home:Internet","2012-01-20","2012-01-20","2012-01-20","USD","0"
"Home:Internet","2012-01-21","2012-01-21","2012-01-21","USD","0"
"Home:Internet","2012-01-22","2012-01-22","2012-01-22","USD","80.06"
"Home:Internet","2012-01-23","2012-01-23","2012-01-23","USD","0"
"Home:Internet","2012-01-24","2012-01-24","2012-01-24","USD","0"
"Home:Internet","2012-01-25","2012-01-25","2012-01-25","USD","0"
"Home:Internet","2012-01-26","2012-01-26","2012-01-26","USD","0"
"Home:Internet","2012-01-27","2012-01-27","2012-01-27","USD","0"
"Home:Internet","2012-01-28","2012-01-28","2012-01-28","USD","0"
"Home:Internet","2012-01-29","2012-01-29","2012-01-29","USD","0"
"Home:Internet","2012-01-30","2012-01-30","2012-01-30","USD","0"
"Home:Internet","2012-01-31","2012-01-31","2012-01-31","USD","0"
"Home:Internet","2012-02-01","2012-02-01","2012-02-01","USD","0"
"Home:Internet","2012-02-02","2012-02-02","2012-02-02","USD","0"
"Home:Internet","2012-02-03","2012-02-03","2012-02-03","USD","0"
"Home:Internet","2012-02-04","2012-02-04","2012-02-04","USD","0"
"Home:Internet","2012-02-05","2012-02-05","2012-02-05","USD","0"
"Home:Internet","2012-02-06","2012-02-06","2012-02-06","USD","0"
"Home:Internet","2012-02-07","2012-02-07","2012-02-07","USD","0"
"Home:Internet","2012-02-08","2012-02-08","2012-02-08","USD","0"
"Home:Internet","2012-02-09","2012-02-09","2012-02-09","USD","0"
"Home:Internet","2012-02-10","2012-02-10","2012-02-10","USD","0"
"Home:Internet","2012-02-11","2012-02-11","2012-02-11","USD","0"
"Home:Internet","2012-02-12","2012-02-12","2012-02-12","USD","0"
"Home:Internet","2012-02-13","2012-02-13","2012-02-13","USD","0"
"Home:Internet","2012-02-14","2012-02-14","2012-02-14","USD","0"
"Home:Internet","2012-02-15","2012-02-15","2012-02-15","USD","0"
"Home:Internet","2012-02-16","2012-02-16","2012-02-16","USD","0"
"Home:Internet","2012-02-17","2012-02-17","2012-02-17","USD","0"
"Home:Internet","2012-02-18","2012-02-18","2012-02-18","USD","0"
"Home:Internet","2012-02-19","2012-02-19","2012-02-19","USD","0"
"Home:Internet","2012-02-20","2012-02-20","2012-02-20","USD","0"
"Home:Internet","2012-02-21","2012-02-21","2012-02-21","USD","0"
"Home:Internet","2012-02-22","2012-02-22","2012-02-22","USD","0"
"Home:Internet","2012-02-23","2012-02-23","2012-02-23","USD","79.89"
"Home:Internet","2012-02-24","2012-02-24","2012-02-24","USD","0"
"Home:Internet","2012-02-25","2012-02-25","2012-02-25","USD","0"
"Home:Internet","2012-02-26","2012-02-26","2012-02-26","USD","0"
"Home:Internet","2012-02-27","2012-02-27","2012-02-27","USD","0"
"Home:Internet","2012-02-28","2012-02-28","2012-02-28","USD","0"
"Home:Internet","2012-02-29","2012-02-29","2012-02-29","USD","0"
"Home:Internet","2012-03-01","2012-03-01","2012-03-01","USD","0"
"Home:Internet","2012-03-02","2012-03-02","2012-03-02","USD","0"
"Home:Internet","2012-03-03","2012-03-03","2012-03-03","USD","0"
"Home:Internet","2012-03-04","2012-03-04","2012-03-04","USD","0"
"Home:Internet","2012-03-05","2012-03-05","2012-03-05","USD","0"
"Home:Internet","2012-03-06","2012-03-06","2012-03-06","USD","0"
"Home:Internet","2012-03-07","2012-03-07","2012-03-07","USD","0"
"Home:Internet","2012-03-08","2012-03-08","2012-03-08","USD","0"
"Home:Internet","2012-03-09","2012-03-09","2012-03-09","USD","0"
"Home:Internet","2012-03-10","2012-03-10","2012-03-10","USD","0"
"Home:Internet","2012-03-11","2012-03-11","2012-03-11","USD","0"
"Home:Internet","2012-03-12","2012-03-12","2012-03-12","USD","0"
"Home:Internet","2012-03-13","2012-03-13","2012-03-13","USD","0"
"Home:Internet","2012-03-14","2012-03-14","2012-03-14","USD","0"
"Home:Internet","2012-03-15","2012-03-15","2012-03-15","USD","0"
"Home:Internet","2012-03-16","2012-03-16","2012-03-16","USD","0"
"Home:Internet","2012-03-17","2012-03-17","2012-03-17","USD","0"
"Home:Internet","2012-03-18","2012-03-18","2012-03-18","USD","0"
"Home:Internet","2012-03-19","2012-03-19","2012-03-19","USD","0"
"Home:Internet","2012-03-20","2012-03-20","2012-03-20","USD","0"
"Home:Internet","2012-03-21","2012-03-21","2012-03-21","USD","80.12"
"Home:Internet","2012-03-22","2012-03-22","2012-03-22","USD","0"
"Home:Internet","2012-03-23","2012-03-23","2012-03-23","USD","0"
"Home:Internet","2012-03-24","2012-03-24","2012-03-24","USD","0"
"Home:Internet","2012-03-25","2012-03-25","2012-03-25","USD","0"
"Home:Internet","2012-03-26","2012-03-26","2012-03-26","USD","0"
"Home:Internet","2012-03-27","2012-03-27","2012-03-27","USD","0"
"Home:Internet","2012-03-28","2012-03-28","2012-03-28","USD","0"
"Home:Internet","2012-03-29","2012-03-29","2012-03-29","USD","0"
"Home:Internet","2012-03-30","2012-03-30","2012-03-30","USD","0"
"Home:Internet","2012-03-31","2012-03-31","2012-03-31","USD","0"
"Home:Internet","2012-04-01","2012-04-01","2012-04-01","USD","0"
"Home:Internet","2012-04-02","2012-04-02","2012-04-02","USD","0"
"Home:Internet","2012-04-03","2012-04-03","2012-04-03","USD","0"
"Home:Internet","2012-04-04","2012-04-04","2012-04-04","USD","0"
"Home:Internet","2012-04-05","2012-04-05","2012-04-05","USD","0"
"Home:Internet","2012-04-06","2012-04-06","2012-04-06","USD","0"
"Home:Internet","2012-04-07","2012-04-07","2012-04-07","USD","0"
"Home:Internet","2012-04-08","2012-04-08","2012-04-08","USD","0"
"Home:Internet","2012-04-09","2012-04-09","2012-04-09","USD","0"
"Home:Internet","2012-04-10","2012-04-10","2012-04-10","USD","0"
"Home:Internet","2012-04-11","2012-04-11","2012-04-11","USD","0"
"Home:Internet","2012-04-12","2012-04-12","2012-04-12","USD","0"
"Home:Internet","2012-04-13","2012-04-13","2012-04-13","USD","0"
"Home:Internet","2012-04-14","2012-04-14","2012-04-14","USD","0"
"Home:Internet","2012-04-15","2012-04-15","2012-04-15","USD","0"
"Home:Internet","2012-04-16","2012-04-16","2012-04-16","USD","0"
"Home:Internet","2012-04-17","2012-04-17","2012-04-17","USD","0"
"Home:Internet","2012-04-18","2012-04-18","2012-04-18","USD","0"
"Home:Internet","2012-04-19","2012-04-19","2012-04-19","USD","0"
"Home:Internet","2012-04-20","2012-04-20","2012-04-20","USD","0"
"Home:Internet","2012-04-21","2012-04-21","2012-04-21","USD","0"
"Home:Internet","2012-04-22","2012-04-22","2012-04-22","USD","80.11"
"Home:Internet","2012-04-23","2012-04-23","2012-04-23","USD","0"
"Home:Internet","2012-04-24","2012-04-24","2012-04-24","USD","0"
"Home:Internet","2012-04-25","2012-04-25","2012-04-25","USD","0"
"Home:Internet","2012-04-26","2012-04-26","2012-04-26","USD","0"
"Home:Internet","2012-04-27","2012-04-27","2012-04-27","USD","0"
"Home:Internet","2012-04-28","2012-04-28","2012-04-28","USD","0"
"Home:Internet","2012-04-29","2012-04-29","2012-04-29","USD","0"
"Home:Internet","2012-04-30","2012-04-30","2012-04-30","USD","0"
"Home:Internet","2012-05-01","2012-05-01","2012-05-01","USD","0"
"Home:Internet","2012-05-02","2012-05-02","2012-05-02","USD","0"
"Home:Internet","2012-05-03","2012-05-03","2012-05-03","USD","0"
"Home:Internet","2012-05-04","2012-05-04","2012-05-04","USD","0"
"Home:Internet","2012-05-05","2012-05-05","2012-05-05","USD","0"
"Home:Internet","2012-05-06","2012-05-06","2012-05-06","USD","0"
"Home:Internet","2012-05-07","2012-05-07","2012-05-07","USD","0"
"Home:Internet","2012-05-08","2012-05-08","2012-05-08","USD","0"
"Home:Internet","2012-05-09","2012-05-09","2012-05-09","USD","0"
"Home:Internet","2012-05-10","2012-05-10","2012-05-10","USD","0"
"Home:Internet","2012-05-11","2012-05-11","2012-05-11","USD","0"
"Home:Internet","2012-05-12","2012-05-12","2012-05-12","USD","0"
"Home:Internet","2012-05-13","2012-05-13","2012-05-13","USD","0"
"Home:Internet","2012-05-14","2012-05-14","2012-05-14","USD","0"
"Home:Internet","2012-05-15","2012-05-15","2012-05-15","USD","0"
"Home:Internet","2012-05-16","2012-05-16","2012-05-16","USD","0"
"Home:Internet","2012-05-17","2012-05-17","2012-05-17","USD","0"
"Home:Internet","2012-05-18","2012-05-18","2012-05-18","USD","0"
"Home:Internet","2012-05-19","2012-05-19","2012-05-19","USD","0"
"Home:Internet","2012-05-20","2012-05-20","2012-05-20","USD","0"
"Home:Internet","2012-05-21","2012-05-21","2012-05-21","USD","0"
"Home:Internet","2012-05-22","2012-05-22","2012-05-22","USD","0"
"Home:Internet","2012-05-23","2012-05-23","2012-05-23","USD","80.06"
"Home:Internet","2012-05-24","2012-05-24","2012-05-24","USD","0"
"Home:Internet","2012-05-25","2012-05-25","2012-05-25","USD","0"
"Home:Internet","2012-05-26","2012-05-26","2012-05-26","USD","0"
"Home:Internet","2012-05-27","2012-05-27","2012-05-27","USD","0"
"Home:Internet","2012-05-28","2012-05-28","2012-05-28","USD","0"
"Home:Internet","2012-05-29","2012-05-29","2012-05-29","USD","0"
"Home:Internet","2012-05-30","2012-05-30","2012-05-30","USD","0"
"Home:Internet","2012-05-31","2012-05-31","2012-05-31","USD","0"
"Home:Internet","2012-06-01","2012-06-01","2012-06-01","USD","0"
"Home:Internet","2012-06-02","2012-06-02","2012-06-02","USD","0"
"Home:Internet","2012-06-03","2012-06-03","2012-06-03","USD","0"
"Home:Internet","2012-06-04","2012-06-04","2012-06-04","USD","0"
"Home:Internet","2012-06-05","2012-06-05","2012-06-05","USD","0"
"Home:Internet","2012-06-06","2012-06-06","2012-06-06","USD","0"
"Home:Internet","2012-06-07","2012-06-07","2012-06-07","USD","0"
"Home:Internet","2012-06-08","2012-06-08","2012-06-08","USD","0"
"Home:Internet","2012-06-09","2012-06-09","2012-06-09","USD","0"
"Home:Internet","2012-06-10","2012-06-10","2012-06-10","USD","0"
"Home:Internet","2012-06-11","2012-06-11","2012-06-11","USD","0"
"Home:Internet","2012-06-12","2012-06-12","2012-06-12","USD","0"
"Home:Internet","2012-06-13","2012-06-13","2012-06-13","USD","0"
"Home:Internet","2012-06-14","2012-06-14","2012-06-14","USD","0"
"Home:Internet","2012-06-15","2012-06-15","2012-06-15","USD","0"
"Home:Internet","2012-06-16","2012-06-16","2012-06-16","USD","0"
"Home:Internet","2012-06-17","2012-06-17","2012-06-17","USD","0"
"Home:Internet","2012-06-18","2012-06-18","2012-06-18","USD","0"
"Home:Internet","2012-06-19","2012-06-19","2012-06-19","USD","0"
"Home:Internet","2012-06-20","2012-06-20","2012-06-20","USD","0"
"Home:Internet","2012-06-21","2012-06-21","2012-06-21","USD","0"
"Home:Internet","2012-06-22","2012-06-22","2012-06-22","USD","79.96"
"Home:Internet","2012-06-23","2012-06-23","2012-06-23","USD","0"
"Home:Internet","2012-06-24","2012-06-24","2012-06-24","USD","0"
"Home:Internet","2012-06-25","2012-06-25","2012-06-25","USD","0"
"Home:Internet","2012-06-26","2012-06-26","2012-06-26","USD","0"
"Home:Internet","2012-06-27","2012-06-27","2012-06-27","USD","0"
"Home:Internet","2012-06-28","2012-06-28","2012-06-28","USD","0"
"Home:Internet","2012-06-29","2012-06-29","2012-06-29","USD","0"
"Home:Internet","2012-06-30","2012-06-30","2012-06-30","USD","0"
"Home:Internet","2012-07-01","2012-07-01","2012-07-01","USD","0"
"Home:Internet","2012-07-02","2012-07-02","2012-07-02","USD","0"
"Home:Internet","2012-07-03","2012-07-03","2012-07-03","USD","0"
"Home:Internet","2012-07-04","2012-07-04","2012-07-04","USD","0"
"Home:Internet","2012-07-05","2012-07-05","2012-07-05","USD","0"
"Home:Internet","2012-07-06","2012-07-06","2012-07-06","USD","0"
"Home:Internet","2012-07-07","2012-07-07","2012-07-07","USD","0"
"Home:Internet","2012-07-08","2012-07-08","2012-07-08","USD","0"
"Home:Internet","2012-07-09","2012-07-09","2012-07-09","USD","0"
"Home:Internet","2012-07-10","2012-07-10","2012-07-10","USD","0"
"Home:Internet","2012-07-11","2012-07-11","2012-07-11","USD","0"
"Home:Internet","2012-07-12","2012-07-12","2012-07-12","USD","0"
"Home:Internet","2012-07-13","2012-07-13","2012-07-13","USD","0"
"Home:Internet","2012-07-14","2012-07-14","2012-07-14","USD","0"
"Home:Internet","2012-07-15","2012-07-15","2012-07-15","USD","0"
"Home:Internet","2012-07-16","2012-07-16","2012-07-16","USD","0"
"Home:Internet","2012-07-17","2012-07-17","2012-07-17","USD","0"
"Home:Internet","2012-07-18","2012-07-18","2012-07-18","USD","0"
"Home:Internet","2012-07-19","2012-07-19","2012-07-19","USD","0"
"Home:Internet","2012-07-20","2012-07-20","2012-07-20","USD","0"
"Home:Internet","2012-07-21","2012-07-21","2012-07-21","USD","0"
"Home:Internet","2012-07-22","2012-07-22","2012-07-22","USD","0"
"Home:Internet","2012-07-23","2012-07-23","2012-07-23","USD","80.13"
"Home:Internet","2012-07-24","2012-07-24","2012-07-24","USD","0"
"Home:Internet","2012-07-25","2012-07-25","2012-07-25","USD","0"
"Home:Internet","2012-07-26","2012-07-26","2012-07-26","USD","0"
"Home:Internet","2012-07-27","2012-07-27","2012-07-27","USD","0"
"Home:Internet","2012-07-28","2012-07-28","2012-07-28","USD","0"
"Home:Internet","2012-07-29","2012-07-29","2012-07-29","USD","0"
"Home:Internet","2012-07-30","2012-07-30","2012-07-30","USD","0"
"Home:Internet","2012-07-31","2012-07-31","2012-07-31","USD","0"
"Home:Internet","2012-08-01","2012-08-01","2012-08-01","USD","0"
"Home:Internet","2012-08-02","2012-08-02","2012-08-02","USD","0"
"Home:Internet","2012-08-03","2012-08-03","2012-08-03","USD","0"
"Home:Internet","2012-08-04","2012-08-04","2012-08-04","USD","0"
"Home:Internet","2012-08-05","2012-08-05","2012-08-05","USD","0"
"Home:Internet","2012-08-06","2012-08-06","2012-08-06","USD","0"
"Home:Internet","2012-08-07","2012-08-07","2012-08-07","USD","0"
"Home:Internet","2012-08-08","2012-08-08","2012-08-08","USD","0"
"Home:Internet","2012-08-09","2012-08-09","2012-08-09","USD","0"
"Home:Internet","2012-08-10","2012-08-10","2012-08-10","USD","0"
"Home:Internet","2012-08-11","2012-08-11","2012-08-11","USD","0"
"Home:Internet","2012-08-12","2012-08-12","2012-08-12","USD","0"
"Home:Internet","2012-08-13","2012-08-13","2012-08-13","USD","0"
"Home:Internet","2012-08-14","2012-08-14","2012-08-14","USD","0"
"Home:Internet","2012-08-15","2012-08-15","2012-08-15","USD","0"
"Home:Internet","2012-08-16","2012-08-16","2012-08-16","USD","0"
"Home:Internet","2012-08-17","2012-08-17","2012-08-17","USD","0"
"Home:Internet","2012-08-18","2012-08-18","2012-08-18","USD","0"
"Home:Internet","2012-08-19","2012-08-19","2012-08-19","USD","0"
"Home:Internet","2012-08-20","2012-08-20","2012-08-20","USD","0"
"Home:Internet","2012-08-21","2012-08-21","2012-08-21","USD","0"
"Home:Internet","2012-08-22","2012-08-22","2012-08-22","USD","80.00"
"Home:Internet","2012-08-23","2012-08-23","2012-08-23","USD","0"
"Home:Internet","2012-08-24","2012-08-24","2012-08-24","USD","0"
"Home:Internet","2012-08-25","2012-08-25","2012-08-25","USD","0"
"Home:Internet","2012-08-26","2012-08-26","2012-08-26","USD","0"
"Home:Internet","2012-08-27","2012-08-27","2012-08-27","USD","0"
"Home:Internet","2012-08-28","2012-08-28","2012-08-28","USD","0"
"Home:Internet","2012-08-29","2012-08-29","2012-08-29","USD","0"
"Home:Internet","2012-08-30","2012-08-30","2012-08-30","USD","0"
"Home:Internet","2012-08-31","2012-08-31","2012-08-31","USD","0"
"Home:Internet","2012-09-01","2012-09-01","2012-09-01","USD","0"
"Home:Internet","2012-09-02","2012-09-02","2012-09-02","USD","0"
"Home:Internet","2012-09-03","2012-09-03","2012-09-03","USD","0"
"Home:Internet","2012-09-04","2012-09-04","2012-09-04","USD","0"
"Home:Internet","2012-09-05","2012-09-05","2012-09-05","USD","0"
"Home:Internet","2012-09-06","2012-09-06","2012-09-06","USD","0"
"Home:Internet","2012-09-07","2012-09-07","2012-09-07","USD","0"
"Home:Internet","2012-09-08","2012-09-08","2012-09-08","USD","0"
"Home:Internet","2012-09-09","2012-09-09","2012-09-09","USD","0"
"Home:Internet","2012-09-10","2012-09-10","2012-09-10","USD","0"
"Home:Internet","2012-09-11","2012-09-11","2012-09-11","USD","0"
"Home:Internet","2012-09-12","2012-09-12","2012-09-12","USD","0"
"Home:Internet","2012-09-13","2012-09-13","2012-09-13","USD","0"
"Home:Internet","2012-09-14","2012-09-14","2012-09-14","USD","0"
"Home:Internet","2012-09-15","2012-09-15","2012-09-15","USD","0"
"Home:Internet","2012-09-16","2012-09-16","2012-09-16","USD","0"
"Home:Internet","2012-09-17","2012-09-17","2012-09-17","USD","0"
"Home:Internet","2012-09-18","2012-09-18","2012-09-18","USD","0"
"Home:Internet","2012-09-19","2012-09-19","2012-09-19","USD","0"
"Home:Internet","2012-09-20","2012-09-20","2012-09-20","USD","0"
"Home:Internet","2012-09-21","2012-09-21","2012-09-21","USD","0"
"Home:Internet","2012-09-22","2012-09-22","2012-09-22","USD","80.19"
"Home:Internet","2012-09-23","2012-09-23","2012-09-23","USD","0"
"Home:Internet","2012-09-24","2012-09-24","2012-09-24","USD","0"
"Home:Internet","2012-09-25","2012-09-25","2012-09-25","USD","0"
"Home:Internet","2012-09-26","2012-09-26","2012-09-26","USD","0"
"Home:Internet","2012-09-27","2012-09-27","2012-09-27","USD","0"
"Home:Internet","2012-09-28","2012-09-28","2012-09-28","USD","0"
"Home:Internet","2012-09-29","2012-09-29","2012-09-29","USD","0"
"Home:Internet","2012-09-30","2012-09-30","2012-09-30","USD","0"
"Home:Internet","2012-10-01","2012-10-01","2012-10-01","USD","0"
"Home:Internet","2012-10-02","2012-10-02","2012-10-02","USD","0"
"Home:Internet","2012-10-03","2012-10-03","2012-10-03","USD","0"
"Home:Internet","2012-10-04","2012-10-04","2012-10-04","USD","0"
"Home:Internet","2012-10-05","2012-10-05","2012-10-05","USD","0"
"Home:Internet","2012-10-06","2012-10-06","2012-10-06","USD","0"
"Home:Internet","2012-10-07","2012-10-07","2012-10-07","USD","0"
"Home:Internet","2012-10-08","2012-10-08","2012-10-08","USD","0"
"Home:Internet","2012-10-09","2012-10-09","2012-10-09","USD","0"
"Home:Internet","2012-10-10","2012-10-10","2012-10-10","USD","0"
"Home:Internet","2012-10-11","2012-10-11","2012-10-11","USD","0"
"Home:Internet","2012-10-12","2012-10-12","2012-10-12","USD","0"
"Home:Internet","2012-10-13","2012-10-13","2012-10-13","USD","0"
"Home:Internet","2012-10-14","2012-10-14","2012-10-14","USD","0"
"Home:Internet","2012-10-15","2012-10-15","2012-10-15","USD","0"
"Home:Internet","2012-10-16","2012-10-16","2012-10-16","USD","0"
"Home:Internet","2012-10-17","2012-10-17","2012-10-17","USD","0"
"Home:Internet","2012-10-18","2012-10-18","2012-10-18","USD","0"
"Home:Internet","2012-10-19","2012-10-19","2012-10-19","USD","0"
"Home:Internet","2012-10-20","2012-10-20","2012-10-20","USD","0"
"Home:Internet","2012-10-21","2012-10-21","2012-10-21","USD","0"
"Home:Internet","2012-10-22","2012-10-22","2012-10-22","USD","79.93"
"Home:Internet","2012-10-23","2012-10-23","2012-10-23","USD","0"
"Home:Internet","2012-10-24","2012-10-24","2012-10-24","USD","0"
"Home:Internet","2012-10-25","2012-10-25","2012-10-25","USD","0"
"Home:Internet","2012-10-26","2012-10-26","2012-10-26","USD","0"
"Home:Internet","2012-10-27","2012-10-27","2012-10-27","USD","0"
"Home:Internet","2012-10-28","2012-10-28","2012-10-28","USD","0"
"Home:Internet","2012-10-29","2012-10-29","2012-10-29","USD","0"
"Home:Internet","2012-10-30","2012-10-30","2012-10-30","USD","0"
"Home:Internet","2012-10-31","2012-10-31","2012-10-31","USD","0"
"Home:Internet","2012-11-01","2012-11-01","2012-11-01","USD","0"
"Home:Internet","2012-11-02","2012-11-02","2012-11-02","USD","0"
"Home:Internet","2012-11-03","2012-11-03","2012-11-03","USD","0"
"Home:Internet","2012-11-04","2012-11-04","2012-11-04","USD","0"
"Home:Internet","2012-11-05","2012-11-05","2012-11-05","USD","0"
"Home:Internet","2012-11-06","2012-11-06","2012-11-06","USD","0"
"Home:Internet","2012-11-07","2012-11-07","2012-11-07","USD","0"
"Home:Internet","2012-11-08","2012-11-08","2012-11-08","USD","0"
"Home:Internet","2012-11-09","2012-11-09","2012-11-09","USD","0"
"Home:Internet","2012-11-10","2012-11-10","2012-11-10","USD","0"
"Home:Internet","2012-11-11","2012-11-11","2012-11-11","USD","0"
"Home:Internet","2012-11-12","2012-11-12","2012-11-12","USD","0"
"Home:Internet","2012-11-13","2012-11-13","2012-11-13","USD","0"
"Home:Internet","2012-11-14","2012-11-14","2012-11-14","USD","0"
"Home:Internet","2012-11-15","2012-11-15","2012-11-15","USD","0"
"Home:Internet","2012-11-16","2012-11-16","2012-11-16","USD","0"
"Home:Internet","2012-11-17","2012-11-17","2012-11-17","USD","0"
"Home:Internet","2012-11-18","2012-11-18","2012-11-18","USD","0"
"Home:Internet","2012-11-19","2012-11-19","2012-11-19","USD","0"
"Home:Internet","2012-11-20","2012-11-20","2012-11-20","USD","0"
"Home:Internet","2012-11-21","2012-11-21","2012-11-21","USD","0"
"Home:Internet","2012-11-22","2012-11-22","2012-11-22","USD","79.86"
"Home:Internet","2012-11-23","2012-11-23","2012-11-23","USD","0"
"Home:Internet","2012-11-24","2012-11-24","2012-11-24","USD","0"
"Home:Internet","2012-11-25","2012-11-25","2012-11-25","USD","0"
"Home:Internet","2012-11-26","2012-11-26","2012-11-26","USD","0"
"Home:Internet","2012-11-27","2012-11-27","2012-11-27","USD","0"
"Home:Internet","2012-11-28","2012-11-28","2012-11-28","USD","0"
"Home:Internet","2012-11-29","2012-11-29","2012-11-29","USD","0"
"Home:Internet","2012-11-30","2012-11-30","2012-11-30","USD","0"
"Home:Internet","2012-12-01","2012-12-01","2012-12-01","USD","0"
"Home:Internet","2012-12-02","2012-12-02","2012-12-02","USD","0"
"Home:Internet","2012-12-03","2012-12-03","2012-12-03","USD","0"
"Home:Internet","2012-12-04","2012-12-04","2012-12-04","USD","0"
"Home:Internet","2012-12-05","2012-12-05","2012-12-05","USD","0"
"Home:Internet","2012-12-06","2012-12-06","2012-12-06","USD","0"
"Home:Internet","2012-12-07","2012-12-07","2012-12-07","USD","0"
"Home:Internet","2012-12-08","2012-12-08","2012-12-08","USD","0"
"Home:Internet","2012-12-09","2012-12-09","2012-12-09","USD","0"
"Home:Internet","2012-12-10","2012-12-10","2012-12-10","USD","0"
"Home:Internet","2012-12-11","2012-12-11","2012-12-11","USD","0"
"Home:Internet","2012-12-12","2012-12-12","2012-12-12","USD","0"
"Home:Internet","2012-12-13","2012-12-13","2012-12-13","USD","0"
"Home:Internet","2012-12-14","2012-12-14","2012-12-14","USD","0"
"Home:Internet","2012-12-15","2012-12-15","2012-12-15","USD","0"
"Home:Internet","2012-12-16","2012-12-16","2012-12-16","USD","0"
"Home:Internet","2012-12-17","2012-12-17","2012-12-17","USD","0"
"Home:Internet","2012-12-18","2012-12-18","2012-12-18","USD","0"
"Home:Internet","2012-12-19","2012-12-19","2012-12-19","USD","0"
"Home:Internet","2012-12-20","2012-12-20","2012-12-20","USD","0"
"Home:Internet","2012-12-21","2012-12-21","2012-12-21","USD","0"
"Home:Internet","2012-12-22","2012-12-22","2012-12-22","USD","0"
"Home:Internet","2012-12-23","2012-12-23","2012-12-23","USD","80.17"
"Home:Internet","2012-12-24","2012-12-24","2012-12-24","USD","0"
"Home:Internet","2012-12-25","2012-12-25","2012-12-25","USD","0"
"Home:Internet","2012-12-26","2012-12-26","2012-12-26","USD","0"
"Home:Internet","2012-12-27","2012-12-27","2012-12-27","USD","0"
"Home:Internet","2012-12-28","2012-12-28","2012-12-28","USD","0"
"Home:Internet","2012-12-29","2012-12-29","2012-12-29","USD","0"
"Home:Internet","2012-12-30","2012-12-30","2012-12-30","USD","0"
"Home:Internet","2012-12-31","2012-12-31","2012-12-31","USD","0"
"Home:Internet","2013-01-01","2013-01-01","2013-01-01","USD","0"
"Home:Internet","2013-01-02","2013-01-02","2013-01-02","USD","0"
"Home:Internet","2013-01-03","2013-01-03","2013-01-03","USD","0"
"Home:Internet","2013-01-04","2013-01-04","2013-01-04","USD","0"
"Home:Internet","2013-01-05","2013-01-05","2013-01-05","USD","0"
"Home:Internet","2013-01-06","2013-01-06","2013-01-06","USD","0"
"Home:Internet","2013-01-07","2013-01-07","2013-01-07","USD","0"
"Home:Internet","2013-01-08","2013-01-08","2013-01-08","USD","0"
"Home:Internet","2013-01-09","2013-01-09","2013-01-09","USD","0"
"Home:Internet","2013-01-10","2013-01-10","2013-01-10","USD","0"
"Home:Internet","2013-01-11","2013-01-11","2013-01-11","USD","0"
"Home:Internet","2013-01-12","2013-01-12","2013-01-12","USD","0"
"Home:Internet","2013-01-13","2013-01-13","2013-01-13","USD","0"
"Home:Internet","2013-01-14","2013-01-14","2013-01-14","USD","0"
"Home:Internet","2013-01-15","2013-01-15","2013-01-15","USD","0"
"Home:Internet","2013-01-16","2013-01-16","2013-01-16","USD","0"
"Home:Internet","2013-01-17","2013-01-17","2013-01-17","USD","0"
"Home:Internet","2013-01-18","2013-01-18","2013-01-18","USD","0"
"Home:Internet","2013-01-19","2013-01-19","2013-01-19","USD","0"
"Home:Internet","2013-01-20","2013-01-20","2013-01-20","USD","0"
"Home:Internet","2013-01-21","2013-01-21","2013-01-21","USD","79.98"
"Home:Internet","2013-01-22","2013-01-22","2013-01-22","USD","0"
"Home:Internet","2013-01-23","2013-01-23","2013-01-23","USD","0"
"Home:Internet","2013-01-24","2013-01-24","2013-01-24","USD","0"
"Home:Internet","2013-01-25","2013-01-25","2013-01-25","USD","0"
"Home:Internet","2013-01-26","2013-01-26","2013-01-26","USD","0"
"Home:Internet","2013-01-27","2013-01-27","2013-01-27","USD","0"
"Home:Internet","2013-01-28","2013-01-28","2013-01-28","USD","0"
"Home:Internet","2013-01-29","2013-01-29","2013-01-29","USD","0"
"Home:Internet","2013-01-30","2013-01-30","2013-01-30","USD","0"
"Home:Internet","2013-01-31","2013-01-31","2013-01-31","USD","0"
"Home:Internet","2013-02-01","2013-02-01","2013-02-01","USD","0"
"Home:Internet","2013-02-02","2013-02-02","2013-02-02","USD","0"
"Home:Internet","2013-02-03","2013-02-03","2013-02-03","USD","0"
"Home:Internet","2013-02-04","2013-02-04","2013-02-04","USD","0"
"Home:Internet","2013-02-05","2013-02-05","2013-02-05","USD","0"
"Home:Internet","2013-02-06","2013-02-06","2013-02-06","USD","0"
"Home:Internet","2013-02-07","2013-02-07","2013-02-07","USD","0"
"Home:Internet","2013-02-08","2013-02-08","2013-02-08","USD","0"
"Home:Internet","2013-02-09","2013-02-09","2013-02-09","USD","0"
"Home:Internet","2013-02-10","2013-02-10","2013-02-10","USD","0"
"Home:Internet","2013-02-11","2013-02-11","2013-02-11","USD","0"
"Home:Internet","2013-02-12","2013-02-12","2013-02-12","USD","0"
"Home:Internet","2013-02-13","2013-02-13","2013-02-13","USD","0"
"Home:Internet","2013-02-14","2013-02-14","2013-02-14","USD","0"
"Home:Internet","2013-02-15","2013-02-15","2013-02-15","USD","0"
"Home:Internet","2013-02-16","2013-02-16","2013-02-16","USD","0"
"Home:Internet","2013-02-17","2013-02-17","2013-02-17","USD","0"
"Home:Internet","2013-02-18","2013-02-18","2013-02-18","USD","0"
"Home:Internet","2013-02-19","2013-02-19","2013-02-19","USD","0"
"Home:Internet","2013-02-20","2013-02-20","2013-02-20","USD","0"
"Home:Internet","2013-02-21","2013-02-21","2013-02-21","USD","0"
"Home:Internet","2013-02-22","2013-02-22","2013-02-22","USD","80.02"
"Home:Internet","2013-02-23","2013-02-23","2013-02-23","USD","0"
"Home:Internet","2013-02-24","2013-02-24","2013-02-24","USD","0"
"Home:Internet","2013-02-25","2013-02-25","2013-02-25","USD","0"
"Home:Internet","2013-02-26","2013-02-26","2013-02-26","USD","0"
"Home:Internet","2013-02-27","2013-02-27","2013-02-27","USD","0"
"Home:Internet","2013-02-28","2013-02-28","2013-02-28","USD","0"
"Home:Internet","2013-03-01","2013-03-01","2013-03-01","USD","0"
"Home:Internet","2013-03-02","2013-03-02","2013-03-02","USD","0"
"Home:Internet","2013-03-03","2013-03-03","2013-03-03","USD","0"
"Home:Internet","2013-03-04","2013-03-04","2013-03-04","USD","0"
"Home:Internet","2013-03-05","2013-03-05","2013-03-05","USD","0"
"Home:Internet","2013-03-06","2013-03-06","2013-03-06","USD","0"
"Home:Internet","2013-03-07","2013-03-07","2013-03-07","USD","0"
"Home:Internet","2013-03-08","2013-03-08","2013-03-08","USD","0"
"Home:Internet","2013-03-09","2013-03-09","2013-03-09","USD","0"
"Home:Internet","2013-03-10","2013-03-10","2013-03-10","USD","0"
"Home:Internet","2013-03-11","2013-03-11","2013-03-11","USD","0"
"Home:Internet","2013-03-12","2013-03-12","2013-03-12","USD","0"
"Home:Internet","2013-03-13","2013-03-13","2013-03-13","USD","0"
"Home:Internet","2013-03-14","2013-03-14","2013-03-14","USD","0"
"Home:Internet","2013-03-15","2013-03-15","2013-03-15","USD","0"
"Home:Internet","2013-03-16","2013-03-16","2013-03-16","USD","0"
"Home:Internet","2013-03-17","2013-03-17","2013-03-17","USD","0"
"Home:Internet","2013-03-18","2013-03-18","2013-03-18","USD","0"
"Home:Internet","2013-03-19","2013-03-19","2013-03-19","USD","0"
"Home:Internet","2013-03-20","2013-03-20","2013-03-20","USD","0"
"Home:Internet","2013-03-21","2013-03-21","2013-03-21","USD","79.97"
"Home:Internet","2013-03-22","2013-03-22","2013-03-22","USD","0"
"Home:Internet","2013-03-23","2013-03-23","2013-03-23","USD","0"
"Home:Internet","2013-03-24","2013-03-24","2013-03-24","USD","0"
"Home:Internet","2013-03-25","2013-03-25","2013-03-25","USD","0"
"Home:Internet","2013-03-26","2013-03-26","2013-03-26","USD","0"
"Home:Internet","2013-03-27","2013-03-27","2013-03-27","USD","0"
"Home:Internet","2013-03-28","2013-03-28","2013-03-28","USD","0"
"Home:Internet","2013-03-29","2013-03-29","2013-03-29","USD","0"
"Home:Internet","2013-03-30","2013-03-30","2013-03-30","USD","0"
"Home:Internet","2013-03-31","2013-03-31","2013-03-31","USD","0"
"Home:Internet","2013-04-01","2013-04-01","2013-04-01","USD","0"
"Home:Internet","2013-04-02","2013-04-02","2013-04-02","USD","0"
"Home:Internet","2013-04-03","2013-04-03","2013-04-03","USD","0"
"Home:Internet","2013-04-04","2013-04-04","2013-04-04","USD","0"
"Home:Internet","2013-04-05","2013-04-05","2013-04-05","USD","0"
"Home:Internet","2013-04-06","2013-04-06","2013-04-06","USD","0"
"Home:Internet","2013-04-07","2013-04-07","2013-04-07","USD","0"
"Home:Internet","2013-04-08","2013-04-08","2013-04-08","USD","0"
"Home:Internet","2013-04-09","2013-04-09","2013-04-09","USD","0"
"Home:Internet","2013-04-10","2013-04-10","2013-04-10","USD","0"
"Home:Internet","2013-04-11","2013-04-11","2013-04-11","USD","0"
"Home:Internet","2013-04-12","2013-04-12","2013-04-12","USD","0"
"Home:Internet","2013-04-13","2013-04-13","2013-04-13","USD","0"
"Home:Internet","2013-04-14","2013-04-14","2013-04-14","USD","0"
"Home:Internet","2013-04-15","2013-04-15","2013-04-15","USD","0"
"Home:Internet","2013-04-16","2013-04-16","2013-04-16","USD","0"
"Home:Internet","2013-04-17","2013-04-17","2013-04-17","USD","0"
"Home:Internet","2013-04-18","2013-04-18","2013-04-18","USD","0"
"Home:Internet","2013-04-19","2013-04-19","2013-04-19","USD","0"
"Home:Internet","2013-04-20","2013-04-20","2013-04-20","USD","0"
"Home:Internet","2013-04-21","2013-04-21","2013-04-21","USD","0"
"Home:Internet","2013-04-22","2013-04-22","2013-04-22","USD","0"
"Home:Internet","2013-04-23","2013-04-23","2013-04-23","USD","79.83"
"Home:Internet","2013-04-24","2013-04-24","2013-04-24","USD","0"
"Home:Internet","2013-04-25","2013-04-25","2013-04-25","USD","0"
"Home:Internet","2013-04-26","2013-04-26","2013-04-26","USD","0"
"Home:Internet","2013-04-27","2013-04-27","2013-04-27","USD","0"
"Home:Internet","2013-04-28","2013-04-28","2013-04-28","USD","0"
"Home:Internet","2013-04-29","2013-04-29","2013-04-29","USD","0"
"Home:Internet","2013-04-30","2013-04-30","2013-04-30","USD","0"
"Home:Internet","2013-05-01","2013-05-01","2013-05-01","USD","0"
"Home:Internet","2013-05-02","2013-05-02","2013-05-02","USD","0"
"Home:Internet","2013-05-03","2013-05-03","2013-05-03","USD","0"
"Home:Internet","2013-05-04","2013-05-04","2013-05-04","USD","0"
"Home:Internet","2013-05-05","2013-05-05","2013-05-05","USD","0"
"Home:Internet","2013-05-06","2013-05-06","2013-05-06","USD","0"
"Home:Internet","2013-05-07","2013-05-07","2013-05-07","USD","0"
"Home:Internet","2013-05-08","2013-05-08","2013-05-08","USD","0"
"Home:Internet","2013-05-09","2013-05-09","2013-05-09","USD","0"
"Home:Internet","2013-05-10","2013-05-10","2013-05-10","USD","0"
"Home:Internet","2013-05-11","2013-05-11","2013-05-11","USD","0"
"Home:Internet","2013-05-12","2013-05-12","2013-05-12","USD","0"
"Home:Internet","2013-05-13","2013-05-13","2013-05-13","USD","0"
"Home:Internet","2013-05-14","2013-05-14","2013-05-14","USD","0"
"Home:Internet","2013-05-15","2013-05-15","2013-05-15","USD","0"
"Home:Internet","2013-05-16","2013-05-16","2013-05-16","USD","0"
"Home:Internet","2013-05-17","2013-05-17","2013-05-17","USD","0"
"Home:Internet","2013-05-18","2013-05-18","2013-05-18","USD","0"
"Home:Internet","2013-05-19","2013-05-19","2013-05-19","USD","0"
"Home:Internet","2013-05-20","2013-05-20","2013-05-20","USD","0"
"Home:Internet","2013-05-21","2013-05-21","2013-05-21","USD","0"
"Home:Internet","2013-05-22","2013-05-22","2013-05-22","USD","0"
"Home:Internet","2013-05-23","2013-05-23","2013-05-23","USD","79.90"
"Home:Internet","2013-05-24","2013-05-24","2013-05-24","USD","0"
"Home:Internet","2013-05-25","2013-05-25","2013-05-25","USD","0"
"Home:Internet","2013-05-26","2013-05-26","2013-05-26","USD","0"
"Home:Internet","2013-05-27","2013-05-27","2013-05-27","USD","0"
"Home:Internet","2013-05-28","2013-05-28","2013-05-28","USD","0"
"Home:Internet","2013-05-29","2013-05-29","2013-05-29","USD","0"
"Home:Internet","2013-05-30","2013-05-30","2013-05-30","USD","0"
"Home:Internet","2013-05-31","2013-05-31","2013-05-31","USD","0"
"Home:Internet","2013-06-01","2013-06-01","2013-06-01","USD","0"
"Home:Internet","2013-06-02","2013-06-02","2013-06-02","USD","0"
"Home:Internet","2013-06-03","2013-06-03","2013-06-03","USD","0"
"Home:Internet","2013-06-04","2013-06-04","2013-06-04","USD","0"
"Home:Internet","2013-06-05","2013-06-05","2013-06-05","USD","0"
"Home:Internet","2013-06-06","2013-06-06","2013-06-06","USD","0"
"Home:Internet","2013-06-07","2013-06-07","2013-06-07","USD","0"
"Home:Internet","2013-06-08","2013-06-08","2013-06-08","USD","0"
"Home:Internet","2013-06-09","2013-06-09","2013-06-09","USD","0"
"Home:Internet","2013-06-10","2013-06-10","2013-06-10","USD","0"
"Home:Internet","2013-06-11","2013-06-11","2013-06-11","USD","0"
"Home:Internet","2013-06-12","2013-06-12","2013-06-12","USD","0"
"Home:Internet","2013-06-13","2013-06-13","2013-06-13","USD","0"
"Home:Internet","2013-06-14","2013-06-14","2013-06-14","USD","0"
"Home:Internet","2013-06-15","2013-06-15","2013-06-15","USD","0"
"Home:Internet","2013-06-16","2013-06-16","2013-06-16","USD","0"
"Home:Internet","2013-06-17","2013-06-17","2013-06-17","USD","0"
"Home:Internet","2013-06-18","2013-06-18","2013-06-18","USD","0"
"Home:Internet","2013-06-19","2013-06-19","2013-06-19","USD","0"
"Home:Internet","2013-06-20","2013-06-20","2013-06-20","USD","0"
"Home:Internet","2013-06-21","2013-06-21","2013-06-21","USD","0"
"Home:Internet","2013-06-22","2013-06-22","2013-06-22","USD","80.10"
"Home:Internet","2013-06-23","2013-06-23","2013-06-23","USD","0"
"Home:Internet","2013-06-24","2013-06-24","2013-06-24","USD","0"
"Home:Internet","2013-06-25","2013-06-25","2013-06-25","USD","0"
"Home:Internet","2013-06-26","2013-06-26","2013-06-26","USD","0"
"Home:Internet","2013-06-27","2013-06-27","2013-06-27","USD","0"
"Home:Internet","2013-06-28","2013-06-28","2013-06-28","USD","0"
"Home:Internet","2013-06-29","2013-06-29","2013-06-29","USD","0"
"Home:Internet","2013-06-30","2013-06-30","2013-06-30","USD","0"
"Home:Internet","2013-07-01","2013-07-01","2013-07-01","USD","0"
"Home:Internet","2013-07-02","2013-07-02","2013-07-02","USD","0"
"Home:Internet","2013-07-03","2013-07-03","2013-07-03","USD","0"
"Home:Internet","2013-07-04","2013-07-04","2013-07-04","USD","0"
"Home:Internet","2013-07-05","2013-07-05","2013-07-05","USD","0"
"Home:Internet","2013-07-06","2013-07-06","2013-07-06","USD","0"
"Home:Internet","2013-07-07","2013-07-07","2013-07-07","USD","0"
"Home:Internet","2013-07-08","2013-07-08","2013-07-08","USD","0"
"Home:Internet","2013-07-09","2013-07-09","2013-07-09","USD","0"
"Home:Internet","2013-07-10","2013-07-10","2013-07-10","USD","0"
"Home:Internet","2013-07-11","2013-07-11","2013-07-11","USD","0"
"Home:Internet","2013-07-12","2013-07-12","2013-07-12","USD","0"
"Home:Internet","2013-07-13","2013-07-13","2013-07-13","USD","0"
"Home:Internet","2013-07-14","2013-07-14","2013-07-14","USD","0"
"Home:Internet","2013-07-15","2013-07-15","2013-07-15","USD","0"
"Home:Internet","2013-07-16","2013-07-16","2013-07-16","USD","0"
"Home:Internet","2013-07-17","2013-07-17","2013-07-17","USD","0"
"Home:Internet","2013-07-18","2013-07-18","2013-07-18","USD","0"
"Home:Internet","2013-07-19","2013-07-19","2013-07-19","USD","0"
"Home:Internet","2013-07-20","2013-07-20","2013-07-20","USD","0"
"Home:Internet","2013-07-21","2013-07-21","2013-07-21","USD","79.87"
"Home:Internet","2013-07-22","2013-07-22","2013-07-22","USD","0"
"Home:Internet","2013-07-23","2013-07-23","2013-07-23","USD","0"
"Home:Internet","2013-07-24","2013-07-24","2013-07-24","USD","0"
"Home:Internet","2013-07-25","2013-07-25","2013-07-25","USD","0"
"Home:Internet","2013-07-26","2013-07-26","2013-07-26","USD","0"
"Home:Internet","2013-07-27","2013-07-27","2013-07-27","USD","0"
"Home:Internet","2013-07-28","2013-07-28","2013-07-28","USD","0"
"Home:Internet","2013-07-29","2013-07-29","2013-07-29","USD","0"
"Home:Internet","2013-07-30","2013-07-30","2013-07-30","USD","0"
"Home:Internet","2013-07-31","2013-07-31","2013-07-31","USD","0"
"Home:Internet","2013-08-01","2013-08-01","2013-08-01","USD","0"
"Home:Internet","2013-08-02","2013-08-02","2013-08-02","USD","0"
"Home:Internet","2013-08-03","2013-08-03","2013-08-03","USD","0"
"Home:Internet","2013-08-04","2013-08-04","2013-08-04","USD","0"
"Home:Internet","2013-08-05","2013-08-05","2013-08-05","USD","0"
"Home:Internet","2013-08-06","2013-08-06","2013-08-06","USD","0"
"Home:Internet","2013-08-07","2013-08-07","2013-08-07","USD","0"
"Home:Internet","2013-08-08","2013-08-08","2013-08-08","USD","0"
"Home:Internet","2013-08-09","2013-08-09","2013-08-09","USD","0"
"Home:Internet","2013-08-10","2013-08-10","2013-08-10","USD","0"
"Home:Internet","2013-08-11","2013-08-11","2013-08-11","USD","0"
"Home:Internet","2013-08-12","2013-08-12","2013-08-12","USD","0"
"Home:Internet","2013-08-13","2013-08-13","2013-08-13","USD","0"
"Home:Internet","2013-08-14","2013-08-14","2013-08-14","USD","0"
"Home:Internet","2013-08-15","2013-08-15","2013-08-15","USD","0"
"Home:Internet","2013-08-16","2013-08-16","2013-08-16","USD","0"
"Home:Internet","2013-08-17","2013-08-17","2013-08-17","USD","0"
"Home:Internet","2013-08-18","2013-08-18","2013-08-18","USD","0"
"Home:Internet","2013-08-19","2013-08-19","2013-08-19","USD","0"
"Home:Internet","2013-08-20","2013-08-20","2013-08-20","USD","0"
"Home:Internet","2013-08-21","2013-08-21","2013-08-21","USD","0"
"Home:Internet","2013-08-22","2013-08-22","2013-08-22","USD","80.01"
"Home:Internet","2013-08-23","2013-08-23","2013-08-23","USD","0"
"Home:Internet","2013-08-24","2013-08-24","2013-08-24","USD","0"
"Home:Internet","2013-08-25","2013-08-25","2013-08-25","USD","0"
"Home:Internet","2013-08-26","2013-08-26","2013-08-26","USD","0"
"Home:Internet","2013-08-27","2013-08-27","2013-08-27","USD","0"
"Home:Internet","2013-08-28","2013-08-28","2013-08-28","USD","0"
"Home:Internet","2013-08-29","2013-08-29","2013-08-29","USD","0"
"Home:Internet","2013-08-30","2013-08-30","2013-08-30","USD","0"
"Home:Internet","2013-08-31","2013-08-31","2013-08-31","USD","0"
"Home:Internet","2013-09-01","2013-09-01","2013-09-01","USD","0"
"Home:Internet","2013-09-02","2013-09-02","2013-09-02","USD","0"
"Home:Internet","2013-09-03","2013-09-03","2013-09-03","USD","0"
"Home:Internet","2013-09-04","2013-09-04","2013-09-04","USD","0"
"Home:Internet","2013-09-05","2013-09-05","2013-09-05","USD","0"
"Home:Internet","2013-09-06","2013-09-06","2013-09-06","USD","0"
"Home:Internet","2013-09-07","2013-09-07","2013-09-07","USD","0"
"Home:Internet","2013-09-08","2013-09-08","2013-09-08","USD","0"
"Home:Internet","2013-09-09","2013-09-09","2013-09-09","USD","0"
"Home:Internet","2013-09-10","2013-09-10","2013-09-10","USD","0"
"Home:Internet","2013-09-11","2013-09-11","2013-09-11","USD","0"
"Home:Internet","2013-09-12","2013-09-12","2013-09-12","USD","0"
"Home:Internet","2013-09-13","2013-09-13","2013-09-13","USD","0"
"Home:Internet","2013-09-14","2013-09-14","2013-09-14","USD","0"
"Home:Internet","2013-09-15","2013-09-15","2013-09-15","USD","0"
"Home:Internet","2013-09-16","2013-09-16","2013-09-16","USD","0"
"Home:Internet","2013-09-17","2013-09-17","2013-09-17","USD","0"
"Home:Internet","2013-09-18","2013-09-18","2013-09-18","USD","0"
"Home:Internet","2013-09-19","2013-09-19","2013-09-19","USD","0"
"Home:Internet","2013-09-20","2013-09-20","2013-09-20","USD","0"
"Home:Internet","2013-09-21","2013-09-21","2013-09-21","USD","0"
"Home:Internet","2013-09-22","2013-09-22","2013-09-22","USD","0"
"Home:Internet","2013-09-23","2013-09-23","2013-09-23","USD","79.95"
"Home:Internet","2013-09-24","2013-09-24","2013-09-24","USD","0"
"Home:Internet","2013-09-25","2013-09-25","2013-09-25","USD","0"
"Home:Internet","2013-09-26","2013-09-26","2013-09-26","USD","0"
"Home:Internet","2013-09-27","2013-09-27","2013-09-27","USD","0"
"Home:Internet","2013-09-28","2013-09-28","2013-09-28","USD","0"
"Home:Internet","2013-09-29","2013-09-29","2013-09-29","USD","0"
"Home:Internet","2013-09-30","2013-09-30","2013-09-30","USD","0"
"Home:Internet","2013-10-01","2013-10-01","2013-10-01","USD","0"
"Home:Internet","2013-10-02","2013-10-02","2013-10-02","USD","0"
"Home:Internet","2013-10-03","2013-10-03","2013-10-03","USD","0"
"Home:Internet","2013-10-04","2013-10-04","2013-10-04","USD","0"
"Home:Internet","2013-10-05","2013-10-05","2013-10-05","USD","0"
"Home:Internet","2013-10-06","2013-10-06","2013-10-06","USD","0"
"Home:Internet","2013-10-07","2013-10-07","2013-10-07","USD","0"
"Home:Internet","2013-10-08","2013-10-08","2013-10-08","USD","0"
"Home:Internet","2013-10-09","2013-10-09","2013-10-09","USD","0"
"Home:Internet","2013-10-10","2013-10-10","2013-10-10","USD","0"
"Home:Internet","2013-10-11","2013-10-11","2013-10-11","USD","0"
"Home:Internet","2013-10-12","2013-10-12","2013-10-12","USD","0"
"Home:Internet","2013-10-13","2013-10-13","2013-10-13","USD","0"
"Home:Internet","2013-10-14","2013-10-14","2013-10-14","USD","0"
"Home:Internet","2013-10-15","2013-10-15","2013-10-15","USD","0"
"Home:Internet","2013-10-16","2013-10-16","2013-10-16","USD","0"
"Home:Internet","2013-10-17","2013-10-17","2013-10-17","USD","0"
"Home:Internet","2013-10-18","2013-10-18","2013-10-18","USD","0"
"Home:Internet","2013-10-19","2013-10-19","2013-10-19","USD","0"
"Home:Internet","2013-10-20","2013-10-20","2013-10-20","USD","0"
"Home:Internet","2013-10-21","2013-10-21","2013-10-21","USD","0"
"Home:Internet","2013-10-22","2013-10-22","2013-10-22","USD","0"
"Home:Internet","2013-10-23","2013-10-23","2013-10-23","USD","79.99"
"Home:Internet","2013-10-24","2013-10-24","2013-10-24","USD","0"
"Home:Internet","2013-10-25","2013-10-25","2013-10-25","USD","0"
"Home:Internet","2013-10-26","2013-10-26","2013-10-26","USD","0"
"Home:Internet","2013-10-27","2013-10-27","2013-10-27","USD","0"
"Home:Internet","2013-10-28","2013-10-28","2013-10-28","USD","0"
"Home:Internet","2013-10-29","2013-10-29","2013-10-29","USD","0"
"Home:Internet","2013-10-30","2013-10-30","2013-10-30","USD","0"
"Home:Internet","2013-10-31","2013-10-31","2013-10-31","USD","0"
"Home:Internet","2013-11-01","2013-11-01","2013-11-01","USD","0"
"Home:Internet","2013-11-02","2013-11-02","2013-11-02","USD","0"
"Home:Internet","2013-11-03","2013-11-03","2013-11-03","USD","0"
"Home:Internet","2013-11-04","2013-11-04","2013-11-04","USD","0"
"Home:Internet","2013-11-05","2013-11-05","2013-11-05","USD","0"
"Home:Internet","2013-11-06","2013-11-06","2013-11-06","USD","0"
"Home:Internet","2013-11-07","2013-11-07","2013-11-07","USD","0"
"Home:Internet","2013-11-08","2013-11-08","2013-11-08","USD","0"
"Home:Internet","2013-11-09","2013-11-09","2013-11-09","USD","0"
"Home:Internet","2013-11-10","2013-11-10","2013-11-10","USD","0"
"Home:Internet","2013-11-11","2013-11-11","2013-11-11","USD","0"
"Home:Internet","2013-11-12","2013-11-12","2013-11-12","USD","0"
"Home:Internet","2013-11-13","2013-11-13","2013-11-13","USD","0"
"Home:Internet","2013-11-14","2013-11-14","2013-11-14","USD","0"
"Home:Internet","2013-11-15","2013-11-15","2013-11-15","USD","0"
"Home:Internet","2013-11-16","2013-11-16","2013-11-16","USD","0"
"Home:Internet","2013-11-17","2013-11-17","2013-11-17","USD","0"
"Home:Internet","2013-11-18","2013-11-18","2013-11-18","USD","0"
"Home:Internet","2013-11-19","2013-11-19","2013-11-19","USD","0"
"Home:Internet","2013-11-20","2013-11-20","2013-11-20","USD","0"
"Home:Internet","2013-11-21","2013-11-21","2013-11-21","USD","0"
"Home:Internet","2013-11-22","2013-11-22","2013-11-22","USD","80.18"
"Home:Internet","2013-11-23","2013-11-23","2013-11-23","USD","0"
"Home:Internet","2013-11-24","2013-11-24","2013-11-24","USD","0"
"Home:Internet","2013-11-25","2013-11-25","2013-11-25","USD","0"
"Home:Internet","2013-11-26","2013-11-26","2013-11-26","USD","0"
"Home:Internet","2013-11-27","2013-11-27","2013-11-27","USD","0"
"Home:Internet","2013-11-28","2013-11-28","2013-11-28","USD","0"
"Home:Internet","2013-11-29","2013-11-29","2013-11-29","USD","0"
"Home:Internet","2013-11-30","2013-11-30","2013-11-30","USD","0"
"Home:Internet","2013-12-01","2013-12-01","2013-12-01","USD","0"
"Home:Internet","2013-12-02","2013-12-02","2013-12-02","USD","0"
"Home:Internet","2013-12-03","2013-12-03","2013-12-03","USD","0"
"Home:Internet","2013-12-04","2013-12-04","2013-12-04","USD","0"
"Home:Internet","2013-12-05","2013-12-05","2013-12-05","USD","0"
"Home:Internet","2013-12-06","2013-12-06","2013-12-06","USD","0"
"Home:Internet","2013-12-07","2013-12-07","2013-12-07","USD","0"
"Home:Internet","2013-12-08","2013-12-08","2013-12-08","USD","0"
"Home:Internet","2013-12-09","2013-12-09","2013-12-09","USD","0"
"Home:Internet","2013-12-10","2013-12-10","2013-12-10","USD","0"
"Home:Internet","2013-12-11","2013-12-11","2013-12-11","USD","0"
"Home:Internet","2013-12-12","2013-12-12","2013-12-12","USD","0"
"Home:Internet","2013-12-13","2013-12-13","2013-12-13","USD","0"
"Home:Internet","2013-12-14","2013-12-14","2013-12-14","USD","0"
"Home:Internet","2013-12-15","2013-12-15","2013-12-15","USD","0"
"Home:Internet","2013-12-16","2013-12-16","2013-12-16","USD","0"
"Home:Internet","2013-12-17","2013-12-17","2013-12-17","USD","0"
"Home:Internet","2013-12-18","2013-12-18","2013-12-18","USD","0"
"Home:Internet","2013-12-19","2013-12-19","2013-12-19","USD","0"
"Home:Internet","2013-12-20","2013-12-20","2013-12-20","USD","0"
"Home:Internet","2013-12-21","2013-12-21","2013-12-21","USD","0"
"Home:Internet","2013-12-22","2013-12-22","2013-12-22","USD","0"
"Home:Internet","2013-12-23","2013-12-23","2013-12-23","USD","80.02"
"Home:Internet","2013-12-24","2013-12-24","2013-12-24","USD","0"
"Home:Internet","2013-12-25","2013-12-25","2013-12-25","USD","0"
"Home:Internet","2013-12-26","2013-12-26","2013-12-26","USD","0"
"Home:Internet","2013-12-27","2013-12-27","2013-12-27","USD","0"
"Home:Internet","2013-12-28","2013-12-28","2013-12-28","USD","0"
"Home:Internet","2013-12-29","2013-12-29","2013-12-29","USD","0"
"Home:Internet","2013-12-30","2013-12-30","2013-12-30","USD","0"
"Home:Internet","2013-12-31","2013-12-31","2013-12-31","USD","0"
"Home:Internet","2014-01-01","2014-01-01","2014-01-01","USD","0"
"Home:Internet","2014-01-02","2014-01-02","2014-01-02","USD","0"
"Home:Internet","2014-01-03","2014-01-03","2014-01-03","USD","0"
"Home:Internet","2014-01-04","2014-01-04","2014-01-04","USD","0"
"Home:Internet","2014-01-05","2014-01-05","2014-01-05","USD","0"
"Home:Internet","2014-01-06","2014-01-06","2014-01-06","USD","0"
"Home:Internet","2014-01-07","2014-01-07","2014-01-07","USD","0"
"Home:Internet","2014-01-08","2014-01-08","2014-01-08","USD","0"
"Home:Internet","2014-01-09","2014-01-09","2014-01-09","USD","0"
"Home:Internet","2014-01-10","2014-01-10","2014-01-10","USD","0"
"Home:Internet","2014-01-11","2014-01-11","2014-01-11","USD","0"
"Home:Internet","2014-01-12","2014-01-12","2014-01-12","USD","0"
"Home:Internet","2014-01-13","2014-01-13","2014-01-13","USD","0"
"Home:Internet","2014-01-14","2014-01-14","2014-01-14","USD","0"
"Home:Internet","2014-01-15","2014-01-15","2014-01-15","USD","0"
"Home:Internet","2014-01-16","2014-01-16","2014-01-16","USD","0"
"Home:Internet","2014-01-17","2014-01-17","2014-01-17","USD","0"
"Home:Internet","2014-01-18","2014-01-18","2014-01-18","USD","0"
"Home:Internet","2014-01-19","2014-01-19","2014-01-19","USD","0"
"Home:Internet","2014-01-20","2014-01-20","2014-01-20","USD","0"
"Home:Internet","2014-01-21","2014-01-21","2014-01-21","USD","0"
"Home:Internet","2014-01-22","2014-01-22","2014-01-22","USD","80.14"
"Home:Internet","2014-01-23","2014-01-23","2014-01-23","USD","0"
"Home:Internet","2014-01-24","2014-01-24","2014-01-24","USD","0"
"Home:Internet","2014-01-25","2014-01-25","2014-01-25","USD","0"
"Home:Internet","2014-01-26","2014-01-26","2014-01-26","USD","0"
"Home:Internet","2014-01-27","2014-01-27","2014-01-27","USD","0"
"Home:Internet","2014-01-28","2014-01-28","2014-01-28","USD","0"
"Home:Internet","2014-01-29","2014-01-29","2014-01-29","USD","0"
"Home:Internet","2014-01-30","2014-01-30","2014-01-30","USD","0"
"Home:Internet","2014-01-31","2014-01-31","2014-01-31","USD","0"
"Home:Internet","2014-02-01","2014-02-01","2014-02-01","USD","0"
"Home:Internet","2014-02-02","2014-02-02","2014-02-02","USD","0"
"Home:Internet","2014-02-03","2014-02-03","2014-02-03","USD","0"
"Home:Internet","2014-02-04","2014-02-04","2014-02-04","USD","0"
"Home:Internet","2014-02-05","2014-02-05","2014-02-05","USD","0"
"Home:Internet","2014-02-06","2014-02-06","2014-02-06","USD","0"
"Home:Internet","2014-02-07","2014-02-07","2014-02-07","USD","0"
"Home:Internet","2014-02-08","2014-02-08","2014-02-08","USD","0"
"Home:Internet","2014-02-09","2014-02-09","2014-02-09","USD","0"
"Home:Internet","2014-02-10","2014-02-10","2014-02-10","USD","0"
"Home:Internet","2014-02-11","2014-02-11","2014-02-11","USD","0"
"Home:Internet","2014-02-12","2014-02-12","2014-02-12","USD","0"
"Home:Internet","2014-02-13","2014-02-13","2014-02-13","USD","0"
"Home:Internet","2014-02-14","2014-02-14","2014-02-14","USD","0"
"Home:Internet","2014-02-15","2014-02-15","2014-02-15","USD","0"
"Home:Internet","2014-02-16","2014-02-16","2014-02-16","USD","0"
"Home:Internet","2014-02-17","2014-02-17","2014-02-17","USD","0"
"Home:Internet","2014-02-18","2014-02-18","2014-02-18","USD","0"
"Home:Internet","2014-02-19","2014-02-19","2014-02-19","USD","0"
"Home:Internet","2014-02-20","2014-02-20","2014-02-20","USD","0"
"Home:Internet","2014-02-21","2014-02-21","2014-02-21","USD","0"
"Home:Internet","2014-02-22","2014-02-22","2014-02-22","USD","79.92"
"Home:Internet","2014-02-23","2014-02-23","2014-02-23","USD","0"
"Home:Internet","2014-02-24","2014-02-24","2014-02-24","USD","0"
"Home:Internet","2014-02-25","2014-02-25","2014-02-25","USD","0"
"Home:Internet","2014-02-26","2014-02-26","2014-02-26","USD","0"
"Home:Internet","2014-02-27","2014-02-27","2014-02-27","USD","0"
"Home:Internet","2014-02-28","2014-02-28","2014-02-28","USD","0"
"Home:Internet","2014-03-01","2014-03-01","2014-03-01","USD","0"
"Home:Internet","2014-03-02","2014-03-02","2014-03-02","USD","0"
"Home:Internet","2014-03-03","2014-03-03","2014-03-03","USD","0"
"Home:Internet","2014-03-04","2014-03-04","2014-03-04","USD","0"
"Home:Internet","2014-03-05","2014-03-05","2014-03-05","USD","0"
"Home:Internet","2014-03-06","2014-03-06","2014-03-06","USD","0"
"Home:Internet","2014-03-07","2014-03-07","2014-03-07","USD","0"
"Home:Internet","2014-03-08","2014-03-08","2014-03-08","USD","0"
"Home:Internet","2014-03-09","2014-03-09","2014-03-09","USD","0"
"Home:Internet","2014-03-10","2014-03-10","2014-03-10","USD","0"
"Home:Internet","2014-03-11","2014-03-11","2014-03-11","USD","0"
"Home:Internet","2014-03-12","2014-03-12","2014-03-12","USD","0"
"Home:Internet","2014-03-13","2014-03-13","2014-03-13","USD","0"
"Home:Internet","2014-03-14","2014-03-14","2014-03-14","USD","0"
"Home:Internet","2014-03-15","2014-03-15","2014-03-15","USD","0"
"Home:Internet","2014-03-16","2014-03-16","2014-03-16","USD","0"
"Home:Internet","2014-03-17","2014-03-17","2014-03-17","USD","0"
"Home:Internet","2014-03-18","2014-03-18","2014-03-18","USD","0"
"Home:Internet","2014-03-19","2014-03-19","2014-03-19","USD","0"
"Home:Internet","2014-03-20","2014-03-20","2014-03-20","USD","0"
"Home:Internet","2014-03-21","2014-03-21","2014-03-21","USD","80.14"
"Home:Internet","2014-03-22","2014-03-22","2014-03-22","USD","0"
"Home:Internet","2014-03-23","2014-03-23","2014-03-23","USD","0"
"Home:Internet","2014-03-24","2014-03-24","2014-03-24","USD","0"
"Home:Internet","2014-03-25","2014-03-25","2014-03-25","USD","0"
"Home:Internet","2014-03-26","2014-03-26","2014-03-26","USD","0"
"Home:Internet","2014-03-27","2014-03-27","2014-03-27","USD","0"
"Home:Internet","2014-03-28","2014-03-28","2014-03-28","USD","0"
"Home:Internet","2014-03-29","2014-03-29","2014-03-29","USD","0"
"Home:Internet","2014-03-30","2014-03-30","2014-03-30","USD","0"
"Home:Internet","2014-03-31","2014-03-31","2014-03-31","USD","0"
"Home:Internet","2014-04-01","2014-04-01","2014-04-01","USD","0"
"Home:Internet","2014-04-02","2014-04-02","2014-04-02","USD","0"
"Home:Internet","2014-04-03","2014-04-03","2014-04-03","USD","0"
"Home:Internet","2014-04-04","2014-04-04","2014-04-04","USD","0"
"Home:Internet","2014-04-05","2014-04-05","2014-04-05","USD","0"
"Home:Internet","2014-04-06","2014-04-06","2014-04-06","USD","0"
"Home:Internet","2014-04-07","2014-04-07","2014-04-07","USD","0"
"Home:Internet","2014-04-08","2014-04-08","2014-04-08","USD","0"
"Home:Internet","2014-04-09","2014-04-09","2014-04-09","USD","0"
"Home:Internet","2014-04-10","2014-04-10","2014-04-10","USD","0"
"Home:Internet","2014-04-11","2014-04-11","2014-04-11","USD","0"
"Home:Internet","2014-04-12","2014-04-12","2014-04-12","USD","0"
"Home:Internet","2014-04-13","2014-04-13","2014-04-13","USD","0"
"Home:Internet","2014-04-14","2014-04-14","2014-04-14","USD","0"
"Home:Internet","2014-04-15","2014-04-15","2014-04-15","USD","0"
"Home:Internet","2014-04-16","2014-04-16","2014-04-16","USD","0"
"Home:Internet","2014-04-17","2014-04-17","2014-04-17","USD","0"
"Home:Internet","2014-04-18","2014-04-18","2014-04-18","USD","0"
"Home:Internet","2014-04-19","2014-04-19","2014-04-19","USD","0"
"Home:Internet","2014-04-20","2014-04-20","2014-04-20","USD","0"
"Home:Internet","2014-04-21","2014-04-21","2014-04-21","USD","0"
"Home:Internet","2014-04-22","2014-04-22","2014-04-22","USD","0"
"Home:Internet","2014-04-23","2014-04-23","2014-04-23","USD","80.07"
"Home:Internet","2014-04-24","2014-04-24","2014-04-24","USD","0"
"Home:Internet","2014-04-25","2014-04-25","2014-04-25","USD","0"
"Home:Internet","2014-04-26","2014-04-26","2014-04-26","USD","0"
"Home:Internet","2014-04-27","2014-04-27","2014-04-27","USD","0"
"Home:Internet","2014-04-28","2014-04-28","2014-04-28","USD","0"
"Home:Internet","2014-04-29","2014-04-29","2014-04-29","USD","0"
"Home:Internet","2014-04-30","2014-04-30","2014-04-30","USD","0"
"Home:Internet","2014-05-01","2014-05-01","2014-05-01","USD","0"
"Home:Internet","2014-05-02","2014-05-02","2014-05-02","USD","0"
"Home:Internet","2014-05-03","2014-05-03","2014-05-03","USD","0"
"Home:Internet","2014-05-04","2014-05-04","2014-05-04","USD","0"
"Home:Internet","2014-05-05","2014-05-05","2014-05-05","USD","0"
"Home:Internet","2014-05-06","2014-05-06","2014-05-06","USD","0"
"Home:Internet","2014-05-07","2014-05-07","2014-05-07","USD","0"
"Home:Internet","2014-05-08","2014-05-08","2014-05-08","USD","0"
"Home:Internet","2014-05-09","2014-05-09","2014-05-09","USD","0"
"Home:Internet","2014-05-10","2014-05-10","2014-05-10","USD","0"
"Home:Internet","2014-05-11","2014-05-11","2014-05-11","USD","0"
"Home:Internet","2014-05-12","2014-05-12","2014-05-12","USD","0"
"Home:Internet","2014-05-13","2014-05-13","2014-05-13","USD","0"
"Home:Internet","2014-05-14","2014-05-14","2014-05-14","USD","0"
"Home:Internet","2014-05-15","2014-05-15","2014-05-15","USD","0"
"Home:Internet","2014-05-16","2014-05-16","2014-05-16","USD","0"
"Home:Internet","2014-05-17","2014-05-17","2014-05-17","USD","0"
"Home:Internet","2014-05-18","2014-05-18","2014-05-18","USD","0"
"Home:Internet","2014-05-19","2014-05-19","2014-05-19","USD","0"
"Home:Internet","2014-05-20","2014-05-20","2014-05-20","USD","0"
"Home:Internet","2014-05-21","2014-05-21","2014-05-21","USD","80.03"
"Home:Internet","2014-05-22","2014-05-22","2014-05-22","USD","0"
"Home:Internet","2014-05-23","2014-05-23","2014-05-23","USD","0"
"Home:Internet","2014-05-24","2014-05-24","2014-05-24","USD","0"
"Home:Internet","2014-05-25","2014-05-25","2014-05-25","USD","0"
"Home:Internet","2014-05-26","2014-05-26","2014-05-26","USD","0"
"Home:Internet","2014-05-27","2014-05-27","2014-05-27","USD","0"
"Home:Internet","2014-05-28","2014-05-28","2014-05-28","USD","0"
"Home:Internet","2014-05-29","2014-05-29","2014-05-29","USD","0"
"Home:Internet","2014-05-30","2014-05-30","2014-05-30","USD","0"
"Home:Internet","2014-05-31","2014-05-31","2014-05-31","USD","0"
"Home:Internet","2014-06-01","2014-06-01","2014-06-01","USD","0"
"Home:Internet","2014-06-02","2014-06-02","2014-06-02","USD","0"
"Home:Internet","2014-06-03","2014-06-03","2014-06-03","USD","0"
"Home:Internet","2014-06-04","2014-06-04","2014-06-04","USD","0"
"Home:Internet","2014-06-05","2014-06-05","2014-06-05","USD","0"
"Home:Internet","2014-06-06","2014-06-06","2014-06-06","USD","0"
"Home:Internet","2014-06-07","2014-06-07","2014-06-07","USD","0"
"Home:Internet","2014-06-08","2014-06-08","2014-06-08","USD","0"
"Home:Internet","2014-06-09","2014-06-09","2014-06-09","USD","0"
"Home:Internet","2014-06-10","2014-06-10","2014-06-10","USD","0"
"Home:Internet","2014-06-11","2014-06-11","2014-06-11","USD","0"
"Home:Internet","2014-06-12","2014-06-12","2014-06-12","USD","0"
"Home:Internet","2014-06-13","2014-06-13","2014-06-13","USD","0"
"Home:Internet","2014-06-14","2014-06-14","2014-06-14","USD","0"
"Home:Internet","2014-06-15","2014-06-15","2014-06-15","USD","0"
"Home:Internet","2014-06-16","2014-06-16","2014-06-16","USD","0"
"Home:Internet","2014-06-17","2014-06-17","2014-06-17","USD","0"
"Home:Internet","2014-06-18","2014-06-18","2014-06-18","USD","0"
"Home:Internet","2014-06-19","2014-06-19","2014-06-19","USD","0"
"Home:Internet","2014-06-20","2014-06-20","2014-06-20","USD","0"
"Home:Internet","2014-06-21","2014-06-21","2014-06-21","USD","79.97"
"Home:Internet","2014-06-22","2014-06-22","2014-06-22","USD","0"
"Home:Internet","2014-06-23","2014-06-23","2014-06-23","USD","0"
"Home:Internet","2014-06-24","2014-06-24","2014-06-24","USD","0"
"Home:Internet","2014-06-25","2014-06-25","2014-06-25","USD","0"
"Home:Internet","2014-06-26","2014-06-26","2014-06-26","USD","0"
"Home:Internet","2014-06-27","2014-06-27","2014-06-27","USD","0"
"Home:Internet","2014-06-28","2014-06-28","2014-06-28","USD","0"
"Home:Internet","2014-06-29","2014-06-29","2014-06-29","USD","0"
"Home:Internet","2014-06-30","2014-06-30","2014-06-30","USD","0"
"Home:Internet","2014-07-01","2014-07-01","2014-07-01","USD","0"
"Home:Internet","2014-07-02","2014-07-02","2014-07-02","USD","0"
"Home:Internet","2014-07-03","2014-07-03","2014-07-03","USD","0"
"Home:Internet","2014-07-04","2014-07-04","2014-07-04","USD","0"
"Home:Internet","2014-07-05","2014-07-05","2014-07-05","USD","0"
"Home:Internet","2014-07-06","2014-07-06","2014-07-06","USD","0"
"Home:Internet","2014-07-07","2014-07-07","2014-07-07","USD","0"
"Home:Internet","2014-07-08","2014-07-08","2014-07-08","USD","0"
"Home:Internet","2014-07-09","2014-07-09","2014-07-09","USD","0"
"Home:Internet","2014-07-10","2014-07-10","2014-07-10","USD","0"
"Home:Internet","2014-07-11","2014-07-11","2014-07-11","USD","0"
"Home:Internet","2014-07-12","2014-07-12","2014-07-12","USD","0"
"Home:Internet","2014-07-13","2014-07-13","2014-07-13","USD","0"
"Home:Internet","2014-07-14","2014-07-14","2014-07-14","USD","0"
"Home:Internet","2014-07-15","2014-07-15","2014-07-15","USD","0"
"Home:Internet","2014-07-16","2014-07-16","2014-07-16","USD","0"
"Home:Internet","2014-07-17","2014-07-17","2014-07-17","USD","0"
"Home:Internet","2014-07-18","2014-07-18","2014-07-18","USD","0"
"Home:Internet","2014-07-19","2014-07-19","2014-07-19","USD","0"
"Home:Internet","2014-07-20","2014-07-20","2014-07-20","USD","0"
"Home:Internet","2014-07-21","2014-07-21","2014-07-21","USD","80.12"
"Home:Internet","2014-07-22","2014-07-22","2014-07-22","USD","0"
"Home:Internet","2014-07-23","2014-07-23","2014-07-23","USD","0"
"Home:Internet","2014-07-24","2014-07-24","2014-07-24","USD","0"
"Home:Internet","2014-07-25","2014-07-25","2014-07-25","USD","0"
"Home:Internet","2014-07-26","2014-07-26","2014-07-26","USD","0"
"Home:Internet","2014-07-27","2014-07-27","2014-07-27","USD","0"
"Home:Internet","2014-07-28","2014-07-28","2014-07-28","USD","0"
"Home:Internet","2014-07-29","2014-07-29","2014-07-29","USD","0"
"Home:Internet","2014-07-30","2014-07-30","2014-07-30","USD","0"
"Home:Internet","2014-07-31","2014-07-31","2014-07-31","USD","0"
"Home:Internet","2014-08-01","2014-08-01","2014-08-01","USD","0"
"Home:Internet","2014-08-02","2014-08-02","2014-08-02","USD","0"
"Home:Internet","2014-08-03","2014-08-03","2014-08-03","USD","0"
"Home:Internet","2014-08-04","2014-08-04","2014-08-04","USD","0"
"Home:Internet","2014-08-05","2014-08-05","2014-08-05","USD","0"
"Home:Internet","2014-08-06","2014-08-06","2014-08-06","USD","0"
"Home:Internet","2014-08-07","2014-08-07","2014-08-07","USD","0"
"Home:Internet","2014-08-08","2014-08-08","2014-08-08","USD","0"
"Home:Internet","2014-08-09","2014-08-09","2014-08-09","USD","0"
"Home:Internet","2014-08-10","2014-08-10","2014-08-10","USD","0"
"Home:Internet","2014-08-11","2014-08-11","2014-08-11","USD","0"
"Home:Internet","2014-08-12","2014-08-12","2014-08-12","USD","0"
"Home:Internet","2014-08-13","2014-08-13","2014-08-13","USD","0"
"Home:Internet","2014-08-14","2014-08-14","2014-08-14","USD","0"
"Home:Internet","2014-08-15","2014-08-15","2014-08-15","USD","0"
"Home:Internet","2014-08-16","2014-08-16","2014-08-16","USD","0"
"Home:Internet","2014-08-17","2014-08-17","2014-08-17","USD","0"
"Home:Internet","2014-08-18","2014-08-18","2014-08-18","USD","0"
"Home:Internet","2014-08-19","2014-08-19","2014-08-19","USD","0"
"Home:Internet","2014-08-20","2014-08-20","2014-08-20","USD","0"
"Home:Internet","2014-08-21","2014-08-21","2014-08-21","USD","0"
"Home:Internet","2014-08-22","2014-08-22","2014-08-22","USD","80.01"
"Home:Internet","2014-08-23","2014-08-23","2014-08-23","USD","0"
"Home:Internet","2014-08-24","2014-08-24","2014-08-24","USD","0"
"Home:Internet","2014-08-25","2014-08-25","2014-08-25","USD","0"
"Home:Internet","2014-08-26","2014-08-26","2014-08-26","USD","0"
"Home:Internet","2014-08-27","2014-08-27","2014-08-27","USD","0"
"Home:Internet","2014-08-28","2014-08-28","2014-08-28","USD","0"
"Home:Internet","2014-08-29","2014-08-29","2014-08-29","USD","0"
"Home:Internet","2014-08-30","2014-08-30","2014-08-30","USD","0"
"Home:Internet","2014-08-31","2014-08-31","2014-08-31","USD","0"
"Home:Internet","2014-09-01","2014-09-01","2014-09-01","USD","0"
"Home:Internet","2014-09-02","2014-09-02","2014-09-02","USD","0"
"Home:Internet","2014-09-03","2014-09-03","2014-09-03","USD","0"
"Home:Internet","2014-09-04","2014-09-04","2014-09-04","USD","0"
"Home:Internet","2014-09-05","2014-09-05","2014-09-05","USD","0"
"Home:Internet","2014-09-06","2014-09-06","2014-09-06","USD","0"
"Home:Internet","2014-09-07","2014-09-07","2014-09-07","USD","0"
"Home:Internet","2014-09-08","2014-09-08","2014-09-08","USD","0"
"Home:Internet","2014-09-09","2014-09-09","2014-09-09","USD","0"
"Home:Internet","2014-09-10","2014-09-10","2014-09-10","USD","0"
"Home:Internet","2014-09-11","2014-09-11","2014-09-11","USD","0"
"Home:Internet","2014-09-12","2014-09-12","2014-09-12","USD","0"
"Home:Internet","2014-09-13","2014-09-13","2014-09-13","USD","0"
"Home:Internet","2014-09-14","2014-09-14","2014-09-14","USD","0"
"Home:Internet","2014-09-15","2014-09-15","2014-09-15","USD","0"
"Home:Internet","2014-09-16","2014-09-16","2014-09-16","USD","0"
"Home:Internet","2014-09-17","2014-09-17","2014-09-17","USD","0"
"Home:Internet","2014-09-18","2014-09-18","2014-09-18","USD","0"
"Home:Internet","2014-09-19","2014-09-19","2014-09-19","USD","0"
"Home:Internet","2014-09-20","2014-09-20","2014-09-20","USD","0"
"Home:Internet","2014-09-21","2014-09-21","2014-09-21","USD","0"
"Home:Internet","2014-09-22","2014-09-22","2014-09-22","USD","0"
"Home:Internet","2014-09-23","2014-09-23","2014-09-23","USD","80.10"
"Home:Internet","2014-09-24","2014-09-24","2014-09-24","USD","0"
"Home:Internet","2014-09-25","2014-09-25","2014-09-25","USD","0"
"Home:Internet","2014-09-26","2014-09-26","2014-09-26","USD","0"
"Home:Internet","2014-09-27","2014-09-27","2014-09-27","USD","0"
"Home:Internet","2014-09-28","2014-09-28","2014-09-28","USD","0"
"Home:Internet","2014-09-29","2014-09-29","2014-09-29","USD","0"
"Home:Internet","2014-09-30","2014-09-30","2014-09-30","USD","0"
"Home:Internet","2014-10-01","2014-10-01","2014-10-01","USD","0"
"Home:Internet","2014-10-02","2014-10-02","2014-10-02","USD","0"
"Home:Internet","2014-10-03","2014-10-03","2014-10-03","USD","0"
"Home:Internet","2014-10-04","2014-10-04","2014-10-04","USD","0"
"Home:Internet","2014-10-05","2014-10-05","2014-10-05","USD","0"
"Home:Internet","2014-10-06","2014-10-06","2014-10-06","USD","0"
"Home:Internet","2014-10-07","2014-10-07","2014-10-07","USD","0"
"Home:Internet","2014-10-08","2014-10-08","2014-10-08","USD","0"
"Home:Internet","2014-10-09","2014-10-09","2014-10-09","USD","0"
"Home:Internet","2014-10-10","2014-10-10","2014-10-10","USD","0"
"Home:Internet","2014-10-11","2014-10-11","2014-10-11","USD","0"
"Home:Rent","2012-01-03","2012-01-03","2012-01-03","USD","0"
"Home:Rent","2012-01-04","2012-01-04","2012-01-04","USD","0"
"Home:Rent","2012-01-05","2012-01-05","2012-01-05","USD","0"
"Home:Rent","2012-01-06","2012-01-06","2012-01-06","USD","2400.00"
"Home:Rent","2012-01-07","2012-01-07","2012-01-07","USD","0"
"Home:Rent","2012-01-08","2012-01-08","2012-01-08","USD","0"
"Home:Rent","2012-01-09","2012-01-09","2012-01-09","USD","0"
"Home:Rent","2012-01-10","2012-01-10","2012-01-10","USD","0"
"Home:Rent","2012-01-11","2012-01-11","2012-01-11","USD","0"
"Home:Rent","2012-01-12","2012-01-12","2012-01-12","USD","0"
"Home:Rent","2012-01-13","2012-01-13","2012-01-13","USD","0"
"Home:Rent","2012-01-14","2012-01-14","2012-01-14","USD","0"
"Home:Rent","2012-01-15","2012-01-15","2012-01-15","USD","0"
"Home:Rent","2012-01-16","2012-01-16","2012-01-16","USD","0"
"Home:Rent","2012-01-17","2012-01-17","2012-01-17","USD","0"
"Home:Rent","2012-01-18","2012-01-18","2012-01-18","USD","0"
"Home:Rent","2012-01-19","2012-01-19","2012-01-19","USD","0"
"Home:Rent","2012-01-20","2012-01-20","2012-01-20","USD","0"
"Home:Rent","2012-01-21","2012-01-21","2012-01-21","USD","0"
"Home:Rent","2012-01-22","2012-01-22","2012-01-22","USD","0"
"Home:Rent","2012-01-23","2012-01-23","2012-01-23","USD","0"
"Home:Rent","2012-01-24","2012-01-24","2012-01-24","USD","0"
"Home:Rent","2012-01-25","2012-01-25","2012-01-25","USD","0"
"Home:Rent","2012-01-26","2012-01-26","2012-01-26","USD","0"
"Home:Rent","2012-01-27","2012-01-27","2012-01-27","USD","0"
"Home:Rent","2012-01-28","2012-01-28","2012-01-28","USD","0"
"Home:Rent","2012-01-29","2012-01-29","2012-01-29","USD","0"
"Home:Rent","2012-01-30","2012-01-30","2012-01-30","USD","0"
"Home:Rent","2012-01-31","2012-01-31","2012-01-31","USD","0"
"Home:Rent","2012-02-01","2012-02-01","2012-02-01","USD","0"
"Home:Rent","2012-02-02","2012-02-02","2012-02-02","USD","0"
"Home:Rent","2012-02-03","2012-02-03","2012-02-03","USD","0"
"Home:Rent","2012-02-04","2012-02-04","2012-02-04","USD","0"
"Home:Rent","2012-02-05","2012-02-05","2012-02-05","USD","2400.00"
"Home:Rent","2012-02-06","2012-02-06","2012-02-06","USD","0"
"Home:Rent","2012-02-07","2012-02-07","2012-02-07","USD","0"
"Home:Rent","2012-02-08","2012-02-08","2012-02-08","USD","0"
"Home:Rent","2012-02-09","2012-02-09","2012-02-09","USD","0"
"Home:Rent","2012-02-10","2012-02-10","2012-02-10","USD","0"
"Home:Rent","2012-02-11","2012-02-11","2012-02-11","USD","0"
"Home:Rent","2012-02-12","2012-02-12","2012-02-12","USD","0"
"Home:Rent","2012-02-13","2012-02-13","2012-02-13","USD","0"
"Home:Rent","2012-02-14","2012-02-14","2012-02-14","USD","0"
"Home:Rent","2012-02-15","2012-02-15","2012-02-15","USD","0"
"Home:Rent","2012-02-16","2012-02-16","2012-02-16","USD","0"
"Home:Rent","2012-02-17","2012-02-17","2012-02-17","USD","0"
"Home:Rent","2012-02-18","2012-02-18","2012-02-18","USD","0"
"Home:Rent","2012-02-19","2012-02-19","2012-02-19","USD","0"
"Home:Rent","2012-02-20","2012-02-20","2012-02-20","USD","0"
"Home:Rent","2012-02-21","2012-02-21","2012-02-21","USD","0"
"Home:Rent","2012-02-22","2012-02-22","2012-02-22","USD","0"
"Home:Rent","2012-02-23","2012-02-23","2012-02-23","USD","0"
"Home:Rent","2012-02-24","2012-02-24","2012-02-24","USD","0"
"Home:Rent","2012-02-25","2012-02-25","2012-02-25","USD","0"
"Home:Rent","2012-02-26","2012-02-26","2012-02-26","USD","0"
"Home:Rent","2012-02-27","2012-02-27","2012-02-27","USD","0"
"Home:Rent","2012-02-28","2012-02-28","2012-02-28","USD","0"
"Home:Rent","2012-02-29","2012-02-29","2012-02-29","USD","0"
"Home:Rent","2012-03-01","2012-03-01","2012-03-01","USD","0"
"Home:Rent","2012-03-02","2012-03-02","2012-03-02","USD","0"
"Home:Rent","2012-03-03","2012-03-03","2012-03-03","USD","0"
"Home:Rent","2012-03-04","2012-03-04","2012-03-04","USD","2400.00"
"Home:Rent","2012-03-05","2012-03-05","2012-03-05","USD","0"
"Home:Rent","2012-03-06","2012-03-06","2012-03-06","USD","0"
"Home:Rent","2012-03-07","2012-03-07","2012-03-07","USD","0"
"Home:Rent","2012-03-08","2012-03-08","2012-03-08","USD","0"
"Home:Rent","2012-03-09","2012-03-09","2012-03-09","USD","0"
"Home:Rent","2012-03-10","2012-03-10","2012-03-10","USD","0"
"Home:Rent","2012-03-11","2012-03-11","2012-03-11","USD","0"
"Home:Rent","2012-03-12","2012-03-12","2012-03-12","USD","0"
"Home:Rent","2012-03-13","2012-03-13","2012-03-13","USD","0"
"Home:Rent","2012-03-14","2012-03-14","2012-03-14","USD","0"
"Home:Rent","2012-03-15","2012-03-15","2012-03-15","USD","0"
"Home:Rent","2012-03-16","2012-03-16","2012-03-16","USD","0"
"Home:Rent","2012-03-17","2012-03-17","2012-03-17","USD","0"
"Home:Rent","2012-03-18","2012-03-18","2012-03-18","USD","0"
"Home:Rent","2012-03-19","2012-03-19","2012-03-19","USD","0"
"Home:Rent","2012-03-20","2012-03-20","2012-03-20","USD","0"
"Home:Rent","2012-03-21","2012-03-21","2012-03-21","USD","0"
"Home:Rent","2012-03-22","2012-03-22","2012-03-22","USD","0"
"Home:Rent","2012-03-23","2012-03-23","2012-03-23","USD","0"
"Home:Rent","2012-03-24","2012-03-24","2012-03-24","USD","0"
"Home:Rent","2012-03-25","2012-03-25","2012-03-25","USD","0"
"Home:Rent","2012-03-26","2012-03-26","2012-03-26","USD","0"
"Home:Rent","2012-03-27","2012-03-27","2012-03-27","USD","0"
"Home:Rent","2012-03-28","2012-03-28","2012-03-28","USD","0"
"Home:Rent","2012-03-29","2012-03-29","2012-03-29","USD","0"
"Home:Rent","2012-03-30","2012-03-30","2012-03-30","USD","0"
"Home:Rent","2012-03-31","2012-03-31","2012-03-31","USD","0"
"Home:Rent","2012-04-01","2012-04-01","2012-04-01","USD","0"
"Home:Rent","2012-04-02","2012-04-02","2012-04-02","USD","0"
"Home:Rent","2012-04-03","2012-04-03","2012-04-03","USD","2400.00"
"Home:Rent","2012-04-04","2012-04-04","2012-04-04","USD","0"
"Home:Rent","2012-04-05","2012-04-05","2012-04-05","USD","0"
"Home:Rent","2012-04-06","2012-04-06","2012-04-06","USD","0"
"Home:Rent","2012-04-07","2012-04-07","2012-04-07","USD","0"
"Home:Rent","2012-04-08","2012-04-08","2012-04-08","USD","0"
"Home:Rent","2012-04-09","2012-04-09","2012-04-09","USD","0"
"Home:Rent","2012-04-10","2012-04-10","2012-04-10","USD","0"
"Home:Rent","2012-04-11","2012-04-11","2012-04-11","USD","0"
"Home:Rent","2012-04-12","2012-04-12","2012-04-12","USD","0"
"Home:Rent","2012-04-13","2012-04-13","2012-04-13","USD","0"
"Home:Rent","2012-04-14","2012-04-14","2012-04-14","USD","0"
"Home:Rent","2012-04-15","2012-04-15","2012-04-15","USD","0"
"Home:Rent","2012-04-16","2012-04-16","2012-04-16","USD","0"
"Home:Rent","2012-04-17","2012-04-17","2012-04-17","USD","0"
"Home:Rent","2012-04-18","2012-04-18","2012-04-18","USD","0"
"Home:Rent","2012-04-19","2012-04-19","2012-04-19","USD","0"
"Home:Rent","2012-04-20","2012-04-20","2012-04-20","USD","0"
"Home:Rent","2012-04-21","2012-04-21","2012-04-21","USD","0"
"Home:Rent","2012-04-22","2012-04-22","2012-04-22","USD","0"
"Home:Rent","2012-04-23","2012-04-23","2012-04-23","USD","0"
"Home:Rent","2012-04-24","2012-04-24","2012-04-24","USD","0"
"Home:Rent","2012-04-25","2012-04-25","2012-04-25","USD","0"
"Home:Rent","2012-04-26","2012-04-26","2012-04-26","USD","0"
"Home:Rent","2012-04-27","2012-04-27","2012-04-27","USD","0"
"Home:Rent","2012-04-28","2012-04-28","2012-04-28","USD","0"
"Home:Rent","2012-04-29","2012-04-29","2012-04-29","USD","0"
"Home:Rent","2012-04-30","2012-04-30","2012-04-30","USD","0"
"Home:Rent","2012-05-01","2012-05-01","2012-05-01","USD","0"
"Home:Rent","2012-05-02","2012-05-02","2012-05-02","USD","0"
"Home:Rent","2012-05-03","2012-05-03","2012-05-03","USD","0"
"Home:Rent","2012-05-04","2012-05-04","2012-05-04","USD","2400.00"
"Home:Rent","2012-05-05","2012-05-05","2012-05-05","USD","0"
"Home:Rent","2012-05-06","2012-05-06","2012-05-06","USD","0"
"Home:Rent","2012-05-07","2012-05-07","2012-05-07","USD","0"
"Home:Rent","2012-05-08","2012-05-08","2012-05-08","USD","0"
"Home:Rent","2012-05-09","2012-05-09","2012-05-09","USD","0"
"Home:Rent","2012-05-10","2012-05-10","2012-05-10","USD","0"
"Home:Rent","2012-05-11","2012-05-11","2012-05-11","USD","0"
"Home:Rent","2012-05-12","2012-05-12","2012-05-12","USD","0"
"Home:Rent","2012-05-13","2012-05-13","2012-05-13","USD","0"
"Home:Rent","2012-05-14","2012-05-14","2012-05-14","USD","0"
"Home:Rent","2012-05-15","2012-05-15","2012-05-15","USD","0"
"Home:Rent","2012-05-16","2012-05-16","2012-05-16","USD","0"
"Home:Rent","2012-05-17","2012-05-17","2012-05-17","USD","0"
"Home:Rent","2012-05-18","2012-05-18","2012-05-18","USD","0"
"Home:Rent","2012-05-19","2012-05-19","2012-05-19","USD","0"
"Home:Rent","2012-05-20","2012-05-20","2012-05-20","USD","0"
"Home:Rent","2012-05-21","2012-05-21","2012-05-21","USD","0"
"Home:Rent","2012-05-22","2012-05-22","2012-05-22","USD","0"
"Home:Rent","2012-05-23","2012-05-23","2012-05-23","USD","0"
"Home:Rent","2012-05-24","2012-05-24","2012-05-24","USD","0"
"Home:Rent","2012-05-25","2012-05-25","2012-05-25","USD","0"
"Home:Rent","2012-05-26","2012-05-26","2012-05-26","USD","0"
"Home:Rent","2012-05-27","2012-05-27","2012-05-27","USD","0"
"Home:Rent","2012-05-28","2012-05-28","2012-05-28","USD","0"
"Home:Rent","2012-05-29","2012-05-29","2012-05-29","USD","0"
"Home:Rent","2012-05-30","2012-05-30","2012-05-30","USD","0"
"Home:Rent","2012-05-31","2012-05-31","2012-05-31","USD","0"
"Home:Rent","2012-06-01","2012-06-01","2012-06-01","USD","0"
"Home:Rent","2012-06-02","2012-06-02","2012-06-02","USD","0"
"Home:Rent","2012-06-03","2012-06-03","2012-06-03","USD","0"
"Home:Rent","2012-06-04","2012-06-04","2012-06-04","USD","0"
"Home:Rent","2012-06-05","2012-06-05","2012-06-05","USD","2400.00"
"Home:Rent","2012-06-06","2012-06-06","2012-06-06","USD","0"
"Home:Rent","2012-06-07","2012-06-07","2012-06-07","USD","0"
"Home:Rent","2012-06-08","2012-06-08","2012-06-08","USD","0"
"Home:Rent","2012-06-09","2012-06-09","2012-06-09","USD","0"
"Home:Rent","2012-06-10","2012-06-10","2012-06-10","USD","0"
"Home:Rent","2012-06-11","2012-06-11","2012-06-11","USD","0"
"Home:Rent","2012-06-12","2012-06-12","2012-06-12","USD","0"
"Home:Rent","2012-06-13","2012-06-13","2012-06-13","USD","0"
"Home:Rent","2012-06-14","2012-06-14","2012-06-14","USD","0"
"Home:Rent","2012-06-15","2012-06-15","2012-06-15","USD","0"
"Home:Rent","2012-06-16","2012-06-16","2012-06-16","USD","0"
"Home:Rent","2012-06-17","2012-06-17","2012-06-17","USD","0"
"Home:Rent","2012-06-18","2012-06-18","2012-06-18","USD","0"
"Home:Rent","2012-06-19","2012-06-19","2012-06-19","USD","0"
"Home:Rent","2012-06-20","2012-06-20","2012-06-20","USD","0"
"Home:Rent","2012-06-21","2012-06-21","2012-06-21","USD","0"
"Home:Rent","2012-06-22","2012-06-22","2012-06-22","USD","0"
"Home:Rent","2012-06-23","2012-06-23","2012-06-23","USD","0"
"Home:Rent","2012-06-24","2012-06-24","2012-06-24","USD","0"
"Home:Rent","2012-06-25","2012-06-25","2012-06-25","USD","0"
"Home:Rent","2012-06-26","2012-06-26","2012-06-26","USD","0"
"Home:Rent","2012-06-27","2012-06-27","2012-06-27","USD","0"
"Home:Rent","2012-06-28","2012-06-28","2012-06-28","USD","0"
"Home:Rent","2012-06-29","2012-06-29","2012-06-29","USD","0"
"Home:Rent","2012-06-30","2012-06-30","2012-06-30","USD","0"
"Home:Rent","2012-07-01","2012-07-01","2012-07-01","USD","0"
"Home:Rent","2012-07-02","2012-07-02","2012-07-02","USD","0"
"Home:Rent","2012-07-03","2012-07-03","2012-07-03","USD","0"
"Home:Rent","2012-07-04","2012-07-04","2012-07-04","USD","0"
"Home:Rent","2012-07-05","2012-07-05","2012-07-05","USD","0"
"Home:Rent","2012-07-06","2012-07-06","2012-07-06","USD","2400.00"
"Home:Rent","2012-07-07","2012-07-07","2012-07-07","USD","0"
"Home:Rent","2012-07-08","2012-07-08","2012-07-08","USD","0"
"Home:Rent","2012-07-09","2012-07-09","2012-07-09","USD","0"
"Home:Rent","2012-07-10","2012-07-10","2012-07-10","USD","0"
"Home:Rent","2012-07-11","2012-07-11","2012-07-11","USD","0"
"Home:Rent","2012-07-12","2012-07-12","2012-07-12","USD","0"
"Home:Rent","2012-07-13","2012-07-13","2012-07-13","USD","0"
"Home:Rent","2012-07-14","2012-07-14","2012-07-14","USD","0"
"Home:Rent","2012-07-15","2012-07-15","2012-07-15","USD","0"
"Home:Rent","2012-07-16","2012-07-16","2012-07-16","USD","0"
"Home:Rent","2012-07-17","2012-07-17","2012-07-17","USD","0"
"Home:Rent","2012-07-18","2012-07-18","2012-07-18","USD","0"
"Home:Rent","2012-07-19","2012-07-19","2012-07-19","USD","0"
"Home:Rent","2012-07-20","2012-07-20","2012-07-20","USD","0"
"Home:Rent","2012-07-21","2012-07-21","2012-07-21","USD","0"
"Home:Rent","2012-07-22","2012-07-22","2012-07-22","USD","0"
"Home:Rent","2012-07-23","2012-07-23","2012-07-23","USD","0"
"Home:Rent","2012-07-24","2012-07-24","2012-07-24","USD","0"
"Home:Rent","2012-07-25","2012-07-25","2012-07-25","USD","0"
"Home:Rent","2012-07-26","2012-07-26","2012-07-26","USD","0"
"Home:Rent","2012-07-27","2012-07-27","2012-07-27","USD","0"
"Home:Rent","2012-07-28","2012-07-28","2012-07-28","USD","0"
"Home:Rent","2012-07-29","2012-07-29","2012-07-29","USD","0"
"Home:Rent","2012-07-30","2012-07-30","2012-07-30","USD","0"
"Home:Rent","2012-07-31","2012-07-31","2012-07-31","USD","0"
"Home:Rent","2012-08-01","2012-08-01","2012-08-01","USD","0"
"Home:Rent","2012-08-02","2012-08-02","2012-08-02","USD","0"
"Home:Rent","2012-08-03","2012-08-03","2012-08-03","USD","0"
"Home:Rent","2012-08-04","2012-08-04","2012-08-04","USD","2400.00"
"Home:Rent","2012-08-05","2012-08-05","2012-08-05","USD","0"
"Home:Rent","2012-08-06","2012-08-06","2012-08-06","USD","0"
"Home:Rent","2012-08-07","2012-08-07","2012-08-07","USD","0"
"Home:Rent","2012-08-08","2012-08-08","2012-08-08","USD","0"
"Home:Rent","2012-08-09","2012-08-09","2012-08-09","USD","0"
"Home:Rent","2012-08-10","2012-08-10","2012-08-10","USD","0"
"Home:Rent","2012-08-11","2012-08-11","2012-08-11","USD","0"
"Home:Rent","2012-08-12","2012-08-12","2012-08-12","USD","0"
"Home:Rent","2012-08-13","2012-08-13","2012-08-13","USD","0"
"Home:Rent","2012-08-14","2012-08-14","2012-08-14","USD","0"
"Home:Rent","2012-08-15","2012-08-15","2012-08-15","USD","0"
"Home:Rent","2012-08-16","2012-08-16","2012-08-16","USD","0"
"Home:Rent","2012-08-17","2012-08-17","2012-08-17","USD","0"
"Home:Rent","2012-08-18","2012-08-18","2012-08-18","USD","0"
"Home:Rent","2012-08-19","2012-08-19","2012-08-19","USD","0"
"Home:Rent","2012-08-20","2012-08-20","2012-08-20","USD","0"
"Home:Rent","2012-08-21","2012-08-21","2012-08-21","USD","0"
"Home:Rent","2012-08-22","2012-08-22","2012-08-22","USD","0"
"Home:Rent","2012-08-23","2012-08-23","2012-08-23","USD","0"
"Home:Rent","2012-08-24","2012-08-24","2012-08-24","USD","0"
"Home:Rent","2012-08-25","2012-08-25","2012-08-25","USD","0"
"Home:Rent","2012-08-26","2012-08-26","2012-08-26","USD","0"
"Home:Rent","2012-08-27","2012-08-27","2012-08-27","USD","0"
"Home:Rent","2012-08-28","2012-08-28","2012-08-28","USD","0"
"Home:Rent","2012-08-29","2012-08-29","2012-08-29","USD","0"
"Home:Rent","2012-08-30","2012-08-30","2012-08-30","USD","0"
"Home:Rent","2012-08-31","2012-08-31","2012-08-31","USD","0"
"Home:Rent","2012-09-01","2012-09-01","2012-09-01","USD","0"
"Home:Rent","2012-09-02","2012-09-02","2012-09-02","USD","0"
"Home:Rent","2012-09-03","2012-09-03","2012-09-03","USD","0"
"Home:Rent","2012-09-04","2012-09-04","2012-09-04","USD","0"
"Home:Rent","2012-09-05","2012-09-05","2012-09-05","USD","2400.00"
"Home:Rent","2012-09-06","2012-09-06","2012-09-06","USD","0"
"Home:Rent","2012-09-07","2012-09-07","2012-09-07","USD","0"
"Home:Rent","2012-09-08","2012-09-08","2012-09-08","USD","0"
"Home:Rent","2012-09-09","2012-09-09","2012-09-09","USD","0"
"Home:Rent","2012-09-10","2012-09-10","2012-09-10","USD","0"
"Home:Rent","2012-09-11","2012-09-11","2012-09-11","USD","0"
"Home:Rent","2012-09-12","2012-09-12","2012-09-12","USD","0"
"Home:Rent","2012-09-13","2012-09-13","2012-09-13","USD","0"
"Home:Rent","2012-09-14","2012-09-14","2012-09-14","USD","0"
"Home:Rent","2012-09-15","2012-09-15","2012-09-15","USD","0"
"Home:Rent","2012-09-16","2012-09-16","2012-09-16","USD","0"
"Home:Rent","2012-09-17","2012-09-17","2012-09-17","USD","0"
"Home:Rent","2012-09-18","2012-09-18","2012-09-18","USD","0"
"Home:Rent","2012-09-19","2012-09-19","2012-09-19","USD","0"
"Home:Rent","2012-09-20","2012-09-20","2012-09-20","USD","0"
"Home:Rent","2012-09-21","2012-09-21","2012-09-21","USD","0"
"Home:Rent","2012-09-22","2012-09-22","2012-09-22","USD","0"
"Home:Rent","2012-09-23","2012-09-23","2012-09-23","USD","0"
"Home:Rent","2012-09-24","2012-09-24","2012-09-24","USD","0"
"Home:Rent","2012-09-25","2012-09-25","2012-09-25","USD","0"
"Home:Rent","2012-09-26","2012-09-26","2012-09-26","USD","0"
"Home:Rent","2012-09-27","2012-09-27","2012-09-27","USD","0"
"Home:Rent","2012-09-28","2012-09-28","2012-09-28","USD","0"
"Home:Rent","2012-09-29","2012-09-29","2012-09-29","USD","0"
"Home:Rent","2012-09-30","2012-09-30","2012-09-30","USD","0"
"Home:Rent","2012-10-01","2012-10-01","2012-10-01","USD","0"
"Home:Rent","2012-10-02","2012-10-02","2012-10-02","USD","0"
"Home:Rent","2012-10-03","2012-10-03","2012-10-03","USD","2400.00"
"Home:Rent","2012-10-04","2012-10-04","2012-10-04","USD","0"
"Home:Rent","2012-10-05","2012-10-05","2012-10-05","USD","0"
"Home:Rent","2012-10-06","2012-10-06","2012-10-06","USD","0"
"Home:Rent","2012-10-07","2012-10-07","2012-10-07","USD","0"
"Home:Rent","2012-10-08","2012-10-08","2012-10-08","USD","0"
"Home:Rent","2012-10-09","2012-10-09","2012-10-09","USD","0"
"Home:Rent","2012-10-10","2012-10-10","2012-10-10","USD","0"
"Home:Rent","2012-10-11","2012-10-11","2012-10-11","USD","0"
"Home:Rent","2012-10-12","2012-10-12","2012-10-12","USD","0"
"Home:Rent","2012-10-13","2012-10-13","2012-10-13","USD","0"
"Home:Rent","2012-10-14","2012-10-14","2012-10-14","USD","0"
"Home:Rent","2012-10-15","2012-10-15","2012-10-15","USD","0"
"Home:Rent","2012-10-16","2012-10-16","2012-10-16","USD","0"
"Home:Rent","2012-10-17","2012-10-17","2012-10-17","USD","0"
"Home:Rent","2012-10-18","2012-10-18","2012-10-18","USD","0"
"Home:Rent","2012-10-19","2012-10-19","2012-10-19","USD","0"
"Home:Rent","2012-10-20","2012-10-20","2012-10-20","USD","0"
"Home:Rent","2012-10-21","2012-10-21","2012-10-21","USD","0"
"Home:Rent","2012-10-22","2012-10-22","2012-10-22","USD","0"
"Home:Rent","2012-10-23","2012-10-23","2012-10-23","USD","0"
"Home:Rent","2012-10-24","2012-10-24","2012-10-24","USD","0"
"Home:Rent","2012-10-25","2012-10-25","2012-10-25","USD","0"
"Home:Rent","2012-10-26","2012-10-26","2012-10-26","USD","0"
"Home:Rent","2012-10-27","2012-10-27","2012-10-27","USD","0"
"Home:Rent","2012-10-28","2012-10-28","2012-10-28","USD","0"
"Home:Rent","2012-10-29","2012-10-29","2012-10-29","USD","0"
"Home:Rent","2012-10-30","2012-10-30","2012-10-30","USD","0"
"Home:Rent","2012-10-31","2012-10-31","2012-10-31","USD","0"
"Home:Rent","2012-11-01","2012-11-01","2012-11-01","USD","0"
"Home:Rent","2012-11-02","2012-11-02","2012-11-02","USD","0"
"Home:Rent","2012-11-03","2012-11-03","2012-11-03","USD","0"
"Home:Rent","2012-11-04","2012-11-04","2012-11-04","USD","0"
"Home:Rent","2012-11-05","2012-11-05","2012-11-05","USD","2400.00"
"Home:Rent","2012-11-06","2012-11-06","2012-11-06","USD","0"
"Home:Rent","2012-11-07","2012-11-07","2012-11-07","USD","0"
"Home:Rent","2012-11-08","2012-11-08","2012-11-08","USD","0"
"Home:Rent","2012-11-09","2012-11-09","2012-11-09","USD","0"
"Home:Rent","2012-11-10","2012-11-10","2012-11-10","USD","0"
"Home:Rent","2012-11-11","2012-11-11","2012-11-11","USD","0"
"Home:Rent","2012-11-12","2012-11-12","2012-11-12","USD","0"
"Home:Rent","2012-11-13","2012-11-13","2012-11-13","USD","0"
"Home:Rent","2012-11-14","2012-11-14","2012-11-14","USD","0"
"Home:Rent","2012-11-15","2012-11-15","2012-11-15","USD","0"
"Home:Rent","2012-11-16","2012-11-16","2012-11-16","USD","0"
"Home:Rent","2012-11-17","2012-11-17","2012-11-17","USD","0"
"Home:Rent","2012-11-18","2012-11-18","2012-11-18","USD","0"
"Home:Rent","2012-11-19","2012-11-19","2012-11-19","USD","0"
"Home:Rent","2012-11-20","2012-11-20","2012-11-20","USD","0"
"Home:Rent","2012-11-21","2012-11-21","2012-11-21","USD","0"
"Home:Rent","2012-11-22","2012-11-22","2012-11-22","USD","0"
"Home:Rent","2012-11-23","2012-11-23","2012-11-23","USD","0"
"Home:Rent","2012-11-24","2012-11-24","2012-11-24","USD","0"
"Home:Rent","2012-11-25","2012-11-25","2012-11-25","USD","0"
"Home:Rent","2012-11-26","2012-11-26","2012-11-26","USD","0"
"Home:Rent","2012-11-27","2012-11-27","2012-11-27","USD","0"
"Home:Rent","2012-11-28","2012-11-28","2012-11-28","USD","0"
"Home:Rent","2012-11-29","2012-11-29","2012-11-29","USD","0"
"Home:Rent","2012-11-30","2012-11-30","2012-11-30","USD","0"
"Home:Rent","2012-12-01","2012-12-01","2012-12-01","USD","0"
"Home:Rent","2012-12-02","2012-12-02","2012-12-02","USD","0"
"Home:Rent","2012-12-03","2012-12-03","2012-12-03","USD","2400.00"
"Home:Rent","2012-12-04","2012-12-04","2012-12-04","USD","0"
"Home:Rent","2012-12-05","2012-12-05","2012-12-05","USD","0"
"Home:Rent","2012-12-06","2012-12-06","2012-12-06","USD","0"
"Home:Rent","2012-12-07","2012-12-07","2012-12-07","USD","0"
"Home:Rent","2012-12-08","2012-12-08","2012-12-08","USD","0"
"Home:Rent","2012-12-09","2012-12-09","2012-12-09","USD","0"
"Home:Rent","2012-12-10","2012-12-10","2012-12-10","USD","0"
"Home:Rent","2012-12-11","2012-12-11","2012-12-11","USD","0"
"Home:Rent","2012-12-12","2012-12-12","2012-12-12","USD","0"
"Home:Rent","2012-12-13","2012-12-13","2012-12-13","USD","0"
"Home:Rent","2012-12-14","2012-12-14","2012-12-14","USD","0"
"Home:Rent","2012-12-15","2012-12-15","2012-12-15","USD","0"
"Home:Rent","2012-12-16","2012-12-16","2012-12-16","USD","0"
"Home:Rent","2012-12-17","2012-12-17","2012-12-17","USD","0"
"Home:Rent","2012-12-18","2012-12-18","2012-12-18","USD","0"
"Home:Rent","2012-12-19","2012-12-19","2012-12-19","USD","0"
"Home:Rent","2012-12-20","2012-12-20","2012-12-20","USD","0"
"Home:Rent","2012-12-21","2012-12-21","2012-12-21","USD","0"
"Home:Rent","2012-12-22","2012-12-22","2012-12-22","USD","0"
"Home:Rent","2012-12-23","2012-12-23","2012-12-23","USD","0"
"Home:Rent","2012-12-24","2012-12-24","2012-12-24","USD","0"
"Home:Rent","2012-12-25","2012-12-25","2012-12-25","USD","0"
"Home:Rent","2012-12-26","2012-12-26","2012-12-26","USD","0"
"Home:Rent","2012-12-27","2012-12-27","2012-12-27","USD","0"
"Home:Rent","2012-12-28","2012-12-28","2012-12-28","USD","0"
"Home:Rent","2012-12-29","2012-12-29","2012-12-29","USD","0"
"Home:Rent","2012-12-30","2012-12-30","2012-12-30","USD","0"
"Home:Rent","2012-12-31","2012-12-31","2012-12-31","USD","0"
"Home:Rent","2013-01-01","2013-01-01","2013-01-01","USD","0"
"Home:Rent","2013-01-02","2013-01-02","2013-01-02","USD","0"
"Home:Rent","2013-01-03","2013-01-03","2013-01-03","USD","0"
"Home:Rent","2013-01-04","2013-01-04","2013-01-04","USD","2400.00"
"Home:Rent","2013-01-05","2013-01-05","2013-01-05","USD","0"
"Home:Rent","2013-01-06","2013-01-06","2013-01-06","USD","0"
"Home:Rent","2013-01-07","2013-01-07","2013-01-07","USD","0"
"Home:Rent","2013-01-08","2013-01-08","2013-01-08","USD","0"
"Home:Rent","2013-01-09","2013-01-09","2013-01-09","USD","0"
"Home:Rent","2013-01-10","2013-01-10","2013-01-10","USD","0"
"Home:Rent","2013-01-11","2013-01-11","2013-01-11","USD","0"
"Home:Rent","2013-01-12","2013-01-12","2013-01-12","USD","0"
"Home:Rent","2013-01-13","2013-01-13","2013-01-13","USD","0"
"Home:Rent","2013-01-14","2013-01-14","2013-01-14","USD","0"
"Home:Rent","2013-01-15","2013-01-15","2013-01-15","USD","0"
"Home:Rent","2013-01-16","2013-01-16","2013-01-16","USD","0"
"Home:Rent","2013-01-17","2013-01-17","2013-01-17","USD","0"
"Home:Rent","2013-01-18","2013-01-18","2013-01-18","USD","0"
"Home:Rent","2013-01-19","2013-01-19","2013-01-19","USD","0"
"Home:Rent","2013-01-20","2013-01-20","2013-01-20","USD","0"
"Home:Rent","2013-01-21","2013-01-21","2013-01-21","USD","0"
"Home:Rent","2013-01-22","2013-01-22","2013-01-22","USD","0"
"Home:Rent","2013-01-23","2013-01-23","2013-01-23","USD","0"
"Home:Rent","2013-01-24","2013-01-24","2013-01-24","USD","0"
"Home:Rent","2013-01-25","2013-01-25","2013-01-25","USD","0"
"Home:Rent","2013-01-26","2013-01-26","2013-01-26","USD","0"
"Home:Rent","2013-01-27","2013-01-27","2013-01-27","USD","0"
"Home:Rent","2013-01-28","2013-01-28","2013-01-28","USD","0"
"Home:Rent","2013-01-29","2013-01-29","2013-01-29","USD","0"
"Home:Rent","2013-01-30","2013-01-30","2013-01-30","USD","0"
"Home:Rent","2013-01-31","2013-01-31","2013-01-31","USD","0"
"Home:Rent","2013-02-01","2013-02-01","2013-02-01","USD","0"
"Home:Rent","2013-02-02","2013-02-02","2013-02-02","USD","0"
"Home:Rent","2013-02-03","2013-02-03","2013-02-03","USD","0"
"Home:Rent","2013-02-04","2013-02-04","2013-02-04","USD","0"
"Home:Rent","2013-02-05","2013-02-05","2013-02-05","USD","0"
"Home:Rent","2013-02-06","2013-02-06","2013-02-06","USD","2400.00"
"Home:Rent","2013-02-07","2013-02-07","2013-02-07","USD","0"
"Home:Rent","2013-02-08","2013-02-08","2013-02-08","USD","0"
"Home:Rent","2013-02-09","2013-02-09","2013-02-09","USD","0"
"Home:Rent","2013-02-10","2013-02-10","2013-02-10","USD","0"
"Home:Rent","2013-02-11","2013-02-11","2013-02-11","USD","0"
"Home:Rent","2013-02-12","2013-02-12","2013-02-12","USD","0"
"Home:Rent","2013-02-13","2013-02-13","2013-02-13","USD","0"
"Home:Rent","2013-02-14","2013-02-14","2013-02-14","USD","0"
"Home:Rent","2013-02-15","2013-02-15","2013-02-15","USD","0"
"Home:Rent","2013-02-16","2013-02-16","2013-02-16","USD","0"
"Home:Rent","2013-02-17","2013-02-17","2013-02-17","USD","0"
"Home:Rent","2013-02-18","2013-02-18","2013-02-18","USD","0"
"Home:Rent","2013-02-19","2013-02-19","2013-02-19","USD","0"
"Home:Rent","2013-02-20","2013-02-20","2013-02-20","USD","0"
"Home:Rent","2013-02-21","2013-02-21","2013-02-21","USD","0"
"Home:Rent","2013-02-22","2013-02-22","2013-02-22","USD","0"
"Home:Rent","2013-02-23","2013-02-23","2013-02-23","USD","0"
"Home:Rent","2013-02-24","2013-02-24","2013-02-24","USD","0"
"Home:Rent","2013-02-25","2013-02-25","2013-02-25","USD","0"
"Home:Rent","2013-02-26","2013-02-26","2013-02-26","USD","0"
"Home:Rent","2013-02-27","2013-02-27","2013-02-27","USD","0"
"Home:Rent","2013-02-28","2013-02-28","2013-02-28","USD","0"
"Home:Rent","2013-03-01","2013-03-01","2013-03-01","USD","0"
"Home:Rent","2013-03-02","2013-03-02","2013-03-02","USD","0"
"Home:Rent","2013-03-03","2013-03-03","2013-03-03","USD","0"
"Home:Rent","2013-03-04","2013-03-04","2013-03-04","USD","0"
"Home:Rent","2013-03-05","2013-03-05","2013-03-05","USD","2400.00"
"Home:Rent","2013-03-06","2013-03-06","2013-03-06","USD","0"
"Home:Rent","2013-03-07","2013-03-07","2013-03-07","USD","0"
"Home:Rent","2013-03-08","2013-03-08","2013-03-08","USD","0"
"Home:Rent","2013-03-09","2013-03-09","2013-03-09","USD","0"
"Home:Rent","2013-03-10","2013-03-10","2013-03-10","USD","0"
"Home:Rent","2013-03-11","2013-03-11","2013-03-11","USD","0"
"Home:Rent","2013-03-12","2013-03-12","2013-03-12","USD","0"
"Home:Rent","2013-03-13","2013-03-13","2013-03-13","USD","0"
"Home:Rent","2013-03-14","2013-03-14","2013-03-14","USD","0"
"Home:Rent","2013-03-15","2013-03-15","2013-03-15","USD","0"
"Home:Rent","2013-03-16","2013-03-16","2013-03-16","USD","0"
"Home:Rent","2013-03-17","2013-03-17","2013-03-17","USD","0"
"Home:Rent","2013-03-18","2013-03-18","2013-03-18","USD","0"
"Home:Rent","2013-03-19","2013-03-19","2013-03-19","USD","0"
"Home:Rent","2013-03-20","2013-03-20","2013-03-20","USD","0"
"Home:Rent","2013-03-21","2013-03-21","2013-03-21","USD","0"
"Home:Rent","2013-03-22","2013-03-22","2013-03-22","USD","0"
"Home:Rent","2013-03-23","2013-03-23","2013-03-23","USD","0"
"Home:Rent","2013-03-24","2013-03-24","2013-03-24","USD","0"
"Home:Rent","2013-03-25","2013-03-25","2013-03-25","USD","0"
"Home:Rent","2013-03-26","2013-03-26","2013-03-26","USD","0"
"Home:Rent","2013-03-27","2013-03-27","2013-03-27","USD","0"
"Home:Rent","2013-03-28","2013-03-28","2013-03-28","USD","0"
"Home:Rent","2013-03-29","2013-03-29","2013-03-29","USD","0"
"Home:Rent","2013-03-30","2013-03-30","2013-03-30","USD","0"
"Home:Rent","2013-03-31","2013-03-31","2013-03-31","USD","0"
"Home:Rent","2013-04-01","2013-04-01","2013-04-01","USD","0"
"Home:Rent","2013-04-02","2013-04-02","2013-04-02","USD","0"
"Home:Rent","2013-04-03","2013-04-03","2013-04-03","USD","0"
"Home:Rent","2013-04-04","2013-04-04","2013-04-04","USD","2400.00"
"Home:Rent","2013-04-05","2013-04-05","2013-04-05","USD","0"
"Home:Rent","2013-04-06","2013-04-06","2013-04-06","USD","0"
"Home:Rent","2013-04-07","2013-04-07","2013-04-07","USD","0"
"Home:Rent","2013-04-08","2013-04-08","2013-04-08","USD","0"
"Home:Rent","2013-04-09","2013-04-09","2013-04-09","USD","0"
"Home:Rent","2013-04-10","2013-04-10","2013-04-10","USD","0"
"Home:Rent","2013-04-11","2013-04-11","2013-04-11","USD","0"
"Home:Rent","2013-04-12","2013-04-12","2013-04-12","USD","0"
"Home:Rent","2013-04-13","2013-04-13","2013-04-13","USD","0"
"Home:Rent","2013-04-14","2013-04-14","2013-04-14","USD","0"
"Home:Rent","2013-04-15","2013-04-15","2013-04-15","USD","0"
"Home:Rent","2013-04-16","2013-04-16","2013-04-16","USD","0"
"Home:Rent","2013-04-17","2013-04-17","2013-04-17","USD","0"
"Home:Rent","2013-04-18","2013-04-18","2013-04-18","USD","0"
"Home:Rent","2013-04-19","2013-04-19","2013-04-19","USD","0"
"Home:Rent","2013-04-20","2013-04-20","2013-04-20","USD","0"
"Home:Rent","2013-04-21","2013-04-21","2013-04-21","USD","0"
"Home:Rent","2013-04-22","2013-04-22","2013-04-22","USD","0"
"Home:Rent","2013-04-23","2013-04-23","2013-04-23","USD","0"
"Home:Rent","2013-04-24","2013-04-24","2013-04-24","USD","0"
"Home:Rent","2013-04-25","2013-04-25","2013-04-25","USD","0"
"Home:Rent","2013-04-26","2013-04-26","2013-04-26","USD","0"
"Home:Rent","2013-04-27","2013-04-27","2013-04-27","USD","0"
"Home:Rent","2013-04-28","2013-04-28","2013-04-28","USD","0"
"Home:Rent","2013-04-29","2013-04-29","2013-04-29","USD","0"
"Home:Rent","2013-04-30","2013-04-30","2013-04-30","USD","0"
"Home:Rent","2013-05-01","2013-05-01","2013-05-01","USD","0"
"Home:Rent","2013-05-02","2013-05-02","2013-05-02","USD","0"
"Home:Rent","2013-05-03","2013-05-03","2013-05-03","USD","0"
"Home:Rent","2013-05-04","2013-05-04","2013-05-04","USD","0"
"Home:Rent","2013-05-05","2013-05-05","2013-05-05","USD","0"
"Home:Rent","2013-05-06","2013-05-06","2013-05-06","USD","2400.00"
"Home:Rent","2013-05-07","2013-05-07","2013-05-07","USD","0"
"Home:Rent","2013-05-08","2013-05-08","2013-05-08","USD","0"
"Home:Rent","2013-05-09","2013-05-09","2013-05-09","USD","0"
"Home:Rent","2013-05-10","2013-05-10","2013-05-10","USD","0"
"Home:Rent","2013-05-11","2013-05-11","2013-05-11","USD","0"
"Home:Rent","2013-05-12","2013-05-12","2013-05-12","USD","0"
"Home:Rent","2013-05-13","2013-05-13","2013-05-13","USD","0"
"Home:Rent","2013-05-14","2013-05-14","2013-05-14","USD","0"
"Home:Rent","2013-05-15","2013-05-15","2013-05-15","USD","0"
"Home:Rent","2013-05-16","2013-05-16","2013-05-16","USD","0"
"Home:Rent","2013-05-17","2013-05-17","2013-05-17","USD","0"
"Home:Rent","2013-05-18","2013-05-18","2013-05-18","USD","0"
"Home:Rent","2013-05-19","2013-05-19","2013-05-19","USD","0"
"Home:Rent","2013-05-20","2013-05-20","2013-05-20","USD","0"
"Home:Rent","2013-05-21","2013-05-21","2013-05-21","USD","0"
"Home:Rent","2013-05-22","2013-05-22","2013-05-22","USD","0"
"Home:Rent","2013-05-23","2013-05-23","2013-05-23","USD","0"
"Home:Rent","2013-05-24","2013-05-24","2013-05-24","USD","0"
"Home:Rent","2013-05-25","2013-05-25","2013-05-25","USD","0"
"Home:Rent","2013-05-26","2013-05-26","2013-05-26","USD","0"
"Home:Rent","2013-05-27","2013-05-27","2013-05-27","USD","0"
"Home:Rent","2013-05-28","2013-05-28","2013-05-28","USD","0"
"Home:Rent","2013-05-29","2013-05-29","2013-05-29","USD","0"
"Home:Rent","2013-05-30","2013-05-30","2013-05-30","USD","0"
"Home:Rent","2013-05-31","2013-05-31","2013-05-31","USD","0"
"Home:Rent","2013-06-01","2013-06-01","2013-06-01","USD","0"
"Home:Rent","2013-06-02","2013-06-02","2013-06-02","USD","0"
"Home:Rent","2013-06-03","2013-06-03","2013-06-03","USD","0"
"Home:Rent","2013-06-04","2013-06-04","2013-06-04","USD","2400.00"
"Home:Rent","2013-06-05","2013-06-05","2013-06-05","USD","0"
"Home:Rent","2013-06-06","2013-06-06","2013-06-06","USD","0"
"Home:Rent","2013-06-07","2013-06-07","2013-06-07","USD","0"
"Home:Rent","2013-06-08","2013-06-08","2013-06-08","USD","0"
"Home:Rent","2013-06-09","2013-06-09","2013-06-09","USD","0"
"Home:Rent","2013-06-10","2013-06-10","2013-06-10","USD","0"
"Home:Rent","2013-06-11","2013-06-11","2013-06-11","USD","0"
"Home:Rent","2013-06-12","2013-06-12","2013-06-12","USD","0"
"Home:Rent","2013-06-13","2013-06-13","2013-06-13","USD","0"
"Home:Rent","2013-06-14","2013-06-14","2013-06-14","USD","0"
"Home:Rent","2013-06-15","2013-06-15","2013-06-15","USD","0"
"Home:Rent","2013-06-16","2013-06-16","2013-06-16","USD","0"
"Home:Rent","2013-06-17","2013-06-17","2013-06-17","USD","0"
"Home:Rent","2013-06-18","2013-06-18","2013-06-18","USD","0"
"Home:Rent","2013-06-19","2013-06-19","2013-06-19","USD","0"
"Home:Rent","2013-06-20","2013-06-20","2013-06-20","USD","0"
"Home:Rent","2013-06-21","2013-06-21","2013-06-21","USD","0"
"Home:Rent","2013-06-22","2013-06-22","2013-06-22","USD","0"
"Home:Rent","2013-06-23","2013-06-23","2013-06-23","USD","0"
"Home:Rent","2013-06-24","2013-06-24","2013-06-24","USD","0"
"Home:Rent","2013-06-25","2013-06-25","2013-06-25","USD","0"
"Home:Rent","2013-06-26","2013-06-26","2013-06-26","USD","0"
"Home:Rent","2013-06-27","2013-06-27","2013-06-27","USD","0"
"Home:Rent","2013-06-28","2013-06-28","2013-06-28","USD","0"
"Home:Rent","2013-06-29","2013-06-29","2013-06-29","USD","0"
"Home:Rent","2013-06-30","2013-06-30","2013-06-30","USD","0"
"Home:Rent","2013-07-01","2013-07-01","2013-07-01","USD","0"
"Home:Rent","2013-07-02","2013-07-02","2013-07-02","USD","0"
"Home:Rent","2013-07-03","2013-07-03","2013-07-03","USD","0"
"Home:Rent","2013-07-04","2013-07-04","2013-07-04","USD","0"
"Home:Rent","2013-07-05","2013-07-05","2013-07-05","USD","2400.00"
"Home:Rent","2013-07-06","2013-07-06","2013-07-06","USD","0"
"Home:Rent","2013-07-07","2013-07-07","2013-07-07","USD","0"
"Home:Rent","2013-07-08","2013-07-08","2013-07-08","USD","0"
"Home:Rent","2013-07-09","2013-07-09","2013-07-09","USD","0"
"Home:Rent","2013-07-10","2013-07-10","2013-07-10","USD","0"
"Home:Rent","2013-07-11","2013-07-11","2013-07-11","USD","0"
"Home:Rent","2013-07-12","2013-07-12","2013-07-12","USD","0"
"Home:Rent","2013-07-13","2013-07-13","2013-07-13","USD","0"
"Home:Rent","2013-07-14","2013-07-14","2013-07-14","USD","0"
"Home:Rent","2013-07-15","2013-07-15","2013-07-15","USD","0"
"Home:Rent","2013-07-16","2013-07-16","2013-07-16","USD","0"
"Home:Rent","2013-07-17","2013-07-17","2013-07-17","USD","0"
"Home:Rent","2013-07-18","2013-07-18","2013-07-18","USD","0"
"Home:Rent","2013-07-19","2013-07-19","2013-07-19","USD","0"
"Home:Rent","2013-07-20","2013-07-20","2013-07-20","USD","0"
"Home:Rent","2013-07-21","2013-07-21","2013-07-21","USD","0"
"Home:Rent","2013-07-22","2013-07-22","2013-07-22","USD","0"
"Home:Rent","2013-07-23","2013-07-23","2013-07-23","USD","0"
"Home:Rent","2013-07-24","2013-07-24","2013-07-24","USD","0"
"Home:Rent","2013-07-25","2013-07-25","2013-07-25","USD","0"
"Home:Rent","2013-07-26","2013-07-26","2013-07-26","USD","0"
"Home:Rent","2013-07-27","2013-07-27","2013-07-27","USD","0"
"Home:Rent","2013-07-28","2013-07-28","2013-07-28","USD","0"
"Home:Rent","2013-07-29","2013-07-29","2013-07-29","USD","0"
"Home:Rent","2013-07-30","2013-07-30","2013-07-30","USD","0"
"Home:Rent","2013-07-31","2013-07-31","2013-07-31","USD","0"
"Home:Rent","2013-08-01","2013-08-01","2013-08-01","USD","0"
"Home:Rent","2013-08-02","2013-08-02","2013-08-02","USD","0"
"Home:Rent","2013-08-03","2013-08-03","2013-08-03","USD","0"
"Home:Rent","2013-08-04","2013-08-04","2013-08-04","USD","2400.00"
"Home:Rent","2013-08-05","2013-08-05","2013-08-05","USD","0"
"Home:Rent","2013-08-06","2013-08-06","2013-08-06","USD","0"
"Home:Rent","2013-08-07","2013-08-07","2013-08-07","USD","0"
"Home:Rent","2013-08-08","2013-08-08","2013-08-08","USD","0"
"Home:Rent","2013-08-09","2013-08-09","2013-08-09","USD","0"
"Home:Rent","2013-08-10","2013-08-10","2013-08-10","USD","0"
"Home:Rent","2013-08-11","2013-08-11","2013-08-11","USD","0"
"Home:Rent","2013-08-12","2013-08-12","2013-08-12","USD","0"
"Home:Rent","2013-08-13","2013-08-13","2013-08-13","USD","0"
"Home:Rent","2013-08-14","2013-08-14","2013-08-14","USD","0"
"Home:Rent","2013-08-15","2013-08-15","2013-08-15","USD","0"
"Home:Rent","2013-08-16","2013-08-16","2013-08-16","USD","0"
"Home:Rent","2013-08-17","2013-08-17","2013-08-17","USD","0"
"Home:Rent","2013-08-18","2013-08-18","2013-08-18","USD","0"
"Home:Rent","2013-08-19","2013-08-19","2013-08-19","USD","0"
"Home:Rent","2013-08-20","2013-08-20","2013-08-20","USD","0"
"Home:Rent","2013-08-21","2013-08-21","2013-08-21","USD","0"
"Home:Rent","2013-08-22","2013-08-22","2013-08-22","USD","0"
"Home:Rent","2013-08-23","2013-08-23","2013-08-23","USD","0"
"Home:Rent","2013-08-24","2013-08-24","2013-08-24","USD","0"
"Home:Rent","2013-08-25","2013-08-25","2013-08-25","USD","0"
"Home:Rent","2013-08-26","2013-08-26","2013-08-26","USD","0"
"Home:Rent","2013-08-27","2013-08-27","2013-08-27","USD","0"
"Home:Rent","2013-08-28","2013-08-28","2013-08-28","USD","0"
"Home:Rent","2013-08-29","2013-08-29","2013-08-29","USD","0"
"Home:Rent","2013-08-30","2013-08-30","2013-08-30","USD","0"
"Home:Rent","2013-08-31","2013-08-31","2013-08-31","USD","0"
"Home:Rent","2013-09-01","2013-09-01","2013-09-01","USD","0"
"Home:Rent","2013-09-02","2013-09-02","2013-09-02","USD","0"
"Home:Rent","2013-09-03","2013-09-03","2013-09-03","USD","0"
"Home:Rent","2013-09-04","2013-09-04","2013-09-04","USD","0"
"Home:Rent","2013-09-05","2013-09-05","2013-09-05","USD","0"
"Home:Rent","2013-09-06","2013-09-06","2013-09-06","USD","2400.00"
"Home:Rent","2013-09-07","2013-09-07","2013-09-07","USD","0"
"Home:Rent","2013-09-08","2013-09-08","2013-09-08","USD","0"
"Home:Rent","2013-09-09","2013-09-09","2013-09-09","USD","0"
"Home:Rent","2013-09-10","2013-09-10","2013-09-10","USD","0"
"Home:Rent","2013-09-11","2013-09-11","2013-09-11","USD","0"
"Home:Rent","2013-09-12","2013-09-12","2013-09-12","USD","0"
"Home:Rent","2013-09-13","2013-09-13","2013-09-13","USD","0"
"Home:Rent","2013-09-14","2013-09-14","2013-09-14","USD","0"
"Home:Rent","2013-09-15","2013-09-15","2013-09-15","USD","0"
"Home:Rent","2013-09-16","2013-09-16","2013-09-16","USD","0"
"Home:Rent","2013-09-17","2013-09-17","2013-09-17","USD","0"
"Home:Rent","2013-09-18","2013-09-18","2013-09-18","USD","0"
"Home:Rent","2013-09-19","2013-09-19","2013-09-19","USD","0"
"Home:Rent","2013-09-20","2013-09-20","2013-09-20","USD","0"
"Home:Rent","2013-09-21","2013-09-21","2013-09-21","USD","0"
"Home:Rent","2013-09-22","2013-09-22","2013-09-22","USD","0"
"Home:Rent","2013-09-23","2013-09-23","2013-09-23","USD","0"
"Home:Rent","2013-09-24","2013-09-24","2013-09-24","USD","0"
"Home:Rent","2013-09-25","2013-09-25","2013-09-25","USD","0"
"Home:Rent","2013-09-26","2013-09-26","2013-09-26","USD","0"
"Home:Rent","2013-09-27","2013-09-27","2013-09-27","USD","0"
"Home:Rent","2013-09-28","2013-09-28","2013-09-28","USD","0"
"Home:Rent","2013-09-29","2013-09-29","2013-09-29","USD","0"
"Home:Rent","2013-09-30","2013-09-30","2013-09-30","USD","0"
"Home:Rent","2013-10-01","2013-10-01","2013-10-01","USD","0"
"Home:Rent","2013-10-02","2013-10-02","2013-10-02","USD","0"
"Home:Rent","2013-10-03","2013-10-03","2013-10-03","USD","0"
"Home:Rent","2013-10-04","2013-10-04","2013-10-04","USD","2400.00"
"Home:Rent","2013-10-05","2013-10-05","2013-10-05","USD","0"
"Home:Rent","2013-10-06","2013-10-06","2013-10-06","USD","0"
"Home:Rent","2013-10-07","2013-10-07","2013-10-07","USD","0"
"Home:Rent","2013-10-08","2013-10-08","2013-10-08","USD","0"
"Home:Rent","2013-10-09","2013-10-09","2013-10-09","USD","0"
"Home:Rent","2013-10-10","2013-10-10","2013-10-10","USD","0"
"Home:Rent","2013-10-11","2013-10-11","2013-10-11","USD","0"
"Home:Rent","2013-10-12","2013-10-12","2013-10-12","USD","0"
"Home:Rent","2013-10-13","2013-10-13","2013-10-13","USD","0"
"Home:Rent","2013-10-14","2013-10-14","2013-10-14","USD","0"
"Home:Rent","2013-10-15","2013-10-15","2013-10-15","USD","0"
"Home:Rent","2013-10-16","2013-10-16","2013-10-16","USD","0"
"Home:Rent","2013-10-17","2013-10-17","2013-10-17","USD","0"
"Home:Rent","2013-10-18","2013-10-18","2013-10-18","USD","0"
"Home:Rent","2013-10-19","2013-10-19","2013-10-19","USD","0"
"Home:Rent","2013-10-20","2013-10-20","2013-10-20","USD","0"
"Home:Rent","2013-10-21","2013-10-21","2013-10-21","USD","0"
"Home:Rent","2013-10-22","2013-10-22","2013-10-22","USD","0"
"Home:Rent","2013-10-23","2013-10-23","2013-10-23","USD","0"
"Home:Rent","2013-10-24","2013-10-24","2013-10-24","USD","0"
"Home:Rent","2013-10-25","2013-10-25","2013-10-25","USD","0"
"Home:Rent","2013-10-26","2013-10-26","2013-10-26","USD","0"
"Home:Rent","2013-10-27","2013-10-27","2013-10-27","USD","0"
"Home:Rent","2013-10-28","2013-10-28","2013-10-28","USD","0"
"Home:Rent","2013-10-29","2013-10-29","2013-10-29","USD","0"
"Home:Rent","2013-10-30","2013-10-30","2013-10-30","USD","0"
"Home:Rent","2013-10-31","2013-10-31","2013-10-31","USD","0"
"Home:Rent","2013-11-01","2013-11-01","2013-11-01","USD","0"
"Home:Rent","2013-11-02","2013-11-02","2013-11-02","USD","0"
"Home:Rent","2013-11-03","2013-11-03","2013-11-03","USD","0"
"Home:Rent","2013-11-04","2013-11-04","2013-11-04","USD","0"
"Home:Rent","2013-11-05","2013-11-05","2013-11-05","USD","2400.00"
"Home:Rent","2013-11-06","2013-11-06","2013-11-06","USD","0"
"Home:Rent","2013-11-07","2013-11-07","2013-11-07","USD","0"
"Home:Rent","2013-11-08","2013-11-08","2013-11-08","USD","0"
"Home:Rent","2013-11-09","2013-11-09","2013-11-09","USD","0"
"Home:Rent","2013-11-10","2013-11-10","2013-11-10","USD","0"
"Home:Rent","2013-11-11","2013-11-11","2013-11-11","USD","0"
"Home:Rent","2013-11-12","2013-11-12","2013-11-12","USD","0"
"Home:Rent","2013-11-13","2013-11-13","2013-11-13","USD","0"
"Home:Rent","2013-11-14","2013-11-14","2013-11-14","USD","0"
"Home:Rent","2013-11-15","2013-11-15","2013-11-15","USD","0"
"Home:Rent","2013-11-16","2013-11-16","2013-11-16","USD","0"
"Home:Rent","2013-11-17","2013-11-17","2013-11-17","USD","0"
"Home:Rent","2013-11-18","2013-11-18","2013-11-18","USD","0"
"Home:Rent","2013-11-19","2013-11-19","2013-11-19","USD","0"
"Home:Rent","2013-11-20","2013-11-20","2013-11-20","USD","0"
"Home:Rent","2013-11-21","2013-11-21","2013-11-21","USD","0"
"Home:Rent","2013-11-22","2013-11-22","2013-11-22","USD","0"
"Home:Rent","2013-11-23","2013-11-23","2013-11-23","USD","0"
"Home:Rent","2013-11-24","2013-11-24","2013-11-24","USD","0"
"Home:Rent","2013-11-25","2013-11-25","2013-11-25","USD","0"
"Home:Rent","2013-11-26","2013-11-26","2013-11-26","USD","0"
"Home:Rent","2013-11-27","2013-11-27","2013-11-27","USD","0"
"Home:Rent","2013-11-28","2013-11-28","2013-11-28","USD","0"
"Home:Rent","2013-11-29","2013-11-29","2013-11-29","USD","0"
"Home:Rent","2013-11-30","2013-11-30","2013-11-30","USD","0"
"Home:Rent","2013-12-01","2013-12-01","2013-12-01","USD","0"
"Home:Rent","2013-12-02","2013-12-02","2013-12-02","USD","0"
"Home:Rent","2013-12-03","2013-12-03","2013-12-03","USD","0"
"Home:Rent","2013-12-04","2013-12-04","2013-12-04","USD","0"
"Home:Rent","2013-12-05","2013-12-05","2013-12-05","USD","2400.00"
"Home:Rent","2013-12-06","2013-12-06","2013-12-06","USD","0"
"Home:Rent","2013-12-07","2013-12-07","2013-12-07","USD","0"
"Home:Rent","2013-12-08","2013-12-08","2013-12-08","USD","0"
"Home:Rent","2013-12-09","2013-12-09","2013-12-09","USD","0"
"Home:Rent","2013-12-10","2013-12-10","2013-12-10","USD","0"
"Home:Rent","2013-12-11","2013-12-11","2013-12-11","USD","0"
"Home:Rent","2013-12-12","2013-12-12","2013-12-12","USD","0"
"Home:Rent","2013-12-13","2013-12-13","2013-12-13","USD","0"
"Home:Rent","2013-12-14","2013-12-14","2013-12-14","USD","0"
"Home:Rent","2013-12-15","2013-12-15","2013-12-15","USD","0"
"Home:Rent","2013-12-16","2013-12-16","2013-12-16","USD","0"
"Home:Rent","2013-12-17","2013-12-17","2013-12-17","USD","0"
"Home:Rent","2013-12-18","2013-12-18","2013-12-18","USD","0"
"Home:Rent","2013-12-19","2013-12-19","2013-12-19","USD","0"
"Home:Rent","2013-12-20","2013-12-20","2013-12-20","USD","0"
"Home:Rent","2013-12-21","2013-12-21","2013-12-21","USD","0"
"Home:Rent","2013-12-22","2013-12-22","2013-12-22","USD","0"
"Home:Rent","2013-12-23","2013-12-23","2013-12-23","USD","0"
"Home:Rent","2013-12-24","2013-12-24","2013-12-24","USD","0"
"Home:Rent","2013-12-25","2013-12-25","2013-12-25","USD","0"
"Home:Rent","2013-12-26","2013-12-26","2013-12-26","USD","0"
"Home:Rent","2013-12-27","2013-12-27","2013-12-27","USD","0"
"Home:Rent","2013-12-28","2013-12-28","2013-12-28","USD","0"
"Home:Rent","2013-12-29","2013-12-29","2013-12-29","USD","0"
"Home:Rent","2013-12-30","2013-12-30","2013-12-30","USD","0"
"Home:Rent","2013-12-31","2013-12-31","2013-12-31","USD","0"
"Home:Rent","2014-01-01","2014-01-01","2014-01-01","USD","0"
"Home:Rent","2014-01-02","2014-01-02","2014-01-02","USD","0"
"Home:Rent","2014-01-03","2014-01-03","2014-01-03","USD","0"
"Home:Rent","2014-01-04","2014-01-04","2014-01-04","USD","0"
"Home:Rent","2014-01-05","2014-01-05","2014-01-05","USD","0"
"Home:Rent","2014-01-06","2014-01-06","2014-01-06","USD","2400.00"
"Home:Rent","2014-01-07","2014-01-07","2014-01-07","USD","0"
"Home:Rent","2014-01-08","2014-01-08","2014-01-08","USD","0"
"Home:Rent","2014-01-09","2014-01-09","2014-01-09","USD","0"
"Home:Rent","2014-01-10","2014-01-10","2014-01-10","USD","0"
"Home:Rent","2014-01-11","2014-01-11","2014-01-11","USD","0"
"Home:Rent","2014-01-12","2014-01-12","2014-01-12","USD","0"
"Home:Rent","2014-01-13","2014-01-13","2014-01-13","USD","0"
"Home:Rent","2014-01-14","2014-01-14","2014-01-14","USD","0"
"Home:Rent","2014-01-15","2014-01-15","2014-01-15","USD","0"
"Home:Rent","2014-01-16","2014-01-16","2014-01-16","USD","0"
"Home:Rent","2014-01-17","2014-01-17","2014-01-17","USD","0"
"Home:Rent","2014-01-18","2014-01-18","2014-01-18","USD","0"
"Home:Rent","2014-01-19","2014-01-19","2014-01-19","USD","0"
"Home:Rent","2014-01-20","2014-01-20","2014-01-20","USD","0"
"Home:Rent","2014-01-21","2014-01-21","2014-01-21","USD","0"
"Home:Rent","2014-01-22","2014-01-22","2014-01-22","USD","0"
"Home:Rent","2014-01-23","2014-01-23","2014-01-23","USD","0"
"Home:Rent","2014-01-24","2014-01-24","2014-01-24","USD","0"
"Home:Rent","2014-01-25","2014-01-25","2014-01-25","USD","0"
"Home:Rent","2014-01-26","2014-01-26","2014-01-26","USD","0"
"Home:Rent","2014-01-27","2014-01-27","2014-01-27","USD","0"
"Home:Rent","2014-01-28","2014-01-28","2014-01-28","USD","0"
"Home:Rent","2014-01-29","2014-01-29","2014-01-29","USD","0"
"Home:Rent","2014-01-30","2014-01-30","2014-01-30","USD","0"
"Home:Rent","2014-01-31","2014-01-31","2014-01-31","USD","0"
"Home:Rent","2014-02-01","2014-02-01","2014-02-01","USD","0"
"Home:Rent","2014-02-02","2014-02-02","2014-02-02","USD","0"
"Home:Rent","2014-02-03","2014-02-03","2014-02-03","USD","0"
"Home:Rent","2014-02-04","2014-02-04","2014-02-04","USD","2400.00"
"Home:Rent","2014-02-05","2014-02-05","2014-02-05","USD","0"
"Home:Rent","2014-02-06","2014-02-06","2014-02-06","USD","0"
"Home:Rent","2014-02-07","2014-02-07","2014-02-07","USD","0"
"Home:Rent","2014-02-08","2014-02-08","2014-02-08","USD","0"
"Home:Rent","2014-02-09","2014-02-09","2014-02-09","USD","0"
"Home:Rent","2014-02-10","2014-02-10","2014-02-10","USD","0"
"Home:Rent","2014-02-11","2014-02-11","2014-02-11","USD","0"
"Home:Rent","2014-02-12","2014-02-12","2014-02-12","USD","0"
"Home:Rent","2014-02-13","2014-02-13","2014-02-13","USD","0"
"Home:Rent","2014-02-14","2014-02-14","2014-02-14","USD","0"
"Home:Rent","2014-02-15","2014-02-15","2014-02-15","USD","0"
"Home:Rent","2014-02-16","2014-02-16","2014-02-16","USD","0"
"Home:Rent","2014-02-17","2014-02-17","2014-02-17","USD","0"
"Home:Rent","2014-02-18","2014-02-18","2014-02-18","USD","0"
"Home:Rent","2014-02-19","2014-02-19","2014-02-19","USD","0"
"Home:Rent","2014-02-20","2014-02-20","2014-02-20","USD","0"
"Home:Rent","2014-02-21","2014-02-21","2014-02-21","USD","0"
"Home:Rent","2014-02-22","2014-02-22","2014-02-22","USD","0"
"Home:Rent","2014-02-23","2014-02-23","2014-02-23","USD","0"
"Home:Rent","2014-02-24","2014-02-24","2014-02-24","USD","0"
"Home:Rent","2014-02-25","2014-02-25","2014-02-25","USD","0"
"Home:Rent","2014-02-26","2014-02-26","2014-02-26","USD","0"
"Home:Rent","2014-02-27","2014-02-27","2014-02-27","USD","0"
"Home:Rent","2014-02-28","2014-02-28","2014-02-28","USD","0"
"Home:Rent","2014-03-01","2014-03-01","2014-03-01","USD","0"
"Home:Rent","2014-03-02","2014-03-02","2014-03-02","USD","0"
"Home:Rent","2014-03-03","2014-03-03","2014-03-03","USD","2400.00"
"Home:Rent","2014-03-04","2014-03-04","2014-03-04","USD","0"
"Home:Rent","2014-03-05","2014-03-05","2014-03-05","USD","0"
"Home:Rent","2014-03-06","2014-03-06","2014-03-06","USD","0"
"Home:Rent","2014-03-07","2014-03-07","2014-03-07","USD","0"
"Home:Rent","2014-03-08","2014-03-08","2014-03-08","USD","0"
"Home:Rent","2014-03-09","2014-03-09","2014-03-09","USD","0"
"Home:Rent","2014-03-10","2014-03-10","2014-03-10","USD","0"
"Home:Rent","2014-03-11","2014-03-11","2014-03-11","USD","0"
"Home:Rent","2014-03-12","2014-03-12","2014-03-12","USD","0"
"Home:Rent","2014-03-13","2014-03-13","2014-03-13","USD","0"
"Home:Rent","2014-03-14","2014-03-14","2014-03-14","USD","0"
"Home:Rent","2014-03-15","2014-03-15","2014-03-15","USD","0"
"Home:Rent","2014-03-16","2014-03-16","2014-03-16","USD","0"
"Home:Rent","2014-03-17","2014-03-17","2014-03-17","USD","0"
"Home:Rent","2014-03-18","2014-03-18","2014-03-18","USD","0"
"Home:Rent","2014-03-19","2014-03-19","2014-03-19","USD","0"
"Home:Rent","2014-03-20","2014-03-20","2014-03-20","USD","0"
"Home:Rent","2014-03-21","2014-03-21","2014-03-21","USD","0"
"Home:Rent","2014-03-22","2014-03-22","2014-03-22","USD","0"
"Home:Rent","2014-03-23","2014-03-23","2014-03-23","USD","0"
"Home:Rent","2014-03-24","2014-03-24","2014-03-24","USD","0"
"Home:Rent","2014-03-25","2014-03-25","2014-03-25","USD","0"
"Home:Rent","2014-03-26","2014-03-26","2014-03-26","USD","0"
"Home:Rent","2014-03-27","2014-03-27","2014-03-27","USD","0"
"Home:Rent","2014-03-28","2014-03-28","2014-03-28","USD","0"
"Home:Rent","2014-03-29","2014-03-29","2014-03-29","USD","0"
"Home:Rent","2014-03-30","2014-03-30","2014-03-30","USD","0"
"Home:Rent","2014-03-31","2014-03-31","2014-03-31","USD","0"
"Home:Rent","2014-04-01","2014-04-01","2014-04-01","USD","0"
"Home:Rent","2014-04-02","2014-04-02","2014-04-02","USD","0"
"Home:Rent","2014-04-03","2014-04-03","2014-04-03","USD","0"
"Home:Rent","2014-04-04","2014-04-04","2014-04-04","USD","2400.00"
"Home:Rent","2014-04-05","2014-04-05","2014-04-05","USD","0"
"Home:Rent","2014-04-06","2014-04-06","2014-04-06","USD","0"
"Home:Rent","2014-04-07","2014-04-07","2014-04-07","USD","0"
"Home:Rent","2014-04-08","2014-04-08","2014-04-08","USD","0"
"Home:Rent","2014-04-09","2014-04-09","2014-04-09","USD","0"
"Home:Rent","2014-04-10","2014-04-10","2014-04-10","USD","0"
"Home:Rent","2014-04-11","2014-04-11","2014-04-11","USD","0"
"Home:Rent","2014-04-12","2014-04-12","2014-04-12","USD","0"
"Home:Rent","2014-04-13","2014-04-13","2014-04-13","USD","0"
"Home:Rent","2014-04-14","2014-04-14","2014-04-14","USD","0"
"Home:Rent","2014-04-15","2014-04-15","2014-04-15","USD","0"
"Home:Rent","2014-04-16","2014-04-16","2014-04-16","USD","0"
"Home:Rent","2014-04-17","2014-04-17","2014-04-17","USD","0"
"Home:Rent","2014-04-18","2014-04-18","2014-04-18","USD","0"
"Home:Rent","2014-04-19","2014-04-19","2014-04-19","USD","0"
"Home:Rent","2014-04-20","2014-04-20","2014-04-20","USD","0"
"Home:Rent","2014-04-21","2014-04-21","2014-04-21","USD","0"
"Home:Rent","2014-04-22","2014-04-22","2014-04-22","USD","0"
"Home:Rent","2014-04-23","2014-04-23","2014-04-23","USD","0"
"Home:Rent","2014-04-24","2014-04-24","2014-04-24","USD","0"
"Home:Rent","2014-04-25","2014-04-25","2014-04-25","USD","0"
"Home:Rent","2014-04-26","2014-04-26","2014-04-26","USD","0"
"Home:Rent","2014-04-27","2014-04-27","2014-04-27","USD","0"
"Home:Rent","2014-04-28","2014-04-28","2014-04-28","USD","0"
"Home:Rent","2014-04-29","2014-04-29","2014-04-29","USD","0"
"Home:Rent","2014-04-30","2014-04-30","2014-04-30","USD","0"
"Home:Rent","2014-05-01","2014-05-01","2014-05-01","USD","0"
"Home:Rent","2014-05-02","2014-05-02","2014-05-02","USD","0"
"Home:Rent","2014-05-03","2014-05-03","2014-05-03","USD","2400.00"
"Home:Rent","2014-05-04","2014-05-04","2014-05-04","USD","0"
"Home:Rent","2014-05-05","2014-05-05","2014-05-05","USD","0"
"Home:Rent","2014-05-06","2014-05-06","2014-05-06","USD","0"
"Home:Rent","2014-05-07","2014-05-07","2014-05-07","USD","0"
"Home:Rent","2014-05-08","2014-05-08","2014-05-08","USD","0"
"Home:Rent","2014-05-09","2014-05-09","2014-05-09","USD","0"
"Home:Rent","2014-05-10","2014-05-10","2014-05-10","USD","0"
"Home:Rent","2014-05-11","2014-05-11","2014-05-11","USD","0"
"Home:Rent","2014-05-12","2014-05-12","2014-05-12","USD","0"
"Home:Rent","2014-05-13","2014-05-13","2014-05-13","USD","0"
"Home:Rent","2014-05-14","2014-05-14","2014-05-14","USD","0"
"Home:Rent","2014-05-15","2014-05-15","2014-05-15","USD","0"
"Home:Rent","2014-05-16","2014-05-16","2014-05-16","USD","0"
"Home:Rent","2014-05-17","2014-05-17","2014-05-17","USD","0"
"Home:Rent","2014-05-18","2014-05-18","2014-05-18","USD","0"
"Home:Rent","2014-05-19","2014-05-19","2014-05-19","USD","0"
"Home:Rent","2014-05-20","2014-05-20","2014-05-20","USD","0"
"Home:Rent","2014-05-21","2014-05-21","2014-05-21","USD","0"
"Home:Rent","2014-05-22","2014-05-22","2014-05-22","USD","0"
"Home:Rent","2014-05-23","2014-05-23","2014-05-23","USD","0"
"Home:Rent","2014-05-24","2014-05-24","2014-05-24","USD","0"
"Home:Rent","2014-05-25","2014-05-25","2014-05-25","USD","0"
"Home:Rent","2014-05-26","2014-05-26","2014-05-26","USD","0"
"Home:Rent","2014-05-27","2014-05-27","2014-05-27","USD","0"
"Home:Rent","2014-05-28","2014-05-28","2014-05-28","USD","0"
"Home:Rent","2014-05-29","2014-05-29","2014-05-29","USD","0"
"Home:Rent","2014-05-30","2014-05-30","2014-05-30","USD","0"
"Home:Rent","2014-05-31","2014-05-31","2014-05-31","USD","0"
"Home:Rent","2014-06-01","2014-06-01","2014-06-01","USD","0"
"Home:Rent","2014-06-02","2014-06-02","2014-06-02","USD","0"
"Home:Rent","2014-06-03","2014-06-03","2014-06-03","USD","2400.00"
"Home:Rent","2014-06-04","2014-06-04","2014-06-04","USD","0"
"Home:Rent","2014-06-05","2014-06-05","2014-06-05","USD","0"
"Home:Rent","2014-06-06","2014-06-06","2014-06-06","USD","0"
"Home:Rent","2014-06-07","2014-06-07","2014-06-07","USD","0"
"Home:Rent","2014-06-08","2014-06-08","2014-06-08","USD","0"
"Home:Rent","2014-06-09","2014-06-09","2014-06-09","USD","0"
"Home:Rent","2014-06-10","2014-06-10","2014-06-10","USD","0"
"Home:Rent","2014-06-11","2014-06-11","2014-06-11","USD","0"
"Home:Rent","2014-06-12","2014-06-12","2014-06-12","USD","0"
"Home:Rent","2014-06-13","2014-06-13","2014-06-13","USD","0"
"Home:Rent","2014-06-14","2014-06-14","2014-06-14","USD","0"
"Home:Rent","2014-06-15","2014-06-15","2014-06-15","USD","0"
"Home:Rent","2014-06-16","2014-06-16","2014-06-16","USD","0"
"Home:Rent","2014-06-17","2014-06-17","2014-06-17","USD","0"
"Home:Rent","2014-06-18","2014-06-18","2014-06-18","USD","0"
"Home:Rent","2014-06-19","2014-06-19","2014-06-19","USD","0"
"Home:Rent","2014-06-20","2014-06-20","2014-06-20","USD","0"
"Home:Rent","2014-06-21","2014-06-21","2014-06-21","USD","0"
"Home:Rent","2014-06-22","2014-06-22","2014-06-22","USD","0"
"Home:Rent","2014-06-23","2014-06-23","2014-06-23","USD","0"
"Home:Rent","2014-06-24","2014-06-24","2014-06-24","USD","0"
"Home:Rent","2014-06-25","2014-06-25","2014-06-25","USD","0"
"Home:Rent","2014-06-26","2014-06-26","2014-06-26","USD","0"
"Home:Rent","2014-06-27","2014-06-27","2014-06-27","USD","0"
"Home:Rent","2014-06-28","2014-06-28","2014-06-28","USD","0"
"Home:Rent","2014-06-29","2014-06-29","2014-06-29","USD","0"
"Home:Rent","2014-06-30","2014-06-30","2014-06-30","USD","0"
"Home:Rent","2014-07-01","2014-07-01","2014-07-01","USD","0"
"Home:Rent","2014-07-02","2014-07-02","2014-07-02","USD","0"
"Home:Rent","2014-07-03","2014-07-03","2014-07-03","USD","2400.00"
"Home:Rent","2014-07-04","2014-07-04","2014-07-04","USD","0"
"Home:Rent","2014-07-05","2014-07-05","2014-07-05","USD","0"
"Home:Rent","2014-07-06","2014-07-06","2014-07-06","USD","0"
"Home:Rent","2014-07-07","2014-07-07","2014-07-07","USD","0"
"Home:Rent","2014-07-08","2014-07-08","2014-07-08","USD","0"
"Home:Rent","2014-07-09","2014-07-09","2014-07-09","USD","0"
"Home:Rent","2014-07-10","2014-07-10","2014-07-10","USD","0"
"Home:Rent","2014-07-11","2014-07-11","2014-07-11","USD","0"
"Home:Rent","2014-07-12","2014-07-12","2014-07-12","USD","0"
"Home:Rent","2014-07-13","2014-07-13","2014-07-13","USD","0"
"Home:Rent","2014-07-14","2014-07-14","2014-07-14","USD","0"
"Home:Rent","2014-07-15","2014-07-15","2014-07-15","USD","0"
"Home:Rent","2014-07-16","2014-07-16","2014-07-16","USD","0"
"Home:Rent","2014-07-17","2014-07-17","2014-07-17","USD","0"
"Home:Rent","2014-07-18","2014-07-18","2014-07-18","USD","0"
"Home:Rent","2014-07-19","2014-07-19","2014-07-19","USD","0"
"Home:Rent","2014-07-20","2014-07-20","2014-07-20","USD","0"
"Home:Rent","2014-07-21","2014-07-21","2014-07-21","USD","0"
"Home:Rent","2014-07-22","2014-07-22","2014-07-22","USD","0"
"Home:Rent","2014-07-23","2014-07-23","2014-07-23","USD","0"
"Home:Rent","2014-07-24","2014-07-24","2014-07-24","USD","0"
"Home:Rent","2014-07-25","2014-07-25","2014-07-25","USD","0"
"Home:Rent","2014-07-26","2014-07-26","2014-07-26","USD","0"
"Home:Rent","2014-07-27","2014-07-27","2014-07-27","USD","0"
"Home:Rent","2014-07-28","2014-07-28","2014-07-28","USD","0"
"Home:Rent","2014-07-29","2014-07-29","2014-07-29","USD","0"
"Home:Rent","2014-07-30","2014-07-30","2014-07-30","USD","0"
"Home:Rent","2014-07-31","2014-07-31","2014-07-31","USD","0"
"Home:Rent","2014-08-01","2014-08-01","2014-08-01","USD","0"
"Home:Rent","2014-08-02","2014-08-02","2014-08-02","USD","0"
"Home:Rent","2014-08-03","2014-08-03","2014-08-03","USD","2400.00"
"Home:Rent","2014-08-04","2014-08-04","2014-08-04","USD","0"
"Home:Rent","2014-08-05","2014-08-05","2014-08-05","USD","0"
"Home:Rent","2014-08-06","2014-08-06","2014-08-06","USD","0"
"Home:Rent","2014-08-07","2014-08-07","2014-08-07","USD","0"
"Home:Rent","2014-08-08","2014-08-08","2014-08-08","USD","0"
"Home:Rent","2014-08-09","2014-08-09","2014-08-09","USD","0"
"Home:Rent","2014-08-10","2014-08-10","2014-08-10","USD","0"
"Home:Rent","2014-08-11","2014-08-11","2014-08-11","USD","0"
"Home:Rent","2014-08-12","2014-08-12","2014-08-12","USD","0"
"Home:Rent","2014-08-13","2014-08-13","2014-08-13","USD","0"
"Home:Rent","2014-08-14","2014-08-14","2014-08-14","USD","0"
"Home:Rent","2014-08-15","2014-08-15","2014-08-15","USD","0"
"Home:Rent","2014-08-16","2014-08-16","2014-08-16","USD","0"
"Home:Rent","2014-08-17","2014-08-17","2014-08-17","USD","0"
"Home:Rent","2014-08-18","2014-08-18","2014-08-18","USD","0"
"Home:Rent","2014-08-19","2014-08-19","2014-08-19","USD","0"
"Home:Rent","2014-08-20","2014-08-20","2014-08-20","USD","0"
"Home:Rent","2014-08-21","2014-08-21","2014-08-21","USD","0"
"Home:Rent","2014-08-22","2014-08-22","2014-08-22","USD","0"
"Home:Rent","2014-08-23","2014-08-23","2014-08-23","USD","0"
"Home:Rent","2014-08-24","2014-08-24","2014-08-24","USD","0"
"Home:Rent","2014-08-25","2014-08-25","2014-08-25","USD","0"
"Home:Rent","2014-08-26","2014-08-26","2014-08-26","USD","0"
"Home:Rent","2014-08-27","2014-08-27","2014-08-27","USD","0"
"Home:Rent","2014-08-28","2014-08-28","2014-08-28","USD","0"
"Home:Rent","2014-08-29","2014-08-29","2014-08-29","USD","0"
"Home:Rent","2014-08-30","2014-08-30","2014-08-30","USD","0"
"Home:Rent","2014-08-31","2014-08-31","2014-08-31","USD","0"
"Home:Rent","2014-09-01","2014-09-01","2014-09-01","USD","0"
"Home:Rent","2014-09-02","2014-09-02","2014-09-02","USD","0"
"Home:Rent","2014-09-03","2014-09-03","2014-09-03","USD","2400.00"
"Home:Rent","2014-09-04","2014-09-04","2014-09-04","USD","0"
"Home:Rent","2014-09-05","2014-09-05","2014-09-05","USD","0"
"Home:Rent","2014-09-06","2014-09-06","2014-09-06","USD","0"
"Home:Rent","2014-09-07","2014-09-07","2014-09-07","USD","0"
"Home:Rent","2014-09-08","2014-09-08","2014-09-08","USD","0"
"Home:Rent","2014-09-09","2014-09-09","2014-09-09","USD","0"
"Home:Rent","2014-09-10","2014-09-10","2014-09-10","USD","0"
"Home:Rent","2014-09-11","2014-09-11","2014-09-11","USD","0"
"Home:Rent","2014-09-12","2014-09-12","2014-09-12","USD","0"
"Home:Rent","2014-09-13","2014-09-13","2014-09-13","USD","0"
"Home:Rent","2014-09-14","2014-09-14","2014-09-14","USD","0"
"Home:Rent","2014-09-15","2014-09-15","2014-09-15","USD","0"
"Home:Rent","2014-09-16","2014-09-16","2014-09-16","USD","0"
"Home:Rent","2014-09-17","2014-09-17","2014-09-17","USD","0"
"Home:Rent","2014-09-18","2014-09-18","2014-09-18","USD","0"
"Home:Rent","2014-09-19","2014-09-19","2014-09-19","USD","0"
"Home:Rent","2014-09-20","2014-09-20","2014-09-20","USD","0"
"Home:Rent","2014-09-21","2014-09-21","2014-09-21","USD","0"
"Home:Rent","2014-09-22","2014-09-22","2014-09-22","USD","0"
"Home:Rent","2014-09-23","2014-09-23","2014-09-23","USD","0"
"Home:Rent","2014-09-24","2014-09-24","2014-09-24","USD","0"
"Home:Rent","2014-09-25","2014-09-25","2014-09-25","USD","0"
"Home:Rent","2014-09-26","2014-09-26","2014-09-26","USD","0"
"Home:Rent","2014-09-27","2014-09-27","2014-09-27","USD","0"
"Home:Rent","2014-09-28","2014-09-28","2014-09-28","USD","0"
"Home:Rent","2014-09-29","2014-09-29","2014-09-29","USD","0"
"Home:Rent","2014-09-30","2014-09-30","2014-09-30","USD","0"
"Home:Rent","2014-10-01","2014-10-01","2014-10-01","USD","0"
"Home:Rent","2014-10-02","2014-10-02","2014-10-02","USD","0"
"Home:Rent","2014-10-03","2014-10-03","2014-10-03","USD","0"
"Home:Rent","2014-10-04","2014-10-04","2014-10-04","USD","0"
"Home:Rent","2014-10-05","2014-10-05","2014-10-05","USD","0"
"Home:Rent","2014-10-06","2014-10-06","2014-10-06","USD","0"
"Home:Rent","2014-10-07","2014-10-07","2014-10-07","USD","0"
"Home:Rent","2014-10-08","2014-10-08","2014-10-08","USD","0"
"Home:Rent","2014-10-09","2014-10-09","2014-10-09","USD","0"
"Home:Rent","2014-10-10","2014-10-10","2014-10-10","USD","0"
"Home:Rent","2014-10-11","2014-10-11","2014-10-11","USD","0"
"Transport:Tram","2012-01-03","2012-01-03","2012-01-03","USD","0"
"Transport:Tram","2012-01-04","2012-01-04","2012-01-04","USD","0"
"Transport:Tram","2012-01-05","2012-01-05","2012-01-05","USD","0"
"Transport:Tram","2012-01-06","2012-01-06","2012-01-06","USD","0"
"Transport:Tram","2012-01-07","2012-01-07","2012-01-07","USD","0"
"Transport:Tram","2012-01-08","2012-01-08","2012-01-08","USD","0"
"Transport:Tram","2012-01-09","2012-01-09","2012-01-09","USD","0"
"Transport:Tram","2012-01-10","2012-01-10","2012-01-10","USD","0"
"Transport:Tram","2012-01-11","2012-01-11","2012-01-11","USD","0"
"Transport:Tram","2012-01-12","2012-01-12","2012-01-12","USD","0"
"Transport:Tram","2012-01-13","2012-01-13","2012-01-13","USD","0"
"Transport:Tram","2012-01-14","2012-01-14","2012-01-14","USD","0"
"Transport:Tram","2012-01-15","2012-01-15","2012-01-15","USD","0"
"Transport:Tram","2012-01-16","2012-01-16","2012-01-16","USD","0"
"Transport:Tram","2012-01-17","2012-01-17","2012-01-17","USD","0"
"Transport:Tram","2012-01-18","2012-01-18","2012-01-18","USD","0"
"Transport:Tram","2012-01-19","2012-01-19","2012-01-19","USD","0"
"Transport:Tram","2012-01-20","2012-01-20","2012-01-20","USD","0"
"Transport:Tram","2012-01-21","2012-01-21","2012-01-21","USD","0"
"Transport:Tram","2012-01-22","2012-01-22","2012-01-22","USD","0"
"Transport:Tram","2012-01-23","2012-01-23","2012-01-23","USD","0"
"Transport:Tram","2012-01-24","2012-01-24","2012-01-24","USD","0"
"Transport:Tram","2012-01-25","2012-01-25","2012-01-25","USD","0"
"Transport:Tram","2012-01-26","2012-01-26","2012-01-26","USD","0"
"Transport:Tram","2012-01-27","2012-01-27","2012-01-27","USD","0"
"Transport:Tram","2012-01-28","2012-01-28","2012-01-28","USD","0"
"Transport:Tram","2012-01-29","2012-01-29","2012-01-29","USD","120.00"
"Transport:Tram","2012-01-30","2012-01-30","2012-01-30","USD","0"
"Transport:Tram","2012-01-31","2012-01-31","2012-01-31","USD","0"
"Transport:Tram","2012-02-01","2012-02-01","2012-02-01","USD","0"
"Transport:Tram","2012-02-02","2012-02-02","2012-02-02","USD","0"
"Transport:Tram","2012-02-03","2012-02-03","2012-02-03","USD","0"
"Transport:Tram","2012-02-04","2012-02-04","2012-02-04","USD","0"
"Transport:Tram","2012-02-05","2012-02-05","2012-02-05","USD","0"
"Transport:Tram","2012-02-06","2012-02-06","2012-02-06","USD","0"
"Transport:Tram","2012-02-07","2012-02-07","2012-02-07","USD","0"
"Transport:Tram","2012-02-08","2012-02-08","2012-02-08","USD","0"
"Transport:Tram","2012-02-09","2012-02-09","2012-02-09","USD","0"
"Transport:Tram","2012-02-10","2012-02-10","2012-02-10","USD","0"
"Transport:Tram","2012-02-11","2012-02-11","2012-02-11","USD","0"
"Transport:Tram","2012-02-12","2012-02-12","2012-02-12","USD","0"
"Transport:Tram","2012-02-13","2012-02-13","2012-02-13","USD","0"
"Transport:Tram","2012-02-14","2012-02-14","2012-02-14","USD","0"
"Transport:Tram","2012-02-15","2012-02-15","2012-02-15","USD","0"
"Transport:Tram","2012-02-16","2012-02-16","2012-02-16","USD","0"
"Transport:Tram","2012-02-17","2012-02-17","2012-02-17","USD","0"
"Transport:Tram","2012-02-18","2012-02-18","2012-02-18","USD","0"
"Transport:Tram","2012-02-19","2012-02-19","2012-02-19","USD","0"
"Transport:Tram","2012-02-20","2012-02-20","2012-02-20","USD","0"
"Transport:Tram","2012-02-21","2012-02-21","2012-02-21","USD","0"
"Transport:Tram","2012-02-22","2012-02-22","2012-02-22","USD","0"
"Transport:Tram","2012-02-23","2012-02-23","2012-02-23","USD","0"
"Transport:Tram","2012-02-24","2012-02-24","2012-02-24","USD","0"
"Transport:Tram","2012-02-25","2012-02-25","2012-02-25","USD","0"
"Transport:Tram","2012-02-26","2012-02-26","2012-02-26","USD","0"
"Transport:Tram","2012-02-27","2012-02-27","2012-02-27","USD","0"
"Transport:Tram","2012-02-28","2012-02-28","2012-02-28","USD","120.00"
"Transport:Tram","2012-02-29","2012-02-29","2012-02-29","USD","0"
"Transport:Tram","2012-03-01","2012-03-01","2012-03-01","USD","0"
"Transport:Tram","2012-03-02","2012-03-02","2012-03-02","USD","0"
"Transport:Tram","2012-03-03","2012-03-03","2012-03-03","USD","0"
"Transport:Tram","2012-03-04","2012-03-04","2012-03-04","USD","0"
"Transport:Tram","2012-03-05","2012-03-05","2012-03-05","USD","0"
"Transport:Tram","2012-03-06","2012-03-06","2012-03-06","USD","0"
"Transport:Tram","2012-03-07","2012-03-07","2012-03-07","USD","0"
"Transport:Tram","2012-03-08","2012-03-08","2012-03-08","USD","0"
"Transport:Tram","2012-03-09","2012-03-09","2012-03-09","USD","0"
"Transport:Tram","2012-03-10","2012-03-10","2012-03-10","USD","0"
"Transport:Tram","2012-03-11","2012-03-11","2012-03-11","USD","0"
"Transport:Tram","2012-03-12","2012-03-12","2012-03-12","USD","0"
"Transport:Tram","2012-03-13","2012-03-13","2012-03-13","USD","0"
"Transport:Tram","2012-03-14","2012-03-14","2012-03-14","USD","0"
"Transport:Tram","2012-03-15","2012-03-15","2012-03-15","USD","0"
"Transport:Tram","2012-03-16","2012-03-16","2012-03-16","USD","0"
"Transport:Tram","2012-03-17","2012-03-17","2012-03-17","USD","0"
"Transport:Tram","2012-03-18","2012-03-18","2012-03-18","USD","0"
"Transport:Tram","2012-03-19","2012-03-19","2012-03-19","USD","0"
"Transport:Tram","2012-03-20","2012-03-20","2012-03-20","USD","0"
"Transport:Tram","2012-03-21","2012-03-21","2012-03-21","USD","0"
"Transport:Tram","2012-03-22","2012-03-22","2012-03-22","USD","0"
"Transport:Tram","2012-03-23","2012-03-23","2012-03-23","USD","0"
"Transport:Tram","2012-03-24","2012-03-24","2012-03-24","USD","0"
"Transport:Tram","2012-03-25","2012-03-25","2012-03-25","USD","0"
"Transport:Tram","2012-03-26","2012-03-26","2012-03-26","USD","0"
"Transport:Tram","2012-03-27","2012-03-27","2012-03-27","USD","0"
"Transport:Tram","2012-03-28","2012-03-28","2012-03-28","USD","120.00"
"Transport:Tram","2012-03-29","2012-03-29","2012-03-29","USD","0"
"Transport:Tram","2012-03-30","2012-03-30","2012-03-30","USD","0"
"Transport:Tram","2012-03-31","2012-03-31","2012-03-31","USD","0"
"Transport:Tram","2012-04-01","2012-04-01","2012-04-01","USD","0"
"Transport:Tram","2012-04-02","2012-04-02","2012-04-02","USD","0"
"Transport:Tram","2012-04-03","2012-04-03","2012-04-03","USD","0"
"Transport:Tram","2012-04-04","2012-04-04","2012-04-04","USD","0"
"Transport:Tram","2012-04-05","2012-04-05","2012-04-05","USD","0"
"Transport:Tram","2012-04-06","2012-04-06","2012-04-06","USD","0"
"Transport:Tram","2012-04-07","2012-04-07","2012-04-07","USD","0"
"Transport:Tram","2012-04-08","2012-04-08","2012-04-08","USD","0"
"Transport:Tram","2012-04-09","2012-04-09","2012-04-09","USD","0"
"Transport:Tram","2012-04-10","2012-04-10","2012-04-10","USD","0"
"Transport:Tram","2012-04-11","2012-04-11","2012-04-11","USD","0"
"Transport:Tram","2012-04-12","2012-04-12","2012-04-12","USD","0"
"Transport:Tram","2012-04-13","2012-04-13","2012-04-13","USD","0"
"Transport:Tram","2012-04-14","2012-04-14","2012-04-14","USD","0"
"Transport:Tram","2012-04-15","2012-04-15","2012-04-15","USD","0"
"Transport:Tram","2012-04-16","2012-04-16","2012-04-16","USD","0"
"Transport:Tram","2012-04-17","2012-04-17","2012-04-17","USD","0"
"Transport:Tram","2012-04-18","2012-04-18","2012-04-18","USD","0"
"Transport:Tram","2012-04-19","2012-04-19","2012-04-19","USD","0"
"Transport:Tram","2012-04-20","2012-04-20","2012-04-20","USD","0"
"Transport:Tram","2012-04-21","2012-04-21","2012-04-21","USD","0"
"Transport:Tram","2012-04-22","2012-04-22","2012-04-22","USD","0"
"Transport:Tram","2012-04-23","2012-04-23","2012-04-23","USD","0"
"Transport:Tram","2012-04-24","2012-04-24","2012-04-24","USD","120.00"
"Transport:Tram","2012-04-25","2012-04-25","2012-04-25","USD","0"
"Transport:Tram","2012-04-26","2012-04-26","2012-04-26","USD","0"
"Transport:Tram","2012-04-27","2012-04-27","2012-04-27","USD","0"
"Transport:Tram","2012-04-28","2012-04-28","2012-04-28","USD","0"
"Transport:Tram","2012-04-29","2012-04-29","2012-04-29","USD","0"
"Transport:Tram","2012-04-30","2012-04-30","2012-04-30","USD","0"
"Transport:Tram","2012-05-01","2012-05-01","2012-05-01","USD","0"
"Transport:Tram","2012-05-02","2012-05-02","2012-05-02","USD","0"
"Transport:Tram","2012-05-03","2012-05-03","2012-05-03","USD","0"
"Transport:Tram","2012-05-04","2012-05-04","2012-05-04","USD","0"
"Transport:Tram","2012-05-05","2012-05-05","2012-05-05","USD","0"
"Transport:Tram","2012-05-06","2012-05-06","2012-05-06","USD","0"
"Transport:Tram","2012-05-07","2012-05-07","2012-05-07","USD","0"
"Transport:Tram","2012-05-08","2012-05-08","2012-05-08","USD","0"
"Transport:Tram","2012-05-09","2012-05-09","2012-05-09","USD","0"
"Transport:Tram","2012-05-10","2012-05-10","2012-05-10","USD","0"
"Transport:Tram","2012-05-11","2012-05-11","2012-05-11","USD","0"
"Transport:Tram","2012-05-12","2012-05-12","2012-05-12","USD","0"
"Transport:Tram","2012-05-13","2012-05-13","2012-05-13","USD","0"
"Transport:Tram","2012-05-14","2012-05-14","2012-05-14","USD","0"
"Transport:Tram","2012-05-15","2012-05-15","2012-05-15","USD","0"
"Transport:Tram","2012-05-16","2012-05-16","2012-05-16","USD","0"
"Transport:Tram","2012-05-17","2012-05-17","2012-05-17","USD","0"
"Transport:Tram","2012-05-18","2012-05-18","2012-05-18","USD","0"
"Transport:Tram","2012-05-19","2012-05-19","2012-05-19","USD","0"
"Transport:Tram","2012-05-20","2012-05-20","2012-05-20","USD","0"
"Transport:Tram","2012-05-21","2012-05-21","2012-05-21","USD","0"
"Transport:Tram","2012-05-22","2012-05-22","2012-05-22","USD","0"
"Transport:Tram","2012-05-23","2012-05-23","2012-05-23","USD","120.00"
"Transport:Tram","2012-05-24","2012-05-24","2012-05-24","USD","0"
"Transport:Tram","2012-05-25","2012-05-25","2012-05-25","USD","0"
"Transport:Tram","2012-05-26","2012-05-26","2012-05-26","USD","0"
"Transport:Tram","2012-05-27","2012-05-27","2012-05-27","USD","0"
"Transport:Tram","2012-05-28","2012-05-28","2012-05-28","USD","0"
"Transport:Tram","2012-05-29","2012-05-29","2012-05-29","USD","0"
"Transport:Tram","2012-05-30","2012-05-30","2012-05-30","USD","0"
"Transport:Tram","2012-05-31","2012-05-31","2012-05-31","USD","0"
"Transport:Tram","2012-06-01","2012-06-01","2012-06-01","USD","0"
"Transport:Tram","2012-06-02","2012-06-02","2012-06-02","USD","0"
"Transport:Tram","2012-06-03","2012-06-03","2012-06-03","USD","0"
"Transport:Tram","2012-06-04","2012-06-04","2012-06-04","USD","0"
"Transport:Tram","2012-06-05","2012-06-05","2012-06-05","USD","0"
"Transport:Tram","2012-06-06","2012-06-06","2012-06-06","USD","0"
"Transport:Tram","2012-06-07","2012-06-07","2012-06-07","USD","0"
"Transport:Tram","2012-06-08","2012-06-08","2012-06-08","USD","0"
"Transport:Tram","2012-06-09","2012-06-09","2012-06-09","USD","0"
"Transport:Tram","2012-06-10","2012-06-10","2012-06-10","USD","0"
"Transport:Tram","2012-06-11","2012-06-11","2012-06-11","USD","0"
"Transport:Tram","2012-06-12","2012-06-12","2012-06-12","USD","0"
"Transport:Tram","2012-06-13","2012-06-13","2012-06-13","USD","0"
"Transport:Tram","2012-06-14","2012-06-14","2012-06-14","USD","0"
"Transport:Tram","2012-06-15","2012-06-15","2012-06-15","USD","0"
"Transport:Tram","2012-06-16","2012-06-16","2012-06-16","USD","0"
"Transport:Tram","2012-06-17","2012-06-17","2012-06-17","USD","0"
"Transport:Tram","2012-06-18","2012-06-18","2012-06-18","USD","0"
"Transport:Tram","2012-06-19","2012-06-19","2012-06-19","USD","120.00"
"Transport:Tram","2012-06-20","2012-06-20","2012-06-20","USD","0"
"Transport:Tram","2012-06-21","2012-06-21","2012-06-21","USD","0"
"Transport:Tram","2012-06-22","2012-06-22","2012-06-22","USD","0"
"Transport:Tram","2012-06-23","2012-06-23","2012-06-23","USD","0"
"Transport:Tram","2012-06-24","2012-06-24","2012-06-24","USD","0"
"Transport:Tram","2012-06-25","2012-06-25","2012-06-25","USD","0"
"Transport:Tram","2012-06-26","2012-06-26","2012-06-26","USD","0"
"Transport:Tram","2012-06-27","2012-06-27","2012-06-27","USD","0"
"Transport:Tram","2012-06-28","2012-06-28","2012-06-28","USD","0"
"Transport:Tram","2012-06-29","2012-06-29","2012-06-29","USD","0"
"Transport:Tram","2012-06-30","2012-06-30","2012-06-30","USD","0"
"Transport:Tram","2012-07-01","2012-07-01","2012-07-01","USD","0"
"Transport:Tram","2012-07-02","2012-07-02","2012-07-02","USD","0"
"Transport:Tram","2012-07-03","2012-07-03","2012-07-03","USD","0"
"Transport:Tram","2012-07-04","2012-07-04","2012-07-04","USD","0"
"Transport:Tram","2012-07-05","2012-07-05","2012-07-05","USD","0"
"Transport:Tram","2012-07-06","2012-07-06","2012-07-06","USD","0"
"Transport:Tram","2012-07-07","2012-07-07","2012-07-07","USD","0"
"Transport:Tram","2012-07-08","2012-07-08","2012-07-08","USD","0"
"Transport:Tram","2012-07-09","2012-07-09","2012-07-09","USD","0"
"Transport:Tram","2012-07-10","2012-07-10","2012-07-10","USD","0"
"Transport:Tram","2012-07-11","2012-07-11","2012-07-11","USD","0"
"Transport:Tram","2012-07-12","2012-07-12","2012-07-12","USD","0"
"Transport:Tram","2012-07-13","2012-07-13","2012-07-13","USD","0"
"Transport:Tram","2012-07-14","2012-07-14","2012-07-14","USD","0"
"Transport:Tram","2012-07-15","2012-07-15","2012-07-15","USD","0"
"Transport:Tram","2012-07-16","2012-07-16","2012-07-16","USD","120.00"
"Transport:Tram","2012-07-17","2012-07-17","2012-07-17","USD","0"
"Transport:Tram","2012-07-18","2012-07-18","2012-07-18","USD","0"
"Transport:Tram","2012-07-19","2012-07-19","2012-07-19","USD","0"
"Transport:Tram","2012-07-20","2012-07-20","2012-07-20","USD","0"
"Transport:Tram","2012-07-21","2012-07-21","2012-07-21","USD","0"
"Transport:Tram","2012-07-22","2012-07-22","2012-07-22","USD","0"
"Transport:Tram","2012-07-23","2012-07-23","2012-07-23","USD","0"
"Transport:Tram","2012-07-24","2012-07-24","2012-07-24","USD","0"
"Transport:Tram","2012-07-25","2012-07-25","2012-07-25","USD","0"
"Transport:Tram","2012-07-26","2012-07-26","2012-07-26","USD","0"
"Transport:Tram","2012-07-27","2012-07-27","2012-07-27","USD","0"
"Transport:Tram","2012-07-28","2012-07-28","2012-07-28","USD","0"
"Transport:Tram","2012-07-29","2012-07-29","2012-07-29","USD","0"
"Transport:Tram","2012-07-30","2012-07-30","2012-07-30","USD","0"
"Transport:Tram","2012-07-31","2012-07-31","2012-07-31","USD","0"
"Transport:Tram","2012-08-01","2012-08-01","2012-08-01","USD","0"
"Transport:Tram","2012-08-02","2012-08-02","2012-08-02","USD","0"
"Transport:Tram","2012-08-03","2012-08-03","2012-08-03","USD","0"
"Transport:Tram","2012-08-04","2012-08-04","2012-08-04","USD","0"
"Transport:Tram","2012-08-05","2012-08-05","2012-08-05","USD","0"
"Transport:Tram","2012-08-06","2012-08-06","2012-08-06","USD","0"
"Transport:Tram","2012-08-07","2012-08-07","2012-08-07","USD","0"
"Transport:Tram","2012-08-08","2012-08-08","2012-08-08","USD","0"
"Transport:Tram","2012-08-09","2012-08-09","2012-08-09","USD","0"
"Transport:Tram","2012-08-10","2012-08-10","2012-08-10","USD","0"
"Transport:Tram","2012-08-11","2012-08-11","2012-08-11","USD","0"
"Transport:Tram","2012-08-12","2012-08-12","2012-08-12","USD","0"
"Transport:Tram","2012-08-13","2012-08-13","2012-08-13","USD","0"
"Transport:Tram","2012-08-14","2012-08-14","2012-08-14","USD","0"
"Transport:Tram","2012-08-15","2012-08-15","2012-08-15","USD","0"
"Transport:Tram","2012-08-16","2012-08-16","2012-08-16","USD","120.00"
"Transport:Tram","2012-08-17","2012-08-17","2012-08-17","USD","0"
"Transport:Tram","2012-08-18","2012-08-18","2012-08-18","USD","0"
"Transport:Tram","2012-08-19","2012-08-19","2012-08-19","USD","0"
"Transport:Tram","2012-08-20","2012-08-20","2012-08-20","USD","0"
"Transport:Tram","2012-08-21","2012-08-21","2012-08-21","USD","0"
"Transport:Tram","2012-08-22","2012-08-22","2012-08-22","USD","0"
"Transport:Tram","2012-08-23","2012-08-23","2012-08-23","USD","0"
"Transport:Tram","2012-08-24","2012-08-24","2012-08-24","USD","0"
"Transport:Tram","2012-08-25","2012-08-25","2012-08-25","USD","0"
"Transport:Tram","2012-08-26","2012-08-26","2012-08-26","USD","0"
"Transport:Tram","2012-08-27","2012-08-27","2012-08-27","USD","0"
"Transport:Tram","2012-08-28","2012-08-28","2012-08-28","USD","0"
"Transport:Tram","2012-08-29","2012-08-29","2012-08-29","USD","0"
"Transport:Tram","2012-08-30","2012-08-30","2012-08-30","USD","0"
"Transport:Tram","2012-08-31","2012-08-31","2012-08-31","USD","0"
"Transport:Tram","2012-09-01","2012-09-01","2012-09-01","USD","0"
"Transport:Tram","2012-09-02","2012-09-02","2012-09-02","USD","0"
"Transport:Tram","2012-09-03","2012-09-03","2012-09-03","USD","0"
"Transport:Tram","2012-09-04","2012-09-04","2012-09-04","USD","0"
"Transport:Tram","2012-09-05","2012-09-05","2012-09-05","USD","0"
"Transport:Tram","2012-09-06","2012-09-06","2012-09-06","USD","0"
"Transport:Tram","2012-09-07","2012-09-07","2012-09-07","USD","0"
"Transport:Tram","2012-09-08","2012-09-08","2012-09-08","USD","0"
"Transport:Tram","2012-09-09","2012-09-09","2012-09-09","USD","0"
"Transport:Tram","2012-09-10","2012-09-10","2012-09-10","USD","0"
"Transport:Tram","2012-09-11","2012-09-11","2012-09-11","USD","0"
"Transport:Tram","2012-09-12","2012-09-12","2012-09-12","USD","0"
"Transport:Tram","2012-09-13","2012-09-13","2012-09-13","USD","0"
"Transport:Tram","2012-09-14","2012-09-14","2012-09-14","USD","0"
"Transport:Tram","2012-09-15","2012-09-15","2012-09-15","USD","0"
"Transport:Tram","2012-09-16","2012-09-16","2012-09-16","USD","0"
"Transport:Tram","2012-09-17","2012-09-17","2012-09-17","USD","120.00"
"Transport:Tram","2012-09-18","2012-09-18","2012-09-18","USD","0"
"Transport:Tram","2012-09-19","2012-09-19","2012-09-19","USD","0"
"Transport:Tram","2012-09-20","2012-09-20","2012-09-20","USD","0"
"Transport:Tram","2012-09-21","2012-09-21","2012-09-21","USD","0"
"Transport:Tram","2012-09-22","2012-09-22","2012-09-22","USD","0"
"Transport:Tram","2012-09-23","2012-09-23","2012-09-23","USD","0"
"Transport:Tram","2012-09-24","2012-09-24","2012-09-24","USD","0"
"Transport:Tram","2012-09-25","2012-09-25","2012-09-25","USD","0"
"Transport:Tram","2012-09-26","2012-09-26","2012-09-26","USD","0"
"Transport:Tram","2012-09-27","2012-09-27","2012-09-27","USD","0"
"Transport:Tram","2012-09-28","2012-09-28","2012-09-28","USD","0"
"Transport:Tram","2012-09-29","2012-09-29","2012-09-29","USD","0"
"Transport:Tram","2012-09-30","2012-09-30","2012-09-30","USD","0"
"Transport:Tram","2012-10-01","2012-10-01","2012-10-01","USD","0"
"Transport:Tram","2012-10-02","2012-10-02","2012-10-02","USD","0"
"Transport:Tram","2012-10-03","2012-10-03","2012-10-03","USD","0"
"Transport:Tram","2012-10-04","2012-10-04","2012-10-04","USD","0"
"Transport:Tram","2012-10-05","2012-10-05","2012-10-05","USD","0"
"Transport:Tram","2012-10-06","2012-10-06","2012-10-06","USD","0"
"Transport:Tram","2012-10-07","2012-10-07","2012-10-07","USD","0"
"Transport:Tram","2012-10-08","2012-10-08","2012-10-08","USD","0"
"Transport:Tram","2012-10-09","2012-10-09","2012-10-09","USD","0"
"Transport:Tram","2012-10-10","2012-10-10","2012-10-10","USD","0"
"Transport:Tram","2012-10-11","2012-10-11","2012-10-11","USD","0"
"Transport:Tram","2012-10-12","2012-10-12","2012-10-12","USD","0"
"Transport:Tram","2012-10-13","2012-10-13","2012-10-13","USD","0"
"Transport:Tram","2012-10-14","2012-10-14","2012-10-14","USD","120.00"
"Transport:Tram","2012-10-15","2012-10-15","2012-10-15","USD","0"
"Transport:Tram","2012-10-16","2012-10-16","2012-10-16","USD","0"
"Transport:Tram","2012-10-17","2012-10-17","2012-10-17","USD","0"
"Transport:Tram","2012-10-18","2012-10-18","2012-10-18","USD","0"
"Transport:Tram","2012-10-19","2012-10-19","2012-10-19","USD","0"
"Transport:Tram","2012-10-20","2012-10-20","2012-10-20","USD","0"
"Transport:Tram","2012-10-21","2012-10-21","2012-10-21","USD","0"
"Transport:Tram","2012-10-22","2012-10-22","2012-10-22","USD","0"
"Transport:Tram","2012-10-23","2012-10-23","2012-10-23","USD","0"
"Transport:Tram","2012-10-24","2012-10-24","2012-10-24","USD","0"
"Transport:Tram","2012-10-25","2012-10-25","2012-10-25","USD","0"
"Transport:Tram","2012-10-26","2012-10-26","2012-10-26","USD","0"
"Transport:Tram","2012-10-27","2012-10-27","2012-10-27","USD","0"
"Transport:Tram","2012-10-28","2012-10-28","2012-10-28","USD","0"
"Transport:Tram","2012-10-29","2012-10-29","2012-10-29","USD","0"
"Transport:Tram","2012-10-30","2012-10-30","2012-10-30","USD","0"
"Transport:Tram","2012-10-31","2012-10-31","2012-10-31","USD","0"
"Transport:Tram","2012-11-01","2012-11-01","2012-11-01","USD","0"
"Transport:Tram","2012-11-02","2012-11-02","2012-11-02","USD","0"
"Transport:Tram","2012-11-03","2012-11-03","2012-11-03","USD","0"
"Transport:Tram","2012-11-04","2012-11-04","2012-11-04","USD","0"
"Transport:Tram","2012-11-05","2012-11-05","2012-11-05","USD","0"
"Transport:Tram","2012-11-06","2012-11-06","2012-11-06","USD","0"
"Transport:Tram","2012-11-07","2012-11-07","2012-11-07","USD","0"
"Transport:Tram","2012-11-08","2012-11-08","2012-11-08","USD","0"
"Transport:Tram","2012-11-09","2012-11-09","2012-11-09","USD","0"
"Transport:Tram","2012-11-10","2012-11-10","2012-11-10","USD","0"
"Transport:Tram","2012-11-11","2012-11-11","2012-11-11","USD","0"
"Transport:Tram","2012-11-12","2012-11-12","2012-11-12","USD","0"
"Transport:Tram","2012-11-13","2012-11-13","2012-11-13","USD","0"
"Transport:Tram","2012-11-14","2012-11-14","2012-11-14","USD","0"
"Transport:Tram","2012-11-15","2012-11-15","2012-11-15","USD","0"
"Transport:Tram","2012-11-16","2012-11-16","2012-11-16","USD","0"
"Transport:Tram","2012-11-17","2012-11-17","2012-11-17","USD","0"
"Transport:Tram","2012-11-18","2012-11-18","2012-11-18","USD","0"
"Transport:Tram","2012-11-19","2012-11-19","2012-11-19","USD","0"
"Transport:Tram","2012-11-20","2012-11-20","2012-11-20","USD","0"
"Transport:Tram","2012-11-21","2012-11-21","2012-11-21","USD","0"
"Transport:Tram","2012-11-22","2012-11-22","2012-11-22","USD","0"
"Transport:Tram","2012-11-23","2012-11-23","2012-11-23","USD","0"
"Transport:Tram","2012-11-24","2012-11-24","2012-11-24","USD","0"
"Transport:Tram","2012-11-25","2012-11-25","2012-11-25","USD","0"
"Transport:Tram","2012-11-26","2012-11-26","2012-11-26","USD","0"
"Transport:Tram","2012-11-27","2012-11-27","2012-11-27","USD","0"
"Transport:Tram","2012-11-28","2012-11-28","2012-11-28","USD","0"
"Transport:Tram","2012-11-29","2012-11-29","2012-11-29","USD","0"
"Transport:Tram","2012-11-30","2012-11-30","2012-11-30","USD","0"
"Transport:Tram","2012-12-01","2012-12-01","2012-12-01","USD","0"
"Transport:Tram","2012-12-02","2012-12-02","2012-12-02","USD","0"
"Transport:Tram","2012-12-03","2012-12-03","2012-12-03","USD","0"
"Transport:Tram","2012-12-04","2012-12-04","2012-12-04","USD","0"
"Transport:Tram","2012-12-05","2012-12-05","2012-12-05","USD","0"
"Transport:Tram","2012-12-06","2012-12-06","2012-12-06","USD","0"
"Transport:Tram","2012-12-07","2012-12-07","2012-12-07","USD","0"
"Transport:Tram","2012-12-08","2012-12-08","2012-12-08","USD","0"
"Transport:Tram","2012-12-09","2012-12-09","2012-12-09","USD","0"
"Transport:Tram","2012-12-10","2012-12-10","2012-12-10","USD","0"
"Transport:Tram","2012-12-11","2012-12-11","2012-12-11","USD","0"
"Transport:Tram","2012-12-12","2012-12-12","2012-12-12","USD","0"
"Transport:Tram","2012-12-13","2012-12-13","2012-12-13","USD","0"
"Transport:Tram","2012-12-14","2012-12-14","2012-12-14","USD","120.00"
"Transport:Tram","2012-12-15","2012-12-15","2012-12-15","USD","0"
"Transport:Tram","2012-12-16","2012-12-16","2012-12-16","USD","0"
"Transport:Tram","2012-12-17","2012-12-17","2012-12-17","USD","0"
"Transport:Tram","2012-12-18","2012-12-18","2012-12-18","USD","0"
"Transport:Tram","2012-12-19","2012-12-19","2012-12-19","USD","0"
"Transport:Tram","2012-12-20","2012-12-20","2012-12-20","USD","0"
"Transport:Tram","2012-12-21","2012-12-21","2012-12-21","USD","0"
"Transport:Tram","2012-12-22","2012-12-22","2012-12-22","USD","0"
"Transport:Tram","2012-12-23","2012-12-23","2012-12-23","USD","0"
"Transport:Tram","2012-12-24","2012-12-24","2012-12-24","USD","0"
"Transport:Tram","2012-12-25","2012-12-25","2012-12-25","USD","0"
"Transport:Tram","2012-12-26","2012-12-26","2012-12-26","USD","0"
"Transport:Tram","2012-12-27","2012-12-27","2012-12-27","USD","0"
"Transport:Tram","2012-12-28","2012-12-28","2012-12-28","USD","0"
"Transport:Tram","2012-12-29","2012-12-29","2012-12-29","USD","0"
"Transport:Tram","2012-12-30","2012-12-30","2012-12-30","USD","0"
"Transport:Tram","2012-12-31","2012-12-31","2012-12-31","USD","0"
"Transport:Tram","2013-01-01","2013-01-01","2013-01-01","USD","0"
"Transport:Tram","2013-01-02","2013-01-02","2013-01-02","USD","0"
"Transport:Tram","2013-01-03","2013-01-03","2013-01-03","USD","0"
"Transport:Tram","2013-01-04","2013-01-04","2013-01-04","USD","0"
"Transport:Tram","2013-01-05","2013-01-05","2013-01-05","USD","0"
"Transport:Tram","2013-01-06","2013-01-06","2013-01-06","USD","0"
"Transport:Tram","2013-01-07","2013-01-07","2013-01-07","USD","0"
"Transport:Tram","2013-01-08","2013-01-08","2013-01-08","USD","0"
"Transport:Tram","2013-01-09","2013-01-09","2013-01-09","USD","0"
"Transport:Tram","2013-01-10","2013-01-10","2013-01-10","USD","0"
"Transport:Tram","2013-01-11","2013-01-11","2013-01-11","USD","0"
"Transport:Tram","2013-01-12","2013-01-12","2013-01-12","USD","120.00"
"Transport:Tram","2013-01-13","2013-01-13","2013-01-13","USD","0"
"Transport:Tram","2013-01-14","2013-01-14","2013-01-14","USD","0"
"Transport:Tram","2013-01-15","2013-01-15","2013-01-15","USD","0"
"Transport:Tram","2013-01-16","2013-01-16","2013-01-16","USD","0"
"Transport:Tram","2013-01-17","2013-01-17","2013-01-17","USD","0"
"Transport:Tram","2013-01-18","2013-01-18","2013-01-18","USD","0"
"Transport:Tram","2013-01-19","2013-01-19","2013-01-19","USD","0"
"Transport:Tram","2013-01-20","2013-01-20","2013-01-20","USD","0"
"Transport:Tram","2013-01-21","2013-01-21","2013-01-21","USD","0"
"Transport:Tram","2013-01-22","2013-01-22","2013-01-22","USD","0"
"Transport:Tram","2013-01-23","2013-01-23","2013-01-23","USD","0"
"Transport:Tram","2013-01-24","2013-01-24","2013-01-24","USD","0"
"Transport:Tram","2013-01-25","2013-01-25","2013-01-25","USD","0"
"Transport:Tram","2013-01-26","2013-01-26","2013-01-26","USD","0"
"Transport:Tram","2013-01-27","2013-01-27","2013-01-27","USD","0"
"Transport:Tram","2013-01-28","2013-01-28","2013-01-28","USD","0"
"Transport:Tram","2013-01-29","2013-01-29","2013-01-29","USD","0"
"Transport:Tram","2013-01-30","2013-01-30","2013-01-30","USD","0"
"Transport:Tram","2013-01-31","2013-01-31","2013-01-31","USD","0"
"Transport:Tram","2013-02-01","2013-02-01","2013-02-01","USD","0"
"Transport:Tram","2013-02-02","2013-02-02","2013-02-02","USD","0"
"Transport:Tram","2013-02-03","2013-02-03","2013-02-03","USD","0"
"Transport:Tram","2013-02-04","2013-02-04","2013-02-04","USD","0"
"Transport:Tram","2013-02-05","2013-02-05","2013-02-05","USD","0"
"Transport:Tram","2013-02-06","2013-02-06","2013-02-06","USD","0"
"Transport:Tram","2013-02-07","2013-02-07","2013-02-07","USD","0"
"Transport:Tram","2013-02-08","2013-02-08","2013-02-08","USD","0"
"Transport:Tram","2013-02-09","2013-02-09","2013-02-09","USD","0"
"Transport:Tram","2013-02-10","2013-02-10","2013-02-10","USD","0"
"Transport:Tram","2013-02-11","2013-02-11","2013-02-11","USD","0"
"Transport:Tram","2013-02-12","2013-02-12","2013-02-12","USD","120.00"
"Transport:Tram","2013-02-13","2013-02-13","2013-02-13","USD","0"
"Transport:Tram","2013-02-14","2013-02-14","2013-02-14","USD","0"
"Transport:Tram","2013-02-15","2013-02-15","2013-02-15","USD","0"
"Transport:Tram","2013-02-16","2013-02-16","2013-02-16","USD","0"
"Transport:Tram","2013-02-17","2013-02-17","2013-02-17","USD","0"
"Transport:Tram","2013-02-18","2013-02-18","2013-02-18","USD","0"
"Transport:Tram","2013-02-19","2013-02-19","2013-02-19","USD","0"
"Transport:Tram","2013-02-20","2013-02-20","2013-02-20","USD","0"
"Transport:Tram","2013-02-21","2013-02-21","2013-02-21","USD","0"
"Transport:Tram","2013-02-22","2013-02-22","2013-02-22","USD","0"
"Transport:Tram","2013-02-23","2013-02-23","2013-02-23","USD","0"
"Transport:Tram","2013-02-24","2013-02-24","2013-02-24","USD","0"
"Transport:Tram","2013-02-25","2013-02-25","2013-02-25","USD","0"
"Transport:Tram","2013-02-26","2013-02-26","2013-02-26","USD","0"
"Transport:Tram","2013-02-27","2013-02-27","2013-02-27","USD","0"
"Transport:Tram","2013-02-28","2013-02-28","2013-02-28","USD","0"
"Transport:Tram","2013-03-01","2013-03-01","2013-03-01","USD","0"
"Transport:Tram","2013-03-02","2013-03-02","2013-03-02","USD","0"
"Transport:Tram","2013-03-03","2013-03-03","2013-03-03","USD","0"
"Transport:Tram","2013-03-04","2013-03-04","2013-03-04","USD","0"
"Transport:Tram","2013-03-05","2013-03-05","2013-03-05","USD","0"
"Transport:Tram","2013-03-06","2013-03-06","2013-03-06","USD","0"
"Transport:Tram","2013-03-07","2013-03-07","2013-03-07","USD","0"
"Transport:Tram","2013-03-08","2013-03-08","2013-03-08","USD","0"
"Transport:Tram","2013-03-09","2013-03-09","2013-03-09","USD","0"
"Transport:Tram","2013-03-10","2013-03-10","2013-03-10","USD","0"
"Transport:Tram","2013-03-11","2013-03-11","2013-03-11","USD","0"
"Transport:Tram","2013-03-12","2013-03-12","2013-03-12","USD","0"
"Transport:Tram","2013-03-13","2013-03-13","2013-03-13","USD","120.00"
"Transport:Tram","2013-03-14","2013-03-14","2013-03-14","USD","0"
"Transport:Tram","2013-03-15","2013-03-15","2013-03-15","USD","0"
"Transport:Tram","2013-03-16","2013-03-16","2013-03-16","USD","0"
"Transport:Tram","2013-03-17","2013-03-17","2013-03-17","USD","0"
"Transport:Tram","2013-03-18","2013-03-18","2013-03-18","USD","0"
"Transport:Tram","2013-03-19","2013-03-19","2013-03-19","USD","0"
"Transport:Tram","2013-03-20","2013-03-20","2013-03-20","USD","0"
"Transport:Tram","2013-03-21","2013-03-21","2013-03-21","USD","0"
"Transport:Tram","2013-03-22","2013-03-22","2013-03-22","USD","0"
"Transport:Tram","2013-03-23","2013-03-23","2013-03-23","USD","0"
"Transport:Tram","2013-03-24","2013-03-24","2013-03-24","USD","0"
"Transport:Tram","2013-03-25","2013-03-25","2013-03-25","USD","0"
"Transport:Tram","2013-03-26","2013-03-26","2013-03-26","USD","0"
"Transport:Tram","2013-03-27","2013-03-27","2013-03-27","USD","0"
"Transport:Tram","2013-03-28","2013-03-28","2013-03-28","USD","0"
"Transport:Tram","2013-03-29","2013-03-29","2013-03-29","USD","0"
"Transport:Tram","2013-03-30","2013-03-30","2013-03-30","USD","0"
"Transport:Tram","2013-03-31","2013-03-31","2013-03-31","USD","0"
"Transport:Tram","2013-04-01","2013-04-01","2013-04-01","USD","0"
"Transport:Tram","2013-04-02","2013-04-02","2013-04-02","USD","0"
"Transport:Tram","2013-04-03","2013-04-03","2013-04-03","USD","0"
"Transport:Tram","2013-04-04","2013-04-04","2013-04-04","USD","0"
"Transport:Tram","2013-04-05","2013-04-05","2013-04-05","USD","0"
"Transport:Tram","2013-04-06","2013-04-06","2013-04-06","USD","0"
"Transport:Tram","2013-04-07","2013-04-07","2013-04-07","USD","0"
"Transport:Tram","2013-04-08","2013-04-08","2013-04-08","USD","0"
"Transport:Tram","2013-04-09","2013-04-09","2013-04-09","USD","0"
"Transport:Tram","2013-04-10","2013-04-10","2013-04-10","USD","120.00"
"Transport:Tram","2013-04-11","2013-04-11","2013-04-11","USD","0"
"Transport:Tram","2013-04-12","2013-04-12","2013-04-12","USD","0"
"Transport:Tram","2013-04-13","2013-04-13","2013-04-13","USD","0"
"Transport:Tram","2013-04-14","2013-04-14","2013-04-14","USD","0"
"Transport:Tram","2013-04-15","2013-04-15","2013-04-15","USD","0"
"Transport:Tram","2013-04-16","2013-04-16","2013-04-16","USD","0"
"Transport:Tram","2013-04-17","2013-04-17","2013-04-17","USD","0"
"Transport:Tram","2013-04-18","2013-04-18","2013-04-18","USD","0"
"Transport:Tram","2013-04-19","2013-04-19","2013-04-19","USD","0"
"Transport:Tram","2013-04-20","2013-04-20","2013-04-20","USD","0"
"Transport:Tram","2013-04-21","2013-04-21","2013-04-21","USD","0"
"Transport:Tram","2013-04-22","2013-04-22","2013-04-22","USD","0"
"Transport:Tram","2013-04-23","2013-04-23","2013-04-23","USD","0"
"Transport:Tram","2013-04-24","2013-04-24","2013-04-24","USD","0"
"Transport:Tram","2013-04-25","2013-04-25","2013-04-25","USD","0"
"Transport:Tram","2013-04-26","2013-04-26","2013-04-26","USD","0"
"Transport:Tram","2013-04-27","2013-04-27","2013-04-27","USD","0"
"Transport:Tram","2013-04-28","2013-04-28","2013-04-28","USD","0"
"Transport:Tram","2013-04-29","2013-04-29","2013-04-29","USD","0"
"Transport:Tram","2013-04-30","2013-04-30","2013-04-30","USD","0"
"Transport:Tram","2013-05-01","2013-05-01","2013-05-01","USD","0"
"Transport:Tram","2013-05-02","2013-05-02","2013-05-02","USD","0"
"Transport:Tram","2013-05-03","2013-05-03","2013-05-03","USD","0"
"Transport:Tram","2013-05-04","2013-05-04","2013-05-04","USD","0"
"Transport:Tram","2013-05-05","2013-05-05","2013-05-05","USD","0"
"Transport:Tram","2013-05-06","2013-05-06","2013-05-06","USD","0"
"Transport:Tram","2013-05-07","2013-05-07","2013-05-07","USD","0"
"Transport:Tram","2013-05-08","2013-05-08","2013-05-08","USD","0"
"Transport:Tram","2013-05-09","2013-05-09","2013-05-09","USD","0"
"Transport:Tram","2013-05-10","2013-05-10","2013-05-10","USD","0"
"Transport:Tram","2013-05-11","2013-05-11","2013-05-11","USD","0"
"Transport:Tram","2013-05-12","2013-05-12","2013-05-12","USD","0"
"Transport:Tram","2013-05-13","2013-05-13","2013-05-13","USD","120.00"
"Transport:Tram","2013-05-14","2013-05-14","2013-05-14","USD","0"
"Transport:Tram","2013-05-15","2013-05-15","2013-05-15","USD","0"
"Transport:Tram","2013-05-16","2013-05-16","2013-05-16","USD","0"
"Transport:Tram","2013-05-17","2013-05-17","2013-05-17","USD","0"
"Transport:Tram","2013-05-18","2013-05-18","2013-05-18","USD","0"
"Transport:Tram","2013-05-19","2013-05-19","2013-05-19","USD","0"
"Transport:Tram","2013-05-20","2013-05-20","2013-05-20","USD","0"
"Transport:Tram","2013-05-21","2013-05-21","2013-05-21","USD","0"
"Transport:Tram","2013-05-22","2013-05-22","2013-05-22","USD","0"
"Transport:Tram","2013-05-23","2013-05-23","2013-05-23","USD","0"
"Transport:Tram","2013-05-24","2013-05-24","2013-05-24","USD","0"
"Transport:Tram","2013-05-25","2013-05-25","2013-05-25","USD","0"
"Transport:Tram","2013-05-26","2013-05-26","2013-05-26","USD","0"
"Transport:Tram","2013-05-27","2013-05-27","2013-05-27","USD","0"
"Transport:Tram","2013-05-28","2013-05-28","2013-05-28","USD","0"
"Transport:Tram","2013-05-29","2013-05-29","2013-05-29","USD","0"
"Transport:Tram","2013-05-30","2013-05-30","2013-05-30","USD","0"
"Transport:Tram","2013-05-31","2013-05-31","2013-05-31","USD","0"
"Transport:Tram","2013-06-01","2013-06-01","2013-06-01","USD","0"
"Transport:Tram","2013-06-02","2013-06-02","2013-06-02","USD","0"
"Transport:Tram","2013-06-03","2013-06-03","2013-06-03","USD","0"
"Transport:Tram","2013-06-04","2013-06-04","2013-06-04","USD","0"
"Transport:Tram","2013-06-05","2013-06-05","2013-06-05","USD","0"
"Transport:Tram","2013-06-06","2013-06-06","2013-06-06","USD","0"
"Transport:Tram","2013-06-07","2013-06-07","2013-06-07","USD","0"
"Transport:Tram","2013-06-08","2013-06-08","2013-06-08","USD","0"
"Transport:Tram","2013-06-09","2013-06-09","2013-06-09","USD","120.00"
"Transport:Tram","2013-06-10","2013-06-10","2013-06-10","USD","0"
"Transport:Tram","2013-06-11","2013-06-11","2013-06-11","USD","0"
"Transport:Tram","2013-06-12","2013-06-12","2013-06-12","USD","0"
"Transport:Tram","2013-06-13","2013-06-13","2013-06-13","USD","0"
"Transport:Tram","2013-06-14","2013-06-14","2013-06-14","USD","0"
"Transport:Tram","2013-06-15","2013-06-15","2013-06-15","USD","0"
"Transport:Tram","2013-06-16","2013-06-16","2013-06-16","USD","0"
"Transport:Tram","2013-06-17","2013-06-17","2013-06-17","USD","0"
"Transport:Tram","2013-06-18","2013-06-18","2013-06-18","USD","0"
"Transport:Tram","2013-06-19","2013-06-19","2013-06-19","USD","0"
"Transport:Tram","2013-06-20","2013-06-20","2013-06-20","USD","0"
"Transport:Tram","2013-06-21","2013-06-21","2013-06-21","USD","0"
"Transport:Tram","2013-06-22","2013-06-22","2013-06-22","USD","0"
"Transport:Tram","2013-06-23","2013-06-23","2013-06-23","USD","0"
"Transport:Tram","2013-06-24","2013-06-24","2013-06-24","USD","0"
"Transport:Tram","2013-06-25","2013-06-25","2013-06-25","USD","0"
"Transport:Tram","2013-06-26","2013-06-26","2013-06-26","USD","0"
"Transport:Tram","2013-06-27","2013-06-27","2013-06-27","USD","0"
"Transport:Tram","2013-06-28","2013-06-28","2013-06-28","USD","0"
"Transport:Tram","2013-06-29","2013-06-29","2013-06-29","USD","0"
"Transport:Tram","2013-06-30","2013-06-30","2013-06-30","USD","0"
"Transport:Tram","2013-07-01","2013-07-01","2013-07-01","USD","0"
"Transport:Tram","2013-07-02","2013-07-02","2013-07-02","USD","0"
"Transport:Tram","2013-07-03","2013-07-03","2013-07-03","USD","0"
"Transport:Tram","2013-07-04","2013-07-04","2013-07-04","USD","0"
"Transport:Tram","2013-07-05","2013-07-05","2013-07-05","USD","0"
"Transport:Tram","2013-07-06","2013-07-06","2013-07-06","USD","0"
"Transport:Tram","2013-07-07","2013-07-07","2013-07-07","USD","0"
"Transport:Tram","2013-07-08","2013-07-08","2013-07-08","USD","0"
"Transport:Tram","2013-07-09","2013-07-09","2013-07-09","USD","0"
"Transport:Tram","2013-07-10","2013-07-10","2013-07-10","USD","0"
"Transport:Tram","2013-07-11","2013-07-11","2013-07-11","USD","0"
"Transport:Tram","2013-07-12","2013-07-12","2013-07-12","USD","0"
"Transport:Tram","2013-07-13","2013-07-13","2013-07-13","USD","0"
"Transport:Tram","2013-07-14","2013-07-14","2013-07-14","USD","0"
"Transport:Tram","2013-07-15","2013-07-15","2013-07-15","USD","0"
"Transport:Tram","2013-07-16","2013-07-16","2013-07-16","USD","0"
"Transport:Tram","2013-07-17","2013-07-17","2013-07-17","USD","0"
"Transport:Tram","2013-07-18","2013-07-18","2013-07-18","USD","0"
"Transport:Tram","2013-07-19","2013-07-19","2013-07-19","USD","0"
"Transport:Tram","2013-07-20","2013-07-20","2013-07-20","USD","0"
"Transport:Tram","2013-07-21","2013-07-21","2013-07-21","USD","0"
"Transport:Tram","2013-07-22","2013-07-22","2013-07-22","USD","0"
"Transport:Tram","2013-07-23","2013-07-23","2013-07-23","USD","0"
"Transport:Tram","2013-07-24","2013-07-24","2013-07-24","USD","0"
"Transport:Tram","2013-07-25","2013-07-25","2013-07-25","USD","0"
"Transport:Tram","2013-07-26","2013-07-26","2013-07-26","USD","0"
"Transport:Tram","2013-07-27","2013-07-27","2013-07-27","USD","0"
"Transport:Tram","2013-07-28","2013-07-28","2013-07-28","USD","0"
"Transport:Tram","2013-07-29","2013-07-29","2013-07-29","USD","0"
"Transport:Tram","2013-07-30","2013-07-30","2013-07-30","USD","0"
"Transport:Tram","2013-07-31","2013-07-31","2013-07-31","USD","0"
"Transport:Tram","2013-08-01","2013-08-01","2013-08-01","USD","0"
"Transport:Tram","2013-08-02","2013-08-02","2013-08-02","USD","0"
"Transport:Tram","2013-08-03","2013-08-03","2013-08-03","USD","0"
"Transport:Tram","2013-08-04","2013-08-04","2013-08-04","USD","0"
"Transport:Tram","2013-08-05","2013-08-05","2013-08-05","USD","0"
"Transport:Tram","2013-08-06","2013-08-06","2013-08-06","USD","0"
"Transport:Tram","2013-08-07","2013-08-07","2013-08-07","USD","0"
"Transport:Tram","2013-08-08","2013-08-08","2013-08-08","USD","0"
"Transport:Tram","2013-08-09","2013-08-09","2013-08-09","USD","0"
"Transport:Tram","2013-08-10","2013-08-10","2013-08-10","USD","0"
"Transport:Tram","2013-08-11","2013-08-11","2013-08-11","USD","0"
"Transport:Tram","2013-08-12","2013-08-12","2013-08-12","USD","0"
"Transport:Tram","2013-08-13","2013-08-13","2013-08-13","USD","120.00"
"Transport:Tram","2013-08-14","2013-08-14","2013-08-14","USD","0"
"Transport:Tram","2013-08-15","2013-08-15","2013-08-15","USD","0"
"Transport:Tram","2013-08-16","2013-08-16","2013-08-16","USD","0"
"Transport:Tram","2013-08-17","2013-08-17","2013-08-17","USD","0"
"Transport:Tram","2013-08-18","2013-08-18","2013-08-18","USD","0"
"Transport:Tram","2013-08-19","2013-08-19","2013-08-19","USD","0"
"Transport:Tram","2013-08-20","2013-08-20","2013-08-20","USD","0"
"Transport:Tram","2013-08-21","2013-08-21","2013-08-21","USD","0"
"Transport:Tram","2013-08-22","2013-08-22","2013-08-22","USD","0"
"Transport:Tram","2013-08-23","2013-08-23","2013-08-23","USD","0"
"Transport:Tram","2013-08-24","2013-08-24","2013-08-24","USD","0"
"Transport:Tram","2013-08-25","2013-08-25","2013-08-25","USD","0"
"Transport:Tram","2013-08-26","2013-08-26","2013-08-26","USD","0"
"Transport:Tram","2013-08-27","2013-08-27","2013-08-27","USD","0"
"Transport:Tram","2013-08-28","2013-08-28","2013-08-28","USD","0"
"Transport:Tram","2013-08-29","2013-08-29","2013-08-29","USD","0"
"Transport:Tram","2013-08-30","2013-08-30","2013-08-30","USD","0"
"Transport:Tram","2013-08-31","2013-08-31","2013-08-31","USD","0"
"Transport:Tram","2013-09-01","2013-09-01","2013-09-01","USD","0"
"Transport:Tram","2013-09-02","2013-09-02","2013-09-02","USD","0"
"Transport:Tram","2013-09-03","2013-09-03","2013-09-03","USD","0"
"Transport:Tram","2013-09-04","2013-09-04","2013-09-04","USD","0"
"Transport:Tram","2013-09-05","2013-09-05","2013-09-05","USD","0"
"Transport:Tram","2013-09-06","2013-09-06","2013-09-06","USD","0"
"Transport:Tram","2013-09-07","2013-09-07","2013-09-07","USD","0"
"Transport:Tram","2013-09-08","2013-09-08","2013-09-08","USD","0"
"Transport:Tram","2013-09-09","2013-09-09","2013-09-09","USD","0"
"Transport:Tram","2013-09-10","2013-09-10","2013-09-10","USD","0"
"Transport:Tram","2013-09-11","2013-09-11","2013-09-11","USD","0"
"Transport:Tram","2013-09-12","2013-09-12","2013-09-12","USD","120.00"
"Transport:Tram","2013-09-13","2013-09-13","2013-09-13","USD","0"
"Transport:Tram","2013-09-14","2013-09-14","2013-09-14","USD","0"
"Transport:Tram","2013-09-15","2013-09-15","2013-09-15","USD","0"
"Transport:Tram","2013-09-16","2013-09-16","2013-09-16","USD","0"
"Transport:Tram","2013-09-17","2013-09-17","2013-09-17","USD","0"
"Transport:Tram","2013-09-18","2013-09-18","2013-09-18","USD","0"
"Transport:Tram","2013-09-19","2013-09-19","2013-09-19","USD","0"
"Transport:Tram","2013-09-20","2013-09-20","2013-09-20","USD","0"
"Transport:Tram","2013-09-21","2013-09-21","2013-09-21","USD","0"
"Transport:Tram","2013-09-22","2013-09-22","2013-09-22","USD","0"
"Transport:Tram","2013-09-23","2013-09-23","2013-09-23","USD","0"
"Transport:Tram","2013-09-24","2013-09-24","2013-09-24","USD","0"
"Transport:Tram","2013-09-25","2013-09-25","2013-09-25","USD","0"
"Transport:Tram","2013-09-26","2013-09-26","2013-09-26","USD","0"
"Transport:Tram","2013-09-27","2013-09-27","2013-09-27","USD","0"
"Transport:Tram","2013-09-28","2013-09-28","2013-09-28","USD","0"
"Transport:Tram","2013-09-29","2013-09-29","2013-09-29","USD","0"
"Transport:Tram","2013-09-30","2013-09-30","2013-09-30","USD","0"
"Transport:Tram","2013-10-01","2013-10-01","2013-10-01","USD","0"
"Transport:Tram","2013-10-02","2013-10-02","2013-10-02","USD","0"
"Transport:Tram","2013-10-03","2013-10-03","2013-10-03","USD","0"
"Transport:Tram","2013-10-04","2013-10-04","2013-10-04","USD","0"
"Transport:Tram","2013-10-05","2013-10-05","2013-10-05","USD","0"
"Transport:Tram","2013-10-06","2013-10-06","2013-10-06","USD","0"
"Transport:Tram","2013-10-07","2013-10-07","2013-10-07","USD","0"
"Transport:Tram","2013-10-08","2013-10-08","2013-10-08","USD","0"
"Transport:Tram","2013-10-09","2013-10-09","2013-10-09","USD","0"
"Transport:Tram","2013-10-10","2013-10-10","2013-10-10","USD","0"
"Transport:Tram","2013-10-11","2013-10-11","2013-10-11","USD","0"
"Transport:Tram","2013-10-12","2013-10-12","2013-10-12","USD","120.00"
"Transport:Tram","2013-10-13","2013-10-13","2013-10-13","USD","0"
"Transport:Tram","2013-10-14","2013-10-14","2013-10-14","USD","0"
"Transport:Tram","2013-10-15","2013-10-15","2013-10-15","USD","0"
"Transport:Tram","2013-10-16","2013-10-16","2013-10-16","USD","0"
"Transport:Tram","2013-10-17","2013-10-17","2013-10-17","USD","0"
"Transport:Tram","2013-10-18","2013-10-18","2013-10-18","USD","0"
"Transport:Tram","2013-10-19","2013-10-19","2013-10-19","USD","0"
"Transport:Tram","2013-10-20","2013-10-20","2013-10-20","USD","0"
"Transport:Tram","2013-10-21","2013-10-21","2013-10-21","USD","0"
"Transport:Tram","2013-10-22","2013-10-22","2013-10-22","USD","0"
"Transport:Tram","2013-10-23","2013-10-23","2013-10-23","USD","0"
"Transport:Tram","2013-10-24","2013-10-24","2013-10-24","USD","0"
"Transport:Tram","2013-10-25","2013-10-25","2013-10-25","USD","0"
"Transport:Tram","2013-10-26","2013-10-26","2013-10-26","USD","0"
"Transport:Tram","2013-10-27","2013-10-27","2013-10-27","USD","0"
"Transport:Tram","2013-10-28","2013-10-28","2013-10-28","USD","0"
"Transport:Tram","2013-10-29","2013-10-29","2013-10-29","USD","0"
"Transport:Tram","2013-10-30","2013-10-30","2013-10-30","USD","0"
"Transport:Tram","2013-10-31","2013-10-31","2013-10-31","USD","0"
"Transport:Tram","2013-11-01","2013-11-01","2013-11-01","USD","0"
"Transport:Tram","2013-11-02","2013-11-02","2013-11-02","USD","0"
"Transport:Tram","2013-11-03","2013-11-03","2013-11-03","USD","0"
"Transport:Tram","2013-11-04","2013-11-04","2013-11-04","USD","0"
"Transport:Tram","2013-11-05","2013-11-05","2013-11-05","USD","0"
"Transport:Tram","2013-11-06","2013-11-06","2013-11-06","USD","0"
"Transport:Tram","2013-11-07","2013-11-07","2013-11-07","USD","0"
"Transport:Tram","2013-11-08","2013-11-08","2013-11-08","USD","0"
"Transport:Tram","2013-11-09","2013-11-09","2013-11-09","USD","0"
"Transport:Tram","2013-11-10","2013-11-10","2013-11-10","USD","0"
"Transport:Tram","2013-11-11","2013-11-11","2013-11-11","USD","120.00"
"Transport:Tram","2013-11-12","2013-11-12","2013-11-12","USD","0"
"Transport:Tram","2013-11-13","2013-11-13","2013-11-13","USD","0"
"Transport:Tram","2013-11-14","2013-11-14","2013-11-14","USD","0"
"Transport:Tram","2013-11-15","2013-11-15","2013-11-15","USD","0"
"Transport:Tram","2013-11-16","2013-11-16","2013-11-16","USD","0"
"Transport:Tram","2013-11-17","2013-11-17","2013-11-17","USD","0"
"Transport:Tram","2013-11-18","2013-11-18","2013-11-18","USD","0"
"Transport:Tram","2013-11-19","2013-11-19","2013-11-19","USD","0"
"Transport:Tram","2013-11-20","2013-11-20","2013-11-20","USD","0"
"Transport:Tram","2013-11-21","2013-11-21","2013-11-21","USD","0"
"Transport:Tram","2013-11-22","2013-11-22","2013-11-22","USD","0"
"Transport:Tram","2013-11-23","2013-11-23","2013-11-23","USD","0"
"Transport:Tram","2013-11-24","2013-11-24","2013-11-24","USD","0"
"Transport:Tram","2013-11-25","2013-11-25","2013-11-25","USD","0"
"Transport:Tram","2013-11-26","2013-11-26","2013-11-26","USD","0"
"Transport:Tram","2013-11-27","2013-11-27","2013-11-27","USD","0"
"Transport:Tram","2013-11-28","2013-11-28","2013-11-28","USD","0"
"Transport:Tram","2013-11-29","2013-11-29","2013-11-29","USD","0"
"Transport:Tram","2013-11-30","2013-11-30","2013-11-30","USD","0"
"Transport:Tram","2013-12-01","2013-12-01","2013-12-01","USD","0"
"Transport:Tram","2013-12-02","2013-12-02","2013-12-02","USD","0"
"Transport:Tram","2013-12-03","2013-12-03","2013-12-03","USD","0"
"Transport:Tram","2013-12-04","2013-12-04","2013-12-04","USD","0"
"Transport:Tram","2013-12-05","2013-12-05","2013-12-05","USD","0"
"Transport:Tram","2013-12-06","2013-12-06","2013-12-06","USD","0"
"Transport:Tram","2013-12-07","2013-12-07","2013-12-07","USD","0"
"Transport:Tram","2013-12-08","2013-12-08","2013-12-08","USD","0"
"Transport:Tram","2013-12-09","2013-12-09","2013-12-09","USD","0"
"Transport:Tram","2013-12-10","2013-12-10","2013-12-10","USD","0"
"Transport:Tram","2013-12-11","2013-12-11","2013-12-11","USD","0"
"Transport:Tram","2013-12-12","2013-12-12","2013-12-12","USD","0"
"Transport:Tram","2013-12-13","2013-12-13","2013-12-13","USD","120.00"
"Transport:Tram","2013-12-14","2013-12-14","2013-12-14","USD","0"
"Transport:Tram","2013-12-15","2013-12-15","2013-12-15","USD","0"
"Transport:Tram","2013-12-16","2013-12-16","2013-12-16","USD","0"
"Transport:Tram","2013-12-17","2013-12-17","2013-12-17","USD","0"
"Transport:Tram","2013-12-18","2013-12-18","2013-12-18","USD","0"
"Transport:Tram","2013-12-19","2013-12-19","2013-12-19","USD","0"
"Transport:Tram","2013-12-20","2013-12-20","2013-12-20","USD","0"
"Transport:Tram","2013-12-21","2013-12-21","2013-12-21","USD","0"
"Transport:Tram","2013-12-22","2013-12-22","2013-12-22","USD","0"
"Transport:Tram","2013-12-23","2013-12-23","2013-12-23","USD","0"
"Transport:Tram","2013-12-24","2013-12-24","2013-12-24","USD","0"
"Transport:Tram","2013-12-25","2013-12-25","2013-12-25","USD","0"
"Transport:Tram","2013-12-26","2013-12-26","2013-12-26","USD","0"
"Transport:Tram","2013-12-27","2013-12-27","2013-12-27","USD","0"
"Transport:Tram","2013-12-28","2013-12-28","2013-12-28","USD","0"
"Transport:Tram","2013-12-29","2013-12-29","2013-12-29","USD","0"
"Transport:Tram","2013-12-30","2013-12-30","2013-12-30","USD","0"
"Transport:Tram","2013-12-31","2013-12-31","2013-12-31","USD","0"
"Transport:Tram","2014-01-01","2014-01-01","2014-01-01","USD","0"
"Transport:Tram","2014-01-02","2014-01-02","2014-01-02","USD","0"
"Transport:Tram","2014-01-03","2014-01-03","2014-01-03","USD","0"
"Transport:Tram","2014-01-04","2014-01-04","2014-01-04","USD","0"
"Transport:Tram","2014-01-05","2014-01-05","2014-01-05","USD","0"
"Transport:Tram","2014-01-06","2014-01-06","2014-01-06","USD","0"
"Transport:Tram","2014-01-07","2014-01-07","2014-01-07","USD","0"
"Transport:Tram","2014-01-08","2014-01-08","2014-01-08","USD","0"
"Transport:Tram","2014-01-09","2014-01-09","2014-01-09","USD","0"
"Transport:Tram","2014-01-10","2014-01-10","2014-01-10","USD","120.00"
"Transport:Tram","2014-01-11","2014-01-11","2014-01-11","USD","0"
"Transport:Tram","2014-01-12","2014-01-12","2014-01-12","USD","0"
"Transport:Tram","2014-01-13","2014-01-13","2014-01-13","USD","0"
"Transport:Tram","2014-01-14","2014-01-14","2014-01-14","USD","0"
"Transport:Tram","2014-01-15","2014-01-15","2014-01-15","USD","0"
"Transport:Tram","2014-01-16","2014-01-16","2014-01-16","USD","0"
"Transport:Tram","2014-01-17","2014-01-17","2014-01-17","USD","0"
"Transport:Tram","2014-01-18","2014-01-18","2014-01-18","USD","0"
"Transport:Tram","2014-01-19","2014-01-19","2014-01-19","USD","0"
"Transport:Tram","2014-01-20","2014-01-20","2014-01-20","USD","0"
"Transport:Tram","2014-01-21","2014-01-21","2014-01-21","USD","0"
"Transport:Tram","2014-01-22","2014-01-22","2014-01-22","USD","0"
"Transport:Tram","2014-01-23","2014-01-23","2014-01-23","USD","0"
"Transport:Tram","2014-01-24","2014-01-24","2014-01-24","USD","0"
"Transport:Tram","2014-01-25","2014-01-25","2014-01-25","USD","0"
"Transport:Tram","2014-01-26","2014-01-26","2014-01-26","USD","0"
"Transport:Tram","2014-01-27","2014-01-27","2014-01-27","USD","0"
"Transport:Tram","2014-01-28","2014-01-28","2014-01-28","USD","0"
"Transport:Tram","2014-01-29","2014-01-29","2014-01-29","USD","0"
"Transport:Tram","2014-01-30","2014-01-30","2014-01-30","USD","0"
"Transport:Tram","2014-01-31","2014-01-31","2014-01-31","USD","0"
"Transport:Tram","2014-02-01","2014-02-01","2014-02-01","USD","0"
"Transport:Tram","2014-02-02","2014-02-02","2014-02-02","USD","0"
"Transport:Tram","2014-02-03","2014-02-03","2014-02-03","USD","0"
"Transport:Tram","2014-02-04","2014-02-04","2014-02-04","USD","0"
"Transport:Tram","2014-02-05","2014-02-05","2014-02-05","USD","0"
"Transport:Tram","2014-02-06","2014-02-06","2014-02-06","USD","120.00"
"Transport:Tram","2014-02-07","2014-02-07","2014-02-07","USD","0"
"Transport:Tram","2014-02-08","2014-02-08","2014-02-08","USD","0"
"Transport:Tram","2014-02-09","2014-02-09","2014-02-09","USD","0"
"Transport:Tram","2014-02-10","2014-02-10","2014-02-10","USD","0"
"Transport:Tram","2014-02-11","2014-02-11","2014-02-11","USD","0"
"Transport:Tram","2014-02-12","2014-02-12","2014-02-12","USD","0"
"Transport:Tram","2014-02-13","2014-02-13","2014-02-13","USD","0"
"Transport:Tram","2014-02-14","2014-02-14","2014-02-14","USD","0"
"Transport:Tram","2014-02-15","2014-02-15","2014-02-15","USD","0"
"Transport:Tram","2014-02-16","2014-02-16","2014-02-16","USD","0"
"Transport:Tram","2014-02-17","2014-02-17","2014-02-17","USD","0"
"Transport:Tram","2014-02-18","2014-02-18","2014-02-18","USD","0"
"Transport:Tram","2014-02-19","2014-02-19","2014-02-19","USD","0"
"Transport:Tram","2014-02-20","2014-02-20","2014-02-20","USD","0"
"Transport:Tram","2014-02-21","2014-02-21","2014-02-21","USD","0"
"Transport:Tram","2014-02-22","2014-02-22","2014-02-22","USD","0"
"Transport:Tram","2014-02-23","2014-02-23","2014-02-23","USD","0"
"Transport:Tram","2014-02-24","2014-02-24","2014-02-24","USD","0"
"Transport:Tram","2014-02-25","2014-02-25","2014-02-25","USD","0"
"Transport:Tram","2014-02-26","2014-02-26","2014-02-26","USD","0"
"Transport:Tram","2014-02-27","2014-02-27","2014-02-27","USD","0"
"Transport:Tram","2014-02-28","2014-02-28","2014-02-28","USD","0"
"Transport:Tram","2014-03-01","2014-03-01","2014-03-01","USD","0"
"Transport:Tram","2014-03-02","2014-03-02","2014-03-02","USD","0"
"Transport:Tram","2014-03-03","2014-03-03","2014-03-03","USD","0"
"Transport:Tram","2014-03-04","2014-03-04","2014-03-04","USD","0"
"Transport:Tram","2014-03-05","2014-03-05","2014-03-05","USD","0"
"Transport:Tram","2014-03-06","2014-03-06","2014-03-06","USD","0"
"Transport:Tram","2014-03-07","2014-03-07","2014-03-07","USD","0"
"Transport:Tram","2014-03-08","2014-03-08","2014-03-08","USD","120.00"
"Transport:Tram","2014-03-09","2014-03-09","2014-03-09","USD","0"
"Transport:Tram","2014-03-10","2014-03-10","2014-03-10","USD","0"
"Transport:Tram","2014-03-11","2014-03-11","2014-03-11","USD","0"
"Transport:Tram","2014-03-12","2014-03-12","2014-03-12","USD","0"
"Transport:Tram","2014-03-13","2014-03-13","2014-03-13","USD","0"
"Transport:Tram","2014-03-14","2014-03-14","2014-03-14","USD","0"
"Transport:Tram","2014-03-15","2014-03-15","2014-03-15","USD","0"
"Transport:Tram","2014-03-16","2014-03-16","2014-03-16","USD","0"
"Transport:Tram","2014-03-17","2014-03-17","2014-03-17","USD","0"
"Transport:Tram","2014-03-18","2014-03-18","2014-03-18","USD","0"
"Transport:Tram","2014-03-19","2014-03-19","2014-03-19","USD","0"
"Transport:Tram","2014-03-20","2014-03-20","2014-03-20","USD","0"
"Transport:Tram","2014-03-21","2014-03-21","2014-03-21","USD","0"
"Transport:Tram","2014-03-22","2014-03-22","2014-03-22","USD","0"
"Transport:Tram","2014-03-23","2014-03-23","2014-03-23","USD","0"
"Transport:Tram","2014-03-24","2014-03-24","2014-03-24","USD","0"
"Transport:Tram","2014-03-25","2014-03-25","2014-03-25","USD","0"
"Transport:Tram","2014-03-26","2014-03-26","2014-03-26","USD","0"
"Transport:Tram","2014-03-27","2014-03-27","2014-03-27","USD","0"
"Transport:Tram","2014-03-28","2014-03-28","2014-03-28","USD","0"
"Transport:Tram","2014-03-29","2014-03-29","2014-03-29","USD","0"
"Transport:Tram","2014-03-30","2014-03-30","2014-03-30","USD","0"
"Transport:Tram","2014-03-31","2014-03-31","2014-03-31","USD","0"
"Transport:Tram","2014-04-01","2014-04-01","2014-04-01","USD","0"
"Transport:Tram","2014-04-02","2014-04-02","2014-04-02","USD","0"
"Transport:Tram","2014-04-03","2014-04-03","2014-04-03","USD","0"
"Transport:Tram","2014-04-04","2014-04-04","2014-04-04","USD","0"
"Transport:Tram","2014-04-05","2014-04-05","2014-04-05","USD","0"
"Transport:Tram","2014-04-06","2014-04-06","2014-04-06","USD","0"
"Transport:Tram","2014-04-07","2014-04-07","2014-04-07","USD","0"
"Transport:Tram","2014-04-08","2014-04-08","2014-04-08","USD","0"
"Transport:Tram","2014-04-09","2014-04-09","2014-04-09","USD","0"
"Transport:Tram","2014-04-10","2014-04-10","2014-04-10","USD","120.00"
"Transport:Tram","2014-04-11","2014-04-11","2014-04-11","USD","0"
"Transport:Tram","2014-04-12","2014-04-12","2014-04-12","USD","0"
"Transport:Tram","2014-04-13","2014-04-13","2014-04-13","USD","0"
"Transport:Tram","2014-04-14","2014-04-14","2014-04-14","USD","0"
"Transport:Tram","2014-04-15","2014-04-15","2014-04-15","USD","0"
"Transport:Tram","2014-04-16","2014-04-16","2014-04-16","USD","0"
"Transport:Tram","2014-04-17","2014-04-17","2014-04-17","USD","0"
"Transport:Tram","2014-04-18","2014-04-18","2014-04-18","USD","0"
"Transport:Tram","2014-04-19","2014-04-19","2014-04-19","USD","0"
"Transport:Tram","2014-04-20","2014-04-20","2014-04-20","USD","0"
"Transport:Tram","2014-04-21","2014-04-21","2014-04-21","USD","0"
"Transport:Tram","2014-04-22","2014-04-22","2014-04-22","USD","0"
"Transport:Tram","2014-04-23","2014-04-23","2014-04-23","USD","0"
"Transport:Tram","2014-04-24","2014-04-24","2014-04-24","USD","0"
"Transport:Tram","2014-04-25","2014-04-25","2014-04-25","USD","0"
"Transport:Tram","2014-04-26","2014-04-26","2014-04-26","USD","0"
"Transport:Tram","2014-04-27","2014-04-27","2014-04-27","USD","0"
"Transport:Tram","2014-04-28","2014-04-28","2014-04-28","USD","0"
"Transport:Tram","2014-04-29","2014-04-29","2014-04-29","USD","0"
"Transport:Tram","2014-04-30","2014-04-30","2014-04-30","USD","0"
"Transport:Tram","2014-05-01","2014-05-01","2014-05-01","USD","0"
"Transport:Tram","2014-05-02","2014-05-02","2014-05-02","USD","0"
"Transport:Tram","2014-05-03","2014-05-03","2014-05-03","USD","0"
"Transport:Tram","2014-05-04","2014-05-04","2014-05-04","USD","0"
"Transport:Tram","2014-05-05","2014-05-05","2014-05-05","USD","0"
"Transport:Tram","2014-05-06","2014-05-06","2014-05-06","USD","0"
"Transport:Tram","2014-05-07","2014-05-07","2014-05-07","USD","0"
"Transport:Tram","2014-05-08","2014-05-08","2014-05-08","USD","0"
"Transport:Tram","2014-05-09","2014-05-09","2014-05-09","USD","120.00"
"Transport:Tram","2014-05-10","2014-05-10","2014-05-10","USD","0"
"Transport:Tram","2014-05-11","2014-05-11","2014-05-11","USD","0"
"Transport:Tram","2014-05-12","2014-05-12","2014-05-12","USD","0"
"Transport:Tram","2014-05-13","2014-05-13","2014-05-13","USD","0"
"Transport:Tram","2014-05-14","2014-05-14","2014-05-14","USD","0"
"Transport:Tram","2014-05-15","2014-05-15","2014-05-15","USD","0"
"Transport:Tram","2014-05-16","2014-05-16","2014-05-16","USD","0"
"Transport:Tram","2014-05-17","2014-05-17","2014-05-17","USD","0"
"Transport:Tram","2014-05-18","2014-05-18","2014-05-18","USD","0"
"Transport:Tram","2014-05-19","2014-05-19","2014-05-19","USD","0"
"Transport:Tram","2014-05-20","2014-05-20","2014-05-20","USD","0"
"Transport:Tram","2014-05-21","2014-05-21","2014-05-21","USD","0"
"Transport:Tram","2014-05-22","2014-05-22","2014-05-22","USD","0"
"Transport:Tram","2014-05-23","2014-05-23","2014-05-23","USD","0"
"Transport:Tram","2014-05-24","2014-05-24","2014-05-24","USD","0"
"Transport:Tram","2014-05-25","2014-05-25","2014-05-25","USD","0"
"Transport:Tram","2014-05-26","2014-05-26","2014-05-26","USD","0"
"Transport:Tram","2014-05-27","2014-05-27","2014-05-27","USD","0"
"Transport:Tram","2014-05-28","2014-05-28","2014-05-28","USD","0"
"Transport:Tram","2014-05-29","2014-05-29","2014-05-29","USD","0"
"Transport:Tram","2014-05-30","2014-05-30","2014-05-30","USD","0"
"Transport:Tram","2014-05-31","2014-05-31","2014-05-31","USD","0"
"Transport:Tram","2014-06-01","2014-06-01","2014-06-01","USD","0"
"Transport:Tram","2014-06-02","2014-06-02","2014-06-02","USD","0"
"Transport:Tram","2014-06-03","2014-06-03","2014-06-03","USD","0"
"Transport:Tram","2014-06-04","2014-06-04","2014-06-04","USD","0"
"Transport:Tram","2014-06-05","2014-06-05","2014-06-05","USD","0"
"Transport:Tram","2014-06-06","2014-06-06","2014-06-06","USD","0"
"Transport:Tram","2014-06-07","2014-06-07","2014-06-07","USD","0"
"Transport:Tram","2014-06-08","2014-06-08","2014-06-08","USD","120.00"
"Transport:Tram","2014-06-09","2014-06-09","2014-06-09","USD","0"
"Transport:Tram","2014-06-10","2014-06-10","2014-06-10","USD","0"
"Transport:Tram","2014-06-11","2014-06-11","2014-06-11","USD","0"
"Transport:Tram","2014-06-12","2014-06-12","2014-06-12","USD","0"
"Transport:Tram","2014-06-13","2014-06-13","2014-06-13","USD","0"
"Transport:Tram","2014-06-14","2014-06-14","2014-06-14","USD","0"
"Transport:Tram","2014-06-15","2014-06-15","2014-06-15","USD","0"
"Transport:Tram","2014-06-16","2014-06-16","2014-06-16","USD","0"
"Transport:Tram","2014-06-17","2014-06-17","2014-06-17","USD","0"
"Transport:Tram","2014-06-18","2014-06-18","2014-06-18","USD","0"
"Transport:Tram","2014-06-19","2014-06-19","2014-06-19","USD","0"
"Transport:Tram","2014-06-20","2014-06-20","2014-06-20","USD","0"
"Transport:Tram","2014-06-21","2014-06-21","2014-06-21","USD","0"
"Transport:Tram","2014-06-22","2014-06-22","2014-06-22","USD","0"
"Transport:Tram","2014-06-23","2014-06-23","2014-06-23","USD","0"
"Transport:Tram","2014-06-24","2014-06-24","2014-06-24","USD","0"
"Transport:Tram","2014-06-25","2014-06-25","2014-06-25","USD","0"
"Transport:Tram","2014-06-26","2014-06-26","2014-06-26","USD","0"
"Transport:Tram","2014-06-27","2014-06-27","2014-06-27","USD","0"
"Transport:Tram","2014-06-28","2014-06-28","2014-06-28","USD","0"
"Transport:Tram","2014-06-29","2014-06-29","2014-06-29","USD","0"
"Transport:Tram","2014-06-30","2014-06-30","2014-06-30","USD","0"
"Transport:Tram","2014-07-01","2014-07-01","2014-07-01","USD","0"
"Transport:Tram","2014-07-02","2014-07-02","2014-07-02","USD","0"
"Transport:Tram","2014-07-03","2014-07-03","2014-07-03","USD","0"
"Transport:Tram","2014-07-04","2014-07-04","2014-07-04","USD","0"
"Transport:Tram","2014-07-05","2014-07-05","2014-07-05","USD","0"
"Transport:Tram","2014-07-06","2014-07-06","2014-07-06","USD","0"
"Transport:Tram","2014-07-07","2014-07-07","2014-07-07","USD","0"
"Transport:Tram","2014-07-08","2014-07-08","2014-07-08","USD","0"
"Transport:Tram","2014-07-09","2014-07-09","2014-07-09","USD","0"
"Transport:Tram","2014-07-10","2014-07-10","2014-07-10","USD","0"
"Transport:Tram","2014-07-11","2014-07-11","2014-07-11","USD","0"
"Transport:Tram","2014-07-12","2014-07-12","2014-07-12","USD","0"
"Transport:Tram","2014-07-13","2014-07-13","2014-07-13","USD","0"
"Transport:Tram","2014-07-14","2014-07-14","2014-07-14","USD","0"
"Transport:Tram","2014-07-15","2014-07-15","2014-07-15","USD","0"
"Transport:Tram","2014-07-16","2014-07-16","2014-07-16","USD","0"
"Transport:Tram","2014-07-17","2014-07-17","2014-07-17","USD","0"
"Transport:Tram","2014-07-18","2014-07-18","2014-07-18","USD","0"
"Transport:Tram","2014-07-19","2014-07-19","2014-07-19","USD","0"
"Transport:Tram","2014-07-20","2014-07-20","2014-07-20","USD","0"
"Transport:Tram","2014-07-21","2014-07-21","2014-07-21","USD","0"
"Transport:Tram","2014-07-22","2014-07-22","2014-07-22","USD","0"
"Transport:Tram","2014-07-23","2014-07-23","2014-07-23","USD","0"
"Transport:Tram","2014-07-24","2014-07-24","2014-07-24","USD","0"
"Transport:Tram","2014-07-25","2014-07-25","2014-07-25","USD","0"
"Transport:Tram","2014-07-26","2014-07-26","2014-07-26","USD","0"
"Transport:Tram","2014-07-27","2014-07-27","2014-07-27","USD","0"
"Transport:Tram","2014-07-28","2014-07-28","2014-07-28","USD","0"
"Transport:Tram","2014-07-29","2014-07-29","2014-07-29","USD","0"
"Transport:Tram","2014-07-30","2014-07-30","2014-07-30","USD","0"
"Transport:Tram","2014-07-31","2014-07-31","2014-07-31","USD","0"
"Transport:Tram","2014-08-01","2014-08-01","2014-08-01","USD","0"
"Transport:Tram","2014-08-02","2014-08-02","2014-08-02","USD","0"
"Transport:Tram","2014-08-03","2014-08-03","2014-08-03","USD","0"
"Transport:Tram","2014-08-04","2014-08-04","2014-08-04","USD","0"
"Transport:Tram","2014-08-05","2014-08-05","2014-08-05","USD","0"
"Transport:Tram","2014-08-06","2014-08-06","2014-08-06","USD","0"
"Transport:Tram","2014-08-07","2014-08-07","2014-08-07","USD","0"
"Transport:Tram","2014-08-08","2014-08-08","2014-08-08","USD","0"
"Transport:Tram","2014-08-09","2014-08-09","2014-08-09","USD","120.00"
"Transport:Tram","2014-08-10","2014-08-10","2014-08-10","USD","0"
"Transport:Tram","2014-08-11","2014-08-11","2014-08-11","USD","0"
"Transport:Tram","2014-08-12","2014-08-12","2014-08-12","USD","0"
"Transport:Tram","2014-08-13","2014-08-13","2014-08-13","USD","0"
"Transport:Tram","2014-08-14","2014-08-14","2014-08-14","USD","0"
"Transport:Tram","2014-08-15","2014-08-15","2014-08-15","USD","0"
"Transport:Tram","2014-08-16","2014-08-16","2014-08-16","USD","0"
"Transport:Tram","2014-08-17","2014-08-17","2014-08-17","USD","0"
"Transport:Tram","2014-08-18","2014-08-18","2014-08-18","USD","0"
"Transport:Tram","2014-08-19","2014-08-19","2014-08-19","USD","0"
"Transport:Tram","2014-08-20","2014-08-20","2014-08-20","USD","0"
"Transport:Tram","2014-08-21","2014-08-21","2014-08-21","USD","0"
"Transport:Tram","2014-08-22","2014-08-22","2014-08-22","USD","0"
"Transport:Tram","2014-08-23","2014-08-23","2014-08-23","USD","0"
"Transport:Tram","2014-08-24","2014-08-24","2014-08-24","USD","0"
"Transport:Tram","2014-08-25","2014-08-25","2014-08-25","USD","0"
"Transport:Tram","2014-08-26","2014-08-26","2014-08-26","USD","0"
"Transport:Tram","2014-08-27","2014-08-27","2014-08-27","USD","0"
"Transport:Tram","2014-08-28","2014-08-28","2014-08-28","USD","0"
"Transport:Tram","2014-08-29","2014-08-29","2014-08-29","USD","0"
"Transport:Tram","2014-08-30","2014-08-30","2014-08-30","USD","0"
"Transport:Tram","2014-08-31","2014-08-31","2014-08-31","USD","0"
"Transport:Tram","2014-09-01","2014-09-01","2014-09-01","USD","0"
"Transport:Tram","2014-09-02","2014-09-02","2014-09-02","USD","0"
"Transport:Tram","2014-09-03","2014-09-03","2014-09-03","USD","0"
"Transport:Tram","2014-09-04","2014-09-04","2014-09-04","USD","0"
"Transport:Tram","2014-09-05","2014-09-05","2014-09-05","USD","0"
"Transport:Tram","2014-09-06","2014-09-06","2014-09-06","USD","0"
"Transport:Tram","2014-09-07","2014-09-07","2014-09-07","USD","0"
"Transport:Tram","2014-09-08","2014-09-08","2014-09-08","USD","120.00"
"Transport:Tram","2014-09-09","2014-09-09","2014-09-09","USD","0"
"Transport:Tram","2014-09-10","2014-09-10","2014-09-10","USD","0"
"Transport:Tram","2014-09-11","2014-09-11","2014-09-11","USD","0"
"Transport:Tram","2014-09-12","2014-09-12","2014-09-12","USD","0"
"Transport:Tram","2014-09-13","2014-09-13","2014-09-13","USD","0"
"Transport:Tram","2014-09-14","2014-09-14","2014-09-14","USD","0"
"Transport:Tram","2014-09-15","2014-09-15","2014-09-15","USD","0"
"Transport:Tram","2014-09-16","2014-09-16","2014-09-16","USD","0"
"Transport:Tram","2014-09-17","2014-09-17","2014-09-17","USD","0"
"Transport:Tram","2014-09-18","2014-09-18","2014-09-18","USD","0"
"Transport:Tram","2014-09-19","2014-09-19","2014-09-19","USD","0"
"Transport:Tram","2014-09-20","2014-09-20","2014-09-20","USD","0"
"Transport:Tram","2014-09-21","2014-09-21","2014-09-21","USD","0"
"Transport:Tram","2014-09-22","2014-09-22","2014-09-22","USD","0"
"Transport:Tram","2014-09-23","2014-09-23","2014-09-23","USD","0"
"Transport:Tram","2014-09-24","2014-09-24","2014-09-24","USD","0"
"Transport:Tram","2014-09-25","2014-09-25","2014-09-25","USD","0"
"Transport:Tram","2014-09-26","2014-09-26","2014-09-26","USD","0"
"Transport:Tram","2014-09-27","2014-09-27","2014-09-27","USD","0"
"Transport:Tram","2014-09-28","2014-09-28","2014-09-28","USD","0"
"Transport:Tram","2014-09-29","2014-09-29","2014-09-29","USD","0"
"Transport:Tram","2014-09-30","2014-09-30","2014-09-30","USD","0"
"Transport:Tram","2014-10-01","2014-10-01","2014-10-01","USD","0"
"Transport:Tram","2014-10-02","2014-10-02","2014-10-02","USD","0"
"Transport:Tram","2014-10-03","2014-10-03","2014-10-03","USD","0"
"Transport:Tram","2014-10-04","2014-10-04","2014-10-04","USD","0"
"Transport:Tram","2014-10-05","2014-10-05","2014-10-05","USD","0"
"Transport:Tram","2014-10-06","2014-10-06","2014-10-06","USD","0"
"Transport:Tram","2014-10-07","2014-10-07","2014-10-07","USD","0"
"Transport:Tram","2014-10-08","2014-10-08","2014-10-08","USD","120.00"
"Transport:Tram","2014-10-09","2014-10-09","2014-10-09","USD","0"
"Transport:Tram","2014-10-10","2014-10-10","2014-10-10","USD","0"
"Transport:Tram","2014-10-11","2014-10-11","2014-10-11","USD","0"
